==========================================================================================
  STRUCTURAL PARAMETER SWEEP — TOP 100 RESULTS
  Train  : 2008-01-01 → 2015-12-31
  OOS    : 2016-01-01 → 2026-05-29  (top 50 combos validated)
  Fixed  : W12=0.5 W6=0.4 W3=0.3 WV=0.0  L12=280 L6=140 L3=80 skip=25
  Generated : 2026-05-30 11:23:49
  Runtime   : 0.8 min  |  Combinations: 4,320
  Ranking   : Sharpe × Calmar
==========================================================================================

 Rk    N Sec Buf  Cut   DMAx  Rgm   MinP  MinV  |    CAGR%  Sharpe   Sort  MaxDD%  Calmar  Win%   Trd    Score
  ------------------------------------------------------------------------------------------------------------
  1    8   2   8   16    250  150      0     0  |    38.9%   1.662  2.656  -15.6%   2.491  50.5%   972   4.1406
  2    8   2   8   16    150  150      0     0  |    38.4%   1.642  2.620  -16.3%   2.350  51.6%  1018   3.8582
  3    8   2   8   16    200  150      0     0  |    38.4%   1.645  2.610  -16.7%   2.292  50.5%   990   3.7698
  4    8   2  13   21    200  150      0     0  |    36.5%   1.576  2.429  -15.8%   2.311  52.7%   941   3.6425
  5    8   2  18   26    200  150      0     0  |    35.2%   1.547  2.396  -15.4%   2.277  52.7%   918   3.5232
  6    8   2  13   21    150  150      0     0  |    36.4%   1.558  2.457  -16.5%   2.212  51.6%   978   3.4469
  7    8   2  13   21    250  150      0     0  |    36.4%   1.556  2.446  -17.0%   2.139  52.7%   948   3.3279
  8    8   2  18   26    250  150      0     0  |    35.7%   1.546  2.438  -16.7%   2.140  52.7%   913   3.3095
  9   12   2   8   20    200  150      0     0  |    35.7%   1.610  2.421  -18.1%   1.965  52.7%  1682   3.1628
 10   12   2   8   20    250  150      0     0  |    35.5%   1.600  2.407  -18.0%   1.974  53.8%  1657   3.1589
 11    8   2  23   31    250  150      0     0  |    33.6%   1.450  2.263  -15.5%   2.166  52.7%   898   3.1403
 12    8   2  18   26    150  150      0     0  |    34.8%   1.501  2.364  -17.2%   2.017  51.6%   953   3.0283
 13    8   2   8   16    150  200      0     0  |    36.1%   1.452  2.122  -17.4%   2.075  48.4%   907   3.0123
 14   12   2  13   25    150  150      0     0  |    35.1%   1.591  2.382  -18.7%   1.879  54.9%  1576   2.9897
 15   12   2   8   20    150  150      0     0  |    34.6%   1.560  2.334  -18.3%   1.892  52.7%  1763   2.9526
 16   12   2  13   25    200  150      0     0  |    34.4%   1.559  2.326  -18.3%   1.884  56.0%  1488   2.9373
 17   12   2  13   25    250  150      0     0  |    34.4%   1.550  2.318  -18.2%   1.891  54.9%  1470   2.9296
 18    8   2   8   16    200  200      0     0  |    35.9%   1.442  2.101  -17.9%   2.004  47.3%   854   2.8896
 19   10   2   8   18    200  150      0     0  |    34.4%   1.520  2.332  -18.1%   1.900  50.5%  1295   2.8872
 20   12   2  18   30    250  150      0     0  |    34.7%   1.560  2.328  -18.8%   1.849  54.9%  1437   2.8838
 21   10   2   8   18    250  150      0     0  |    34.1%   1.514  2.296  -18.0%   1.892  50.5%  1277   2.8653
 22   15   2  18   33    200  150      0     0  |    33.7%   1.580  2.325  -18.6%   1.809  54.9%  1931   2.8577
 23    8   2  23   31    200  150      0     0  |    32.9%   1.442  2.214  -16.7%   1.975  52.7%   913   2.8485
 24    7   3   8   15    250  150      0     0  |    33.0%   1.389  2.149  -16.2%   2.040  51.6%   858   2.8335
 25    8   2  13   21    150  200      0     0  |    34.8%   1.400  2.035  -17.3%   2.014  49.5%   865   2.8189
 26   12   2  23   35    200  150      0     0  |    34.4%   1.553  2.308  -19.0%   1.810  54.9%  1420   2.8118
 27    8   2  18   26    150  200      0     0  |    33.6%   1.372  2.002  -16.6%   2.032  49.5%   825   2.7885
 28   15   2  13   28    150  150      0     0  |    34.3%   1.603  2.361  -19.7%   1.739  53.8%  2169   2.7878
 29   15   2  18   33    250  150      0     0  |    33.4%   1.561  2.295  -18.7%   1.782  54.9%  1916   2.7806
 30   15   2  13   28    250  150      0     0  |    34.0%   1.594  2.352  -19.5%   1.742  54.9%  2021   2.7760
 31   12   2  18   30    150  150      0     0  |    34.2%   1.537  2.292  -18.9%   1.804  54.9%  1538   2.7732
 32    8   2  23   31    150  150      0     0  |    32.5%   1.398  2.179  -16.4%   1.983  51.6%   948   2.7712
 33    8   2   8   16    250  200      0     0  |    35.5%   1.426  2.073  -18.3%   1.937  48.4%   844   2.7620
 34   12   2  18   30    200  150      0     0  |    34.2%   1.540  2.295  -19.1%   1.787  56.0%  1453   2.7534
 35   15   2  13   28    200  150      0     0  |    33.9%   1.591  2.340  -19.6%   1.728  54.9%  2033   2.7500
 36   12   2  23   35    150  150      0     0  |    33.4%   1.512  2.242  -18.4%   1.812  53.8%  1503   2.7393
 37    8   2  13   21    200  200      0     0  |    34.3%   1.377  1.993  -17.3%   1.981  48.4%   802   2.7290
 38   15   2  23   38    200  150    100     0  |    28.9%   1.426  2.089  -15.2%   1.901  52.7%  1809   2.7097
 39   15   4  13   28    200  150      0     0  |    34.0%   1.562  2.305  -19.6%   1.732  53.8%  1815   2.7060
 40    7   4   8   15    250  150      0     0  |    32.2%   1.353  2.078  -16.2%   1.988  51.6%   854   2.6892
 41   10   2  18   28    150  150      0     0  |    33.6%   1.495  2.302  -18.7%   1.797  50.5%  1194   2.6858
 42   10   4   8   18    200  150      0     0  |    34.6%   1.515  2.268  -19.6%   1.770  51.6%  1235   2.6819
 43   15   2  18   33    150  150    100     0  |    29.0%   1.435  2.095  -15.5%   1.868  53.8%  2038   2.6809
 44   15   2  18   33    150  150      0     0  |    32.8%   1.535  2.250  -18.8%   1.746  52.7%  2085   2.6801
 45   10   4   8   18    250  150      0     0  |    34.7%   1.515  2.274  -19.7%   1.763  51.6%  1226   2.6711
 46   10   3   8   18    200  150      0     0  |    33.9%   1.490  2.227  -19.0%   1.788  51.6%  1228   2.6646
 47   15   2  23   38    150  150      0     0  |    33.3%   1.547  2.277  -19.3%   1.721  52.7%  1986   2.6623
 48    8   2  18   26    250  200      0     0  |    32.9%   1.344  1.961  -16.6%   1.979  50.5%   782   2.6598
 49   10   2  18   28    200  150      0     0  |    33.8%   1.503  2.318  -19.1%   1.765  50.5%  1159   2.6541
 50   10   3   8   18    250  150      0     0  |    34.1%   1.484  2.244  -19.1%   1.784  51.6%  1219   2.6474
 51   12   2  23   35    250  150      0     0  |    34.1%   1.530  2.269  -19.7%   1.728  53.8%  1411   2.6440
 52   15   3  13   28    200  150      0     0  |    34.3%   1.567  2.300  -20.3%   1.686  53.8%  1834   2.6419
 53   15   2  23   38    150  150    100     0  |    28.7%   1.411  2.067  -15.3%   1.870  52.7%  1968   2.6385
 54   15   4  13   28    250  150      0     0  |    33.9%   1.546  2.294  -20.0%   1.695  53.8%  1791   2.6196
 55   10   2   8   18    150  150      0     0  |    34.1%   1.501  2.315  -19.5%   1.745  50.5%  1348   2.6191
 56   15   4  13   28    150  150      0     0  |    33.9%   1.544  2.293  -20.0%   1.694  53.8%  1923   2.6146
 57   10   2  18   28    250  150      0     0  |    33.4%   1.488  2.295  -19.1%   1.749  50.5%  1145   2.6019
 58   12   2  13   25    150  200      0     0  |    33.6%   1.425  1.981  -18.4%   1.826  51.6%  1415   2.6019
 59    7   3  13   20    250  150      0     0  |    32.1%   1.325  2.064  -16.3%   1.963  53.8%   816   2.6011
 60   15   2  23   38    250  200    100     0  |    27.4%   1.285  1.756  -13.6%   2.017  48.4%  1460   2.5916
 61    8   2  18   26    200  200      0     0  |    33.2%   1.356  1.977  -17.4%   1.909  49.5%   792   2.5886
 62   15   2  23   38    250  150    100     0  |    28.8%   1.418  2.075  -15.8%   1.822  53.8%  1788   2.5840
 63    8   2  13   21    250  200      0     0  |    33.9%   1.362  1.968  -17.9%   1.895  49.5%   801   2.5804
 64   10   4   8   18    150  150      0     0  |    34.0%   1.484  2.226  -19.6%   1.734  51.6%  1295   2.5741
 65    7   4  13   20    250  150      0     0  |    31.8%   1.315  2.041  -16.3%   1.955  52.7%   808   2.5712
 66    7   4  13   20    200  150      0     0  |    31.6%   1.321  2.034  -16.3%   1.942  51.6%   823   2.5668
 67   15   2  23   38    250  150      0     0  |    32.3%   1.508  2.195  -19.0%   1.702  53.8%  1819   2.5659
 68    7   3  13   20    200  150      0     0  |    31.6%   1.318  2.029  -16.3%   1.943  52.7%   830   2.5607
 69   15   2  23   38    200  150      0     0  |    32.3%   1.506  2.185  -19.0%   1.696  53.8%  1842   2.5542
 70   10   2  13   23    150  150      0     0  |    33.4%   1.482  2.274  -19.4%   1.721  50.5%  1231   2.5510
 71   12   2   8   20    200  200      0     0  |    33.0%   1.392  1.939  -18.0%   1.833  50.5%  1417   2.5507
 72   15   2  23   38    200  200    100     0  |    27.4%   1.278  1.741  -13.8%   1.995  48.4%  1502   2.5493
 73   15   3  13   28    150  150      0     0  |    33.8%   1.557  2.273  -20.7%   1.635  54.9%  1970   2.5456
 74   10   3  18   28    250  150      0     0  |    33.4%   1.470  2.205  -19.3%   1.731  51.6%  1144   2.5440
 75   15   2   8   23    200  150      0     0  |    33.3%   1.533  2.280  -20.1%   1.654  54.9%  2399   2.5365
 76   10   3   8   18    150  150      0     0  |    33.7%   1.474  2.207  -19.6%   1.717  51.6%  1293   2.5312
 77   15   4  18   33    200  150      0     0  |    33.2%   1.511  2.237  -19.9%   1.669  53.8%  1745   2.5223
 78    8   3   8   16    250  150      0     0  |    33.6%   1.428  2.185  -19.1%   1.762  50.5%   970   2.5168
 79   15   3  18   33    250  150      0     0  |    33.9%   1.541  2.241  -20.9%   1.622  54.9%  1779   2.5005
 80   15   3  13   28    250  150      0     0  |    33.2%   1.528  2.231  -20.4%   1.629  54.9%  1818   2.4896
 81   10   2  13   23    200  150      0     0  |    33.1%   1.469  2.257  -19.5%   1.694  50.5%  1170   2.4883
 82   15   4  18   33    150  150      0     0  |    32.8%   1.495  2.206  -19.7%   1.662  53.8%  1887   2.4860
 83   15   3  23   38    250  150      0     0  |    33.0%   1.508  2.189  -20.0%   1.647  53.8%  1702   2.4840
 84   12   2   8   20    150  200      0     0  |    32.8%   1.390  1.928  -18.4%   1.783  51.6%  1582   2.4779
 85   10   2  23   33    250  150      0     0  |    32.3%   1.436  2.202  -18.8%   1.720  50.5%  1123   2.4703
 86   10   2  23   33    200  150      0     0  |    32.4%   1.441  2.197  -18.9%   1.712  50.5%  1132   2.4675
 87   15   2  23   38    150  200    100     0  |    26.3%   1.219  1.653  -13.0%   2.021  47.3%  1745   2.4651
 88    8   3  13   21    250  150      0     0  |    33.1%   1.398  2.178  -18.8%   1.762  50.5%   924   2.4637
 89    7   4   8   15    200  150      0     0  |    32.0%   1.353  2.086  -17.6%   1.820  52.7%   861   2.4614
 90   15   2  23   38    200  150     50     0  |    31.1%   1.478  2.151  -18.8%   1.653  52.7%  1815   2.4434
 91   10   2   8   18    150  200      0     0  |    32.8%   1.365  1.967  -18.3%   1.789  48.4%  1210   2.4426
 92   15   3  18   33    200  150      0     0  |    33.5%   1.524  2.206  -20.9%   1.602  54.9%  1802   2.4422
 93   15   3  18   33    150  150      0     0  |    33.2%   1.513  2.205  -20.6%   1.612  54.9%  1895   2.4389
 94    8   3   8   16    200  150      0     0  |    33.2%   1.402  2.161  -19.1%   1.736  50.5%   984   2.4330
 95   10   2  13   23    250  150      0     0  |    32.8%   1.456  2.231  -19.6%   1.671  50.5%  1158   2.4325
 96   15   4  23   38    200  150      0     0  |    32.4%   1.475  2.177  -19.7%   1.646  53.8%  1701   2.4280
 97   15   2  18   33    150  200      0     0  |    31.9%   1.400  1.917  -18.4%   1.731  50.5%  1858   2.4240
 98   15   4  18   33    150  150    100     0  |    28.6%   1.386  2.043  -16.3%   1.748  52.7%  1918   2.4229
 99    7   2  13   20    200  150      0     0  |    33.0%   1.386  2.129  -18.9%   1.747  51.6%   825   2.4204
100   15   4  23   38    250  150      0     0  |    32.3%   1.467  2.167  -19.6%   1.644  53.8%  1704   2.4131


==========================================================================================
  PARAMETER SENSITIVITY  (top 20% of train results)
==========================================================================================

  ── top_n ──
     Value    CAGR%   Sharpe   MaxDD%   Calmar     Score   Count
         7    29.6%    1.204   -18.4%    1.611    1.9476     130
         8    29.9%    1.252   -18.8%    1.599    2.0253     158
        10    29.6%    1.282   -19.2%    1.547    1.9964     146
        12    29.2%    1.300   -19.5%    1.511    1.9729     188
        15    29.0%    1.333   -19.1%    1.530    2.0456     242

  ── max_per_sector ──
     Value    CAGR%   Sharpe   MaxDD%   Calmar     Score   Count
         2    29.7%    1.301   -18.5%    1.613    2.1126     358
         3    29.1%    1.271   -19.3%    1.519    1.9355     282
         4    29.2%    1.269   -19.5%    1.503    1.9129     224

  ── exit_rank_buffer ──
     Value    CAGR%   Sharpe   MaxDD%   Calmar     Score   Count
         8    29.8%    1.292   -19.4%    1.547    2.0127     218
        13    29.5%    1.288   -19.0%    1.565    2.0265     206
        18    29.4%    1.283   -18.9%    1.562    2.0115     223
        23    28.9%    1.269   -18.9%    1.541    1.9623     217

  ── dma_exit ──
     Value    CAGR%   Sharpe   MaxDD%   Calmar     Score   Count
       100    28.8%    1.250   -20.2%    1.429    1.7846     129
       150    29.4%    1.283   -18.7%    1.587    2.0460     249
       200    29.6%    1.296   -18.8%    1.580    2.0598     241
       250    29.5%    1.287   -19.0%    1.559    2.0185     245

  ── regime_dma ──
     Value    CAGR%   Sharpe   MaxDD%   Calmar     Score   Count
       150    29.7%    1.331   -19.3%    1.555    2.0812     516
       200    28.9%    1.212   -18.7%    1.552    1.8870     348

  ── min_price ──
     Value    CAGR%   Sharpe   MaxDD%   Calmar     Score   Count
         0    31.2%    1.323   -19.5%    1.607    2.1393     439
        50    28.5%    1.258   -19.8%    1.445    1.8187     240
       100    26.3%    1.220   -16.9%    1.568    1.9186     185

  ── min_avg_value_cr ──
     Value    CAGR%   Sharpe   MaxDD%   Calmar     Score   Count
         0    29.4%    1.283   -19.0%    1.554    2.0030     864


==========================================================================================
  OOS VALIDATION  (top 50 train combos tested on 2016–2026)
==========================================================================================

   Rk    N Sec Buf  Cut   DMAx  Rgm   MinP  MinV  |    Train  →  OOS CAGR%   OOS Sharpe   OOS MaxDD%  OOS Score
  -------------------------------------------------------------------------------------
    1    8   2   8   16    250  150      0     0  |    4.1406  →     +38.3%        1.407       -35.3%     1.5288
    2    8   2   8   16    150  150      0     0  |    3.8582  →     +36.7%        1.352       -35.7%     1.3891
    3    8   2   8   16    200  150      0     0  |    3.7698  →     +38.2%        1.402       -35.6%     1.5023
    4    8   2  13   21    200  150      0     0  |    3.6425  →     +40.0%        1.472       -33.8%     1.7376
    5    8   2  18   26    200  150      0     0  |    3.5232  →     +41.2%        1.522       -30.8%     2.0340
    6    8   2  13   21    150  150      0     0  |    3.4469  →     +40.0%        1.473       -33.6%     1.7498
    7    8   2  13   21    250  150      0     0  |    3.3279  →     +41.2%        1.517       -33.2%     1.8816
    8    8   2  18   26    250  150      0     0  |    3.3095  →     +40.4%        1.494       -31.8%     1.9018
    9   12   2   8   20    200  150      0     0  |    3.1628  →     +36.5%        1.418       -25.2%     2.0515
   10   12   2   8   20    250  150      0     0  |    3.1589  →     +37.2%        1.443       -26.3%     2.0389
   11    8   2  23   31    250  150      0     0  |    3.1403  →     +40.6%        1.499       -31.7%     1.9201
   12    8   2  18   26    150  150      0     0  |    3.0283  →     +40.0%        1.483       -31.5%     1.8829
   13    8   2   8   16    150  200      0     0  |    3.0123  →     +35.2%        1.257       -35.6%     1.2439
   14   12   2  13   25    150  150      0     0  |    2.9897  →     +36.5%        1.436       -23.8%     2.2037
   15   12   2   8   20    150  150      0     0  |    2.9526  →     +34.8%        1.353       -29.5%     1.5947
   16   12   2  13   25    200  150      0     0  |    2.9373  →     +37.7%        1.476       -22.8%     2.4448
   17   12   2  13   25    250  150      0     0  |    2.9296  →     +36.7%        1.432       -25.0%     2.0986
   18    8   2   8   16    200  200      0     0  |    2.8896  →     +35.7%        1.272       -38.6%     1.1752
   19   10   2   8   18    200  150      0     0  |    2.8872  →     +41.4%        1.563       -28.9%     2.2390
   20   12   2  18   30    250  150      0     0  |    2.8838  →     +36.6%        1.438       -24.2%     2.1807
   21   10   2   8   18    250  150      0     0  |    2.8653  →     +41.5%        1.567       -28.7%     2.2690
   22   15   2  18   33    200  150      0     0  |    2.8577  →     +34.6%        1.425       -20.8%     2.3742
   23    8   2  23   31    200  150      0     0  |    2.8485  →     +40.0%        1.482       -31.0%     1.9077
   24    7   3   8   15    250  150      0     0  |    2.8335  →     +38.9%        1.405       -31.8%     1.7214
   25    8   2  13   21    150  200      0     0  |    2.8189  →     +39.4%        1.414       -32.7%     1.7051
   26   12   2  23   35    200  150      0     0  |    2.8118  →     +37.3%        1.479       -22.8%     2.4198
   27    8   2  18   26    150  200      0     0  |    2.7885  →     +38.5%        1.384       -33.4%     1.5917
   28   15   2  13   28    150  150      0     0  |    2.7878  →     +33.4%        1.368       -24.5%     1.8662
   29   15   2  18   33    250  150      0     0  |    2.7806  →     +35.5%        1.461       -21.1%     2.4521
   30   15   2  13   28    250  150      0     0  |    2.7760  →     +34.4%        1.401       -23.2%     2.0812
   31   12   2  18   30    150  150      0     0  |    2.7732  →     +35.9%        1.423       -21.8%     2.3422
   32    8   2  23   31    150  150      0     0  |    2.7712  →     +38.8%        1.443       -31.6%     1.7695
   33    8   2   8   16    250  200      0     0  |    2.7620  →     +35.8%        1.274       -37.6%     1.2119
   34   12   2  18   30    200  150      0     0  |    2.7534  →     +36.7%        1.456       -24.1%     2.2209
   35   15   2  13   28    200  150      0     0  |    2.7500  →     +34.7%        1.416       -23.2%     2.1211
   36   12   2  23   35    150  150      0     0  |    2.7393  →     +37.0%        1.473       -22.1%     2.4648
   37    8   2  13   21    200  200      0     0  |    2.7290  →     +38.9%        1.392       -36.8%     1.4727
   38   15   2  23   38    200  150    100     0  |    2.7097  →     +32.0%        1.322       -20.9%     2.0239
   39   15   4  13   28    200  150      0     0  |    2.7060  →     +38.6%        1.520       -21.7%     2.6948
   40    7   4   8   15    250  150      0     0  |    2.6892  →     +36.9%        1.334       -32.6%     1.5086
   41   10   2  18   28    150  150      0     0  |    2.6858  →     +40.2%        1.511       -25.7%     2.3590
   42   10   4   8   18    200  150      0     0  |    2.6819  →     +43.3%        1.610       -28.5%     2.4422
   43   15   2  18   33    150  150    100     0  |    2.6809  →     +30.9%        1.284       -22.2%     1.7891
   44   15   2  18   33    150  150      0     0  |    2.6801  →     +34.4%        1.418       -22.7%     2.1446
   45   10   4   8   18    250  150      0     0  |    2.6711  →     +41.5%        1.551       -29.6%     2.1799
   46   10   3   8   18    200  150      0     0  |    2.6646  →     +40.5%        1.517       -33.1%     1.8540
   47   15   2  23   38    150  150      0     0  |    2.6623  →     +33.6%        1.392       -20.8%     2.2501
   48    8   2  18   26    250  200      0     0  |    2.6598  →     +38.0%        1.365       -33.5%     1.5489
   49   10   2  18   28    200  150      0     0  |    2.6541  →     +40.3%        1.514       -24.4%     2.5020
   50   10   3   8   18    250  150      0     0  |    2.6474  →     +40.9%        1.534       -31.5%     1.9890
