========================================================================================
  VM PARAMETER SWEEP — TOP 100 RESULTS
  Period    : 2008-01-01 → 2015-12-31
  Generated : 2026-05-30 07:21:09
  Runtime   : 2.04 hours  |  Combinations: 390,625  |  Valid: 390,625
  Ranking   : Sharpe × Calmar  |  Daily scoring  |  TOP_N=10, SectorCap=3, ExitCutoff=25
========================================================================================

Rank    w12    w6    w3     wv   L12   L6  L3 skip  |    CAGR%  Sharpe  Sortino  MaxDD%  Calmar  Win% Trades    Score
---------------------------------------------------------------------------------------------------------------------
   1   0.55  0.10  0.20  -0.20   340  170  80   20  |    39.3%   1.790    2.558  -13.0%   3.028  52.3%    943   5.4195
   2   0.70  0.10  0.30  -0.20   340  170  80   20  |    40.4%   1.755    2.545  -13.7%   2.944  52.3%    955   5.1672
   3   0.70  0.10  0.30  -0.20   340  140  80   20  |    38.9%   1.747    2.493  -13.5%   2.877  52.3%   1013   5.0261
   4   0.55  0.10  0.30  -0.20   340  110  80   20  |    39.4%   1.693    2.433  -13.5%   2.926  51.1%   1027   4.9528
   5   0.70  0.40  0.20  -0.30   340  170  55   20  |    38.0%   1.757    2.495  -13.8%   2.758  52.3%    899   4.8444
   6   0.70  0.10  0.30  -0.20   340  110  80   20  |    40.3%   1.754    2.529  -14.6%   2.761  51.1%   1005   4.8431
   7   0.70  0.25  0.20  -0.30   340  155  55   20  |    36.7%   1.657    2.321  -12.7%   2.898  53.4%    963   4.8026
   8   0.55  0.25  0.10  -0.20   340  155  55   20  |    36.5%   1.661    2.343  -12.7%   2.886  52.3%    911   4.7954
   9   0.40  0.10  0.20  -0.10   340  155  80   20  |    39.0%   1.670    2.437  -13.6%   2.861  52.3%    962   4.7786
  10   0.70  0.10  0.20  -0.20   340  170  80   20  |    39.1%   1.786    2.538  -14.8%   2.650  52.3%    931   4.7332
  11   0.70  0.25  0.10  -0.30   340  155  93   20  |    35.9%   1.673    2.367  -12.8%   2.809  52.3%    893   4.7000
  12   0.55  0.25  0.10  -0.20   340  170  67   20  |    37.8%   1.728    2.451  -13.9%   2.719  52.3%    888   4.6978
  13   0.70  0.25  0.20  -0.20   340  170  55   20  |    37.6%   1.706    2.398  -13.7%   2.742  52.3%    907   4.6773
  14   0.55  0.10  0.20  -0.30   340  110  80   20  |    36.5%   1.699    2.387  -13.4%   2.729  53.4%   1001   4.6369
  15   0.70  0.25  0.10  -0.10   340  125  80   10  |    39.9%   1.645    2.341  -14.2%   2.815  53.4%    945   4.6306
  16   0.70  0.10  0.20  -0.20   340  140  80   20  |    37.8%   1.697    2.433  -13.9%   2.717  51.1%    952   4.6095
  17   0.70  0.10  0.30  -0.20   340  170  55   20  |    37.2%   1.650    2.300  -13.3%   2.792  52.3%   1024   4.6052
  18   0.55  0.10  0.20  -0.20   340  155  80   20  |    37.4%   1.677    2.395  -13.7%   2.744  52.3%    946   4.6028
  19   0.70  0.10  0.45  -0.30   340  170  80   20  |    39.0%   1.719    2.511  -14.6%   2.665  51.1%   1007   4.5803
  20   0.70  0.25  0.30  -0.30   340  110  55   20  |    37.4%   1.649    2.338  -13.5%   2.775  52.3%   1054   4.5759
  21   0.70  0.10  0.45  -0.20   340  170  80   20  |    41.1%   1.751    2.596  -15.8%   2.610  52.3%    996   4.5700
  22   0.40  0.10  0.10  -0.20   340  110 105   20  |    35.9%   1.663    2.345  -13.1%   2.743  52.3%    966   4.5632
  23   0.55  0.10  0.20  -0.10   340  140  80   20  |    38.9%   1.662    2.429  -14.2%   2.732  52.3%    972   4.5402
  24   0.25  0.10  0.00  -0.30   340  170  55   20  |    32.6%   1.657    2.469  -12.0%   2.729  55.7%   1022   4.5217
  25   0.25  0.10  0.00  -0.30   340  170  67   20  |    32.6%   1.657    2.469  -12.0%   2.729  55.7%   1022   4.5217
  26   0.25  0.10  0.00  -0.30   340  170  80   20  |    32.6%   1.657    2.469  -12.0%   2.729  55.7%   1022   4.5217
  27   0.25  0.10  0.00  -0.30   340  170  93   20  |    32.6%   1.657    2.469  -12.0%   2.729  55.7%   1022   4.5217
  28   0.25  0.10  0.00  -0.30   340  170 105   20  |    32.6%   1.657    2.469  -12.0%   2.729  55.7%   1022   4.5217
  29   0.70  0.25  0.20  -0.30   340  170  67   20  |    37.0%   1.724    2.410  -14.1%   2.616  52.3%    918   4.5092
  30   0.25  0.10  0.10  -0.10   340  170  55   20  |    37.9%   1.696    2.410  -14.2%   2.657  52.3%    970   4.5061
  31   0.55  0.10  0.20  -0.20   340  125  80   20  |    36.4%   1.637    2.328  -13.2%   2.749  51.1%    965   4.4997
  32   0.70  0.10  0.30  -0.10   340  170  80   20  |    40.6%   1.726    2.543  -15.6%   2.603  52.3%    948   4.4927
  33   0.70  0.25  0.10  -0.30   340  170  80   20  |    35.3%   1.651    2.312  -13.0%   2.707  52.3%    893   4.4700
  34   0.55  0.10  0.20  -0.20   340  110  55   20  |    38.2%   1.699    2.368  -14.5%   2.630  52.3%   1054   4.4694
  35   0.70  0.25  0.30  -0.30   340  170  55   20  |    37.3%   1.696    2.380  -14.2%   2.634  52.3%    997   4.4690
  36   0.70  0.25  0.10  -0.30   340  110 105   20  |    35.3%   1.619    2.286  -12.8%   2.760  52.3%    944   4.4688
  37   0.70  0.25  0.20  -0.30   340  110  80   20  |    37.3%   1.651    2.373  -13.8%   2.705  52.3%    985   4.4673
  38   0.70  0.10  0.20  -0.30   340  110  80   20  |    37.0%   1.723    2.450  -14.3%   2.585  52.3%    977   4.4540
  39   0.55  0.10  0.20  -0.30   340  170  80   20  |    37.7%   1.789    2.519  -15.2%   2.487  51.1%    958   4.4492
  40   0.70  0.10  0.45  -0.30   340  140  67   20  |    39.3%   1.750    2.481  -15.5%   2.542  52.3%   1081   4.4473
  41   0.55  0.10  0.30  -0.20   340  125  80   20  |    38.6%   1.679    2.441  -14.6%   2.647  52.3%   1007   4.4447
  42   0.70  0.10  0.20  -0.30   340  110 105   20  |    35.9%   1.654    2.337  -13.4%   2.686  52.3%    934   4.4437
  43   0.70  0.10  0.45  -0.20   340  125  80   20  |    39.7%   1.680    2.450  -15.0%   2.644  51.1%   1002   4.4419
  44   0.70  0.25  0.30  -0.30   340  125  67   20  |    38.6%   1.722    2.419  -15.0%   2.573  52.3%   1001   4.4309
  45   0.40  0.10  0.10  -0.10   340  110  80   20  |    37.5%   1.613    2.331  -13.7%   2.746  51.1%    979   4.4306
  46   0.55  0.10  0.10  -0.20   340  110 105   20  |    34.9%   1.612    2.270  -12.7%   2.745  52.3%    946   4.4257
  47   0.70  0.10  0.30  -0.30   340  170  80   20  |    38.9%   1.783    2.538  -15.7%   2.481  51.1%    966   4.4243
  48   0.70  0.10  0.10  -0.20   340  110  80   20  |    35.4%   1.646    2.311  -13.2%   2.683  52.3%    943   4.4172
  49   0.25  0.10  0.00  -0.30   340  110  55   20  |    35.2%   1.676    2.679  -13.4%   2.630  54.5%   1162   4.4083
  50   0.25  0.10  0.00  -0.30   340  110  67   20  |    35.2%   1.676    2.679  -13.4%   2.630  54.5%   1162   4.4083
  51   0.25  0.10  0.00  -0.30   340  110  80   20  |    35.2%   1.676    2.679  -13.4%   2.630  54.5%   1162   4.4083
  52   0.25  0.10  0.00  -0.30   340  110  93   20  |    35.2%   1.676    2.679  -13.4%   2.630  54.5%   1162   4.4083
  53   0.25  0.10  0.00  -0.30   340  110 105   20  |    35.2%   1.676    2.679  -13.4%   2.630  54.5%   1162   4.4083
  54   0.70  0.25  0.10  -0.10   340  110  67   10  |    38.9%   1.582    2.269  -14.0%   2.784  54.5%    938   4.4045
  55   0.55  0.40  0.10  -0.30   340  170  55   20  |    36.3%   1.684    2.377  -13.9%   2.614  52.3%    923   4.4016
  56   0.55  0.10  0.30  -0.20   340  155  80   20  |    38.0%   1.652    2.381  -14.3%   2.664  51.1%    980   4.4004
  57   0.55  0.25  0.20  -0.20   340  170  55   20  |    38.0%   1.736    2.443  -15.0%   2.531  52.3%    926   4.3952
  58   0.70  0.25  0.10  -0.20   340  155  55   20  |    36.0%   1.628    2.258  -13.3%   2.698  52.3%    910   4.3917
  59   0.70  0.10  0.30  -0.10   340  155  80   20  |    39.8%   1.695    2.480  -15.4%   2.585  52.3%    985   4.3801
  60   0.55  0.10  0.10  -0.20   340  110  80   20  |    36.1%   1.682    2.356  -13.9%   2.601  52.3%    954   4.3765
  61   0.40  0.10  0.10  -0.20   340  110  67   20  |    37.5%   1.749    2.486  -15.0%   2.502  51.1%    973   4.3754
  62   0.70  0.25  0.10  -0.20   340  170  80   20  |    37.1%   1.683    2.377  -14.3%   2.597  52.3%    876   4.3698
  63   0.55  0.25  0.10  -0.20   340  170  55   40  |    36.8%   1.714    2.405  -14.4%   2.549  54.0%    918   4.3696
  64   0.40  0.25  0.10  -0.20   340  170  55   20  |    35.9%   1.660    2.333  -13.6%   2.631  52.3%    916   4.3673
  65   0.55  0.40  0.20  -0.20   340  170  55   20  |    37.9%   1.698    2.417  -14.7%   2.569  53.4%    926   4.3623
  66   0.55  0.25  0.20  -0.20   340  170  93   20  |    37.3%   1.656    2.364  -14.2%   2.632  52.3%    907   4.3581
  67   0.55  0.10  0.20  -0.10   340  125  80   20  |    38.7%   1.630    2.386  -14.5%   2.673  50.0%    975   4.3563
  68   0.70  0.25  0.30  -0.20   340  110  55   20  |    38.2%   1.609    2.305  -14.1%   2.706  52.3%   1053   4.3551
  69   0.70  0.10  0.30  -0.30   340  110  80   20  |    38.6%   1.724    2.452  -15.3%   2.522  51.1%    989   4.3483
  70   0.70  0.25  0.00  -0.10   340  110  55   10  |    39.0%   1.627    2.328  -14.6%   2.672  54.5%    933   4.3458
  71   0.70  0.25  0.00  -0.10   340  110  67   10  |    39.0%   1.627    2.328  -14.6%   2.672  54.5%    933   4.3458
  72   0.70  0.25  0.00  -0.10   340  110  80   10  |    39.0%   1.627    2.328  -14.6%   2.672  54.5%    933   4.3458
  73   0.70  0.25  0.00  -0.10   340  110  93   10  |    39.0%   1.627    2.328  -14.6%   2.672  54.5%    933   4.3458
  74   0.70  0.25  0.00  -0.10   340  110 105   10  |    39.0%   1.627    2.328  -14.6%   2.672  54.5%    933   4.3458
  75   0.70  0.25  0.00  -0.20   340  110  55   20  |    36.9%   1.643    2.323  -14.0%   2.643  51.1%    949   4.3436
  76   0.70  0.25  0.00  -0.20   340  110  67   20  |    36.9%   1.643    2.323  -14.0%   2.643  51.1%    949   4.3436
  77   0.70  0.25  0.00  -0.20   340  110  80   20  |    36.9%   1.643    2.323  -14.0%   2.643  51.1%    949   4.3436
  78   0.70  0.25  0.00  -0.20   340  110  93   20  |    36.9%   1.643    2.323  -14.0%   2.643  51.1%    949   4.3436
  79   0.70  0.25  0.00  -0.20   340  110 105   20  |    36.9%   1.643    2.323  -14.0%   2.643  51.1%    949   4.3436
  80   0.70  0.25  0.20  -0.30   340  170  55   20  |    36.5%   1.698    2.378  -14.3%   2.558  52.3%    931   4.3431
  81   0.70  0.10  0.20  -0.30   340  170  55   20  |    36.3%   1.731    2.384  -14.5%   2.507  51.1%    952   4.3393
  82   0.70  0.40  0.10  -0.30   340  170  55   20  |    36.4%   1.669    2.353  -14.0%   2.598  52.3%    881   4.3358
  83   0.70  0.10  0.30   0.00   340  170  80   20  |    40.0%   1.676    2.464  -15.5%   2.582  52.3%    962   4.3277
  84   0.55  0.10  0.20  -0.20   340  110  80   20  |    37.0%   1.649    2.329  -14.1%   2.624  51.1%    986   4.3263
  85   0.40  0.25  0.10  -0.10   340  155  80   20  |    38.0%   1.649    2.356  -14.5%   2.622  52.3%    922   4.3245
  86   0.55  0.10  0.45  -0.20   340  110  67   20  |    38.9%   1.633    2.366  -14.7%   2.646  52.3%   1097   4.3210
  87   0.70  0.25  0.10  -0.10   340  110  93   10  |    38.8%   1.601    2.236  -14.4%   2.699  53.4%    947   4.3206
  88   0.70  0.40  0.20  -0.10   340  140  93   10  |    40.2%   1.661    2.362  -15.5%   2.602  55.7%    903   4.3206
  89   0.55  0.10  0.20  -0.10   340  110  80   20  |    38.7%   1.636    2.383  -14.7%   2.640  51.1%    964   4.3204
  90   0.70  0.10  0.20  -0.30   340  110  67   20  |    37.4%   1.766    2.472  -15.3%   2.443  51.1%    970   4.3142
  91   0.70  0.10  0.20  -0.30   340  140  80   20  |    35.7%   1.677    2.361  -13.9%   2.566  50.0%    943   4.3043
  92   0.70  0.10  0.30  -0.10   340  140  80   20  |    38.6%   1.633    2.406  -14.6%   2.635  52.3%    983   4.3032
  93   0.70  0.55  0.10  -0.30   340  170  55   20  |    36.5%   1.653    2.370  -14.0%   2.603  52.3%    893   4.3020
  94   0.70  0.25  0.10  -0.20   340  170  55   20  |    36.2%   1.647    2.314  -13.9%   2.608  52.3%    889   4.2948
  95   0.70  0.10  0.10  -0.20   340  170  80   20  |    35.6%   1.679    2.354  -13.9%   2.557  52.3%    898   4.2927
  96   0.40  0.10  0.10  -0.10   340  170  80   20  |    37.5%   1.677    2.378  -14.7%   2.558  52.3%    909   4.2901
  97   0.55  0.25  0.10  -0.20   340  170  55   20  |    36.5%   1.668    2.345  -14.2%   2.570  52.3%    899   4.2873
  98   0.70  0.10  0.30  -0.10   340  110  80   20  |    38.7%   1.634    2.386  -14.8%   2.621  52.3%    982   4.2825
  99   0.55  0.10  0.30  -0.10   340  155  80   20  |    38.8%   1.637    2.419  -14.8%   2.615  52.3%   1000   4.2811
 100   0.40  0.10  0.20  -0.10   340  110  55   20  |    38.0%   1.596    2.265  -14.2%   2.682  53.4%   1064   4.2810


========================================================================================
  PARAMETER SENSITIVITY  (averaged over top 78,125 results = top 20%)
========================================================================================

  ── w12 ──
     Value    CAGR%   Sharpe   MaxDD%   Calmar     Score   Count
       0.1    31.9%    1.379   -17.7%    1.807    2.4930   11596
      0.25    32.1%    1.379   -17.5%    1.841    2.5407   13348
       0.4    32.5%    1.390   -17.6%    1.860    2.5909   15735
      0.55    32.8%    1.400   -17.6%    1.878    2.6365   17989
       0.7    33.0%    1.407   -17.6%    1.892    2.6704   19457

  ── w6 ──
     Value    CAGR%   Sharpe   MaxDD%   Calmar     Score   Count
       0.1    32.3%    1.416   -17.4%    1.866    2.6491   16722
      0.25    32.6%    1.403   -17.6%    1.869    2.6291   16211
       0.4    32.6%    1.390   -17.6%    1.867    2.6016   15500
      0.55    32.6%    1.379   -17.6%    1.856    2.5633   15035
       0.7    32.5%    1.372   -17.7%    1.847    2.5376   14657

  ── w3 ──
     Value    CAGR%   Sharpe   MaxDD%   Calmar     Score   Count
       0.0    32.2%    1.405   -17.4%    1.862    2.6200   15285
       0.1    32.5%    1.401   -17.6%    1.863    2.6163   16886
       0.2    32.6%    1.395   -17.6%    1.863    2.6066   16842
       0.3    32.7%    1.387   -17.6%    1.862    2.5895   15655
      0.45    32.6%    1.373   -17.7%    1.855    2.5498   13457

  ── wv ──
     Value    CAGR%   Sharpe   MaxDD%   Calmar     Score   Count
      -0.3    31.5%    1.424   -17.3%    1.832    2.6126   17111
      -0.2    32.1%    1.408   -17.4%    1.852    2.6126   18084
      -0.1    32.7%    1.390   -17.5%    1.874    2.6111   17494
       0.0    33.3%    1.372   -17.8%    1.883    2.5880   14470
       0.1    33.7%    1.355   -18.1%    1.874    2.5441   10966

  ── L12 ──
     Value    CAGR%   Sharpe   MaxDD%   Calmar     Score   Count
       250    30.8%    1.336   -17.0%    1.816    2.4256    7672
       280    31.8%    1.369   -17.9%    1.786    2.4452   11631
       310    31.9%    1.373   -17.4%    1.844    2.5323   22471
       340    33.5%    1.425   -17.7%    1.906    2.7241   36351

  ── L6 ──
     Value    CAGR%   Sharpe   MaxDD%   Calmar     Score   Count
       110    32.4%    1.373   -17.5%    1.866    2.5673   14396
       125    32.7%    1.389   -17.9%    1.838    2.5587   10400
       140    32.4%    1.385   -17.5%    1.866    2.5901   12615
       155    32.4%    1.394   -17.4%    1.868    2.6091   18614
       170    32.6%    1.411   -17.7%    1.861    2.6320   22100

  ── L3 ──
     Value    CAGR%   Sharpe   MaxDD%   Calmar     Score   Count
        55    32.4%    1.396   -17.4%    1.872    2.6193   17150
        67    32.5%    1.395   -17.6%    1.857    2.5952   15831
        80    32.7%    1.396   -17.7%    1.859    2.6013   14938
        93    32.5%    1.389   -17.5%    1.864    2.5928   15304
       105    32.6%    1.390   -17.7%    1.852    2.5790   14902

  ── skip ──
     Value    CAGR%   Sharpe   MaxDD%   Calmar     Score   Count
         0    34.1%    1.384   -20.6%    1.666    2.3013     179
        10    34.3%    1.422   -18.6%    1.855    2.6432   11989
        20    33.1%    1.403   -17.4%    1.916    2.6985   24630
        30    31.5%    1.361   -17.2%    1.842    2.5081   24627
        40    31.8%    1.405   -17.6%    1.815    2.5535   16700
