Date,AAPL,ABBV,ABNB,ABT,ACN,ADBE,AEP,AMAT,AMD,AMGN,AMT,AMZN,APD,AVGO,AXP,BA,BAC,BKNG,BLK,BRK-B,BSX,C,CAT,CCI,CCL,CI,CL,CMCSA,CME,COP,COST,CRM,CSCO,CVS,CVX,D,DE,DHR,DIS,DLR,DUK,EA,ECL,ELV,EMR,EOG,EQIX,ETN,EXC,F,FCX,FDX,GE,GILD,GIS,GM,GOOGL,GS,HAL,HD,HON,IBM,ICE,INTC,ISRG,JNJ,JPM,KLAC,KO,LIN,LLY,LMT,LOW,LRCX,MA,MCD,MCHP,MDLZ,META,MLM,MMM,MO,MPC,MRK,MS,MSFT,MU,NEE,NEM,NFLX,NKE,NOC,NOW,NUE,NVDA,O,ORCL,OXY,PEP,PFE,PG,PH,PLD,PM,PSX,QCOM,RCL,REGN,ROK,RTX,SBUX,SCHW,SHW,SLB,SO,SPG,SPGI,SYK,T,TJX,TMO,TMUS,TSLA,TTWO,TXN,UNH,UPS,V,VLO,VMC,VRTX,VZ,WELL,WFC,WMT,XEL,XOM,ZTS
2018-01-02,102223600,4561300,,10112800,3061900,2432800,3016800,9819500,44146300,2301100,1880600,53890000,1051900,33135000,2746700,2978900,57121600,11887500,526400,4113000,9980500,15819800,5108400,2036100,2783800,1115900,4352500,19494410,1080900,3985200,2509300,4669200,20135700,5878300,5626000,2163600,1897600,4087646,11014300,1224400,3167900,4599100,940700,1291400,3086500,1899800,614300,2814900,7224506,20773300,21899900,2461300,16185981,7905100,4103600,6934600,31766000,2258300,7269200,4684700,3169995,4395815,3195300,23370800,2483700,6842100,13578800,1689000,10872200,1067600,3456700,1189600,6572600,20373000,3168900,3696900,3266200,6516100,18151900,994800,3505476,5917300,3055900,10556504,6644600,22483800,37097000,4766400,5325800,109669000,6511000,715000,6413500,3755900,355616000,1672872,25380000,2830000,4165800,17059833,7558900,855400,1532200,5126800,1222300,6329600,1317400,621800,613400,4918591,7216000,7220800,1099500,8678200,7278800,1442900,941800,1060800,42626974,6881400,1140900,2192400,65283000,1569300,4236200,3485000,5413000,6080900,3582900,1869700,1382000,16045300,1997300,13819300,30451500,2443400,11469300,2135600
2018-01-03,118071600,4702300,,5683700,2064200,2561200,2235700,10898900,154066700,3084000,1770500,62176000,798200,31161000,2976400,3211200,57865700,13125000,448700,3526700,8543000,14657900,4146100,2078900,2807500,1362800,3310000,22474114,1340500,4105800,3364400,3888700,29536000,6139500,5805500,14587400,1392300,2791236,9237900,1472800,2690200,3210600,764500,1302000,3308800,3068400,464600,4255900,6750350,29765600,20673600,2149600,17000180,6640000,3118800,14591600,31318000,2988200,11181900,4530500,7015701,9875914,4312600,116479000,2365500,5350500,11901000,2734100,12635600,1427900,3078400,893400,4572000,25833000,3732400,3789600,5060000,8633800,16886600,781400,2623665,6036400,4844000,11090460,6955500,26061400,43376700,11008000,5143600,85914000,6091100,722100,7904500,3772500,914704000,1593408,24165000,3463300,4224000,14183151,5863600,650600,1650100,3589600,1351700,6844200,2295100,721300,841400,7958983,7478400,5522700,1014600,9529200,6292800,1849300,808400,1398700,51851150,9258800,1458300,2610800,67822500,1451500,6918900,2417600,5655600,6946100,3057600,2600900,1604000,16662400,1832600,14203700,26710800,4114900,13957700,2328200
2018-01-04,89738400,3579000,,6240000,1777000,2211400,3392100,9462800,109503000,2021100,1729600,60442000,932400,19067000,3122000,4171700,76512500,14815000,389800,3900000,7928600,16864900,4865800,2240400,3050300,888600,2501700,19359435,1551000,4897200,3525800,4540200,20731400,13715500,4598300,7146600,1747000,2397226,7417400,1458500,2475800,3777900,723200,1063000,2806400,2125000,450500,3936400,6630619,37478200,19540500,2600400,17225995,5074600,3211100,17298700,26052000,2583200,10142700,4047400,4977610,7903785,3035000,89209100,2696400,4837600,12953700,1925500,12709400,1896800,2462500,1443000,3542800,22272000,3247200,2756400,3292600,8718800,13880900,797400,2682748,6177300,3156400,15751650,8678800,21912000,52229500,13629200,3876000,60296000,5780500,582400,6809500,2529300,583268000,1939334,19815100,2706100,3147000,13046517,6322500,823000,2128500,4170100,1110600,5060100,1118100,650100,734300,5820666,5775900,5310400,1669500,12252300,5231500,2159500,727400,861700,36894187,7599800,1566400,2384400,149194500,1319300,5460400,2749100,5473100,7805300,2977000,1325900,1345100,12062800,1993500,18740500,20491200,2807000,10863000,2534000
2018-01-05,94640000,4599300,,5836900,1597600,2376500,2967900,10902200,63808900,2211400,2119400,70894000,742200,28633000,2550300,6177700,56445200,8965000,483000,4207600,14260400,15300500,3945400,1769400,3793500,755000,2852800,18147003,953900,3771900,2819000,3368400,24588200,15338100,4189200,5758300,1574400,2121430,6008300,1066900,3827200,5963000,1048900,1427600,3118800,2221200,335800,2398900,10013224,46121900,13870600,2863900,16667865,7901100,2308100,9643300,30250000,2594700,8617300,4224800,2744244,5434807,2152200,41824000,2098500,6158800,14155000,1469000,13113100,1699500,2946300,1241100,5524200,17130000,2747700,3737700,2962000,10811500,13574500,558200,2195736,6383400,3512300,9955057,6476000,23407100,47381100,10318000,2877300,70332000,11632300,842800,5915000,2660800,580124000,1471219,14496400,3240300,2714200,13167517,5949700,721600,2825800,4641400,1752500,5421800,1181900,461100,627400,5835444,6047700,5696200,1619100,8552700,6120500,2126500,688300,962700,29386048,7729000,1469500,3292600,68868000,1513600,5254900,2432800,3699200,8590500,2973800,1285300,1940000,13348900,2003300,14217900,21852000,3728000,11047600,2166100
2018-01-08,82271200,5582000,,5411500,2616900,2088000,5715500,12658000,63346000,2356200,1882100,85590000,802100,20971000,1896500,4124900,42914800,13890000,561500,3887900,10847100,14215700,5929200,1776500,2027100,1130900,1688600,16207197,1118100,4522900,1961800,2933600,16582000,9589200,4826100,5570000,2711800,2038522,8052600,834700,3560000,4579100,1099900,1630800,2334700,1934400,532500,1818200,15116925,33828300,15237200,1956000,17130657,5858500,3332700,13099600,24644000,2940500,7611900,3508500,3033060,5478425,1952000,33733800,2977500,5129800,12466500,772700,7068600,936700,3251400,1084500,6191600,27627000,3143100,2060800,2168600,8140300,17994700,573800,2235324,6054800,3212600,11642546,6681400,22113000,32217400,7225200,4719800,55802000,11905700,660800,6686000,3118200,881216000,1133342,15075000,3174600,5730400,19964341,4860700,974700,2333300,4911600,1236500,4266900,1023800,1117800,765700,10526807,6335800,4803600,1276200,9778900,7945500,1874900,948300,1240300,35276524,7883000,1974600,3606000,147891000,1591400,4549400,2850800,3243000,6660700,2493400,993300,1987000,16212700,1623200,15569400,26531700,3837600,10927100,3631400
2018-01-09,86336000,4055400,,7466900,3204700,1804300,4323700,13564900,62560900,3031700,1581600,73226000,834500,26027000,2978500,5641300,69479100,9220000,547700,3834900,24987900,14209500,4522900,1031900,3469900,1280200,2518300,18166742,944800,5519700,2241900,3302300,21449800,7778400,4422300,3484800,4345200,4917178,5838000,947300,2781700,4111700,887400,1777100,3367600,1944100,397500,2216000,10745349,27924100,32628500,1648300,13855205,14824100,2865600,7768100,26808000,2637300,8587400,3012300,3754711,4541523,2413600,44282300,4203300,8897000,13292300,866900,9962400,3366400,2426000,865400,4112200,29550000,2573900,2674300,4446600,5805300,12393100,656900,2027340,6269300,2980300,11142022,6622700,19484300,62982900,6527600,3902600,61259000,8771300,828900,6529000,3289300,497000000,1985258,14153700,2985100,4573600,16876226,6630100,728500,2306100,3939200,1537000,7632300,1191800,1207600,489400,6724489,5233400,6660600,1569600,9370300,5694500,1720900,906200,1817400,37152896,8376400,1845200,5334400,107199000,1704800,4747800,2672200,2957700,6562400,3884900,1229000,1487700,14677800,2032800,15766500,21938100,3006300,8131600,2721800
2018-01-10,95839600,4608600,,4340800,1624100,1664300,3978400,14537200,52561200,2542700,3330500,53720000,902700,31607000,2279200,4479300,63532800,6855000,483800,3793100,13011000,14008000,5478600,4849400,3300600,1113600,3138300,21551373,1182900,4627900,2609500,3113300,19473000,8772200,5292200,3978200,5473700,2780069,6060000,1650600,3227200,2493600,881000,851200,2411300,4750900,636300,2126800,6890550,56517100,28035200,1644400,17177522,10150400,3097200,18281500,20734000,2927200,9714200,3119500,2836236,4366109,2487000,45735000,6130800,6558600,15834500,1439500,10700700,2416800,1674600,1504600,2778000,35108000,2416900,2172500,3984400,6494700,10529900,631400,1962516,6709900,2719400,9497395,11028800,18652200,53348000,7042800,3542100,59515000,5010600,676100,9518500,2539300,582664000,3772682,13476600,4094300,3363900,18755825,6564700,993700,2791700,3696500,977500,6569300,1015000,805800,543400,5216528,8656500,9043300,1050600,10017600,7197000,1339500,935700,1255000,54388066,6656800,1421200,3597000,64648500,1394900,5737400,2311600,2927900,7490300,2391800,1330800,1701000,12593400,3072900,18107500,23791200,2690000,10822300,2257200
2018-01-11,74670800,4240900,,4240900,1809200,1600100,2794200,10694200,38354900,2101300,3244000,62500000,695200,17726000,2745400,4635300,59318300,9647500,765200,3641500,8984300,15459900,4199000,4380700,2632400,1196600,2007400,39162848,1056100,7341800,4678600,3668100,21685600,7158200,11641300,3545900,1958200,2285441,6427000,1714600,4087200,2788800,1563400,1520300,2917300,3828100,606400,1897900,10419524,28342300,21236100,1652100,20808952,7872900,2878400,11245800,22424000,2422400,9086700,3899200,2578638,3969047,2178500,35371500,3824400,4962200,13676800,1000900,7583200,2007100,2647500,1152000,3172600,28164000,2804000,3078000,2155200,6526500,9588600,385500,1779289,7486300,2494500,7447402,8310000,17808900,39402200,7550400,4093300,76595000,5103500,493200,7578500,2027400,406032000,2310958,11687800,5061100,3685200,15102555,5469700,1043100,2161600,4109300,1358600,4233100,1297400,627700,503500,7633874,5806300,5379300,898200,10248700,6867800,1494600,714100,1129600,54813997,5397800,1520600,3149100,99682500,1355600,3903700,2543600,4252300,5982100,2679700,916300,950600,15568200,2414300,22075000,19613100,3020900,14366000,1629300
2018-01-12,101672400,4372600,,6320900,2048800,4246000,6646900,9072300,47149300,3111400,3197300,108874000,648700,19881000,3231500,6559300,66371600,13882500,941800,4184400,8746400,16946700,4127900,2430400,3244000,1151300,2338200,20240990,1108900,6742100,3499500,5749500,23770500,7098200,7232900,4350900,2316500,2136996,5899900,1907400,3211400,3467400,1267000,1916500,3500400,2025300,1090100,2417500,7143470,56979200,14187600,1342900,18169606,6366200,2585300,14914600,38586000,2849200,9026800,6748400,2594357,5263367,1699300,29973600,2797200,5450600,18884200,990600,14570100,2644400,2728900,1428100,14247600,27881000,3041000,2901600,2542600,7179400,77551300,478800,2361263,7413600,2628200,12935569,8998000,24271500,28458500,6386400,5068400,81994000,5135700,706100,5998500,2637300,359916000,2132525,15978200,5781100,4335500,20240700,8111000,862600,2441900,5513700,1849300,5007200,1523800,830700,603200,8285523,6989100,7517000,3062100,9211500,8591200,1238100,711200,1139000,41285233,7825400,1486500,3165200,72376500,1758100,4577800,3943800,4212500,5585800,2873400,915900,1561100,17673700,2686600,25886100,20853600,3422600,9834500,1915700
2018-01-16,118263600,8528600,,7175000,2858700,4595600,3999900,14385000,42686600,3374600,3193900,144414000,1115500,33528000,3814000,12305500,104467900,15122500,1370600,6220000,11087300,26181400,8530600,2844800,3663900,1442400,4580500,20292313,1304100,5458600,2006600,5790800,32845000,8437300,6254200,9056800,2046100,2511830,8069200,1889100,4375300,3570800,1133700,1513800,3899900,4835600,858100,2198500,10847695,53961400,22835400,1668600,42912819,11750200,3961500,20169300,36462000,4445500,10231600,5692700,3788585,8152733,2148000,38367200,3021900,8804000,22703300,1492700,16459300,2754100,4878300,1374900,13570400,42511000,4673400,3662600,3517000,8659500,36183800,707200,2883676,10521000,4401500,50399682,11168500,36599700,38174800,7471600,6917800,135161000,9117000,756100,15751500,4299700,702348000,2066477,17152600,4333100,4936500,30536699,9465300,1237800,2432500,5855600,2601200,24478800,1340300,1003400,779500,8288065,8040700,9365300,2764500,11902500,9767000,1448900,840800,1369600,32739342,7647400,2264300,4669900,97114500,2093000,9251500,6852600,4126500,8803800,3052500,1602800,1834800,14739200,3144800,17907800,21512100,4761900,10882800,2599100
2018-01-17,137547200,5384900,,5037500,2143100,2969500,2934700,17924200,39020800,4018200,1999700,105076000,806400,37365000,4469700,9699900,124382900,12892500,983900,4600700,5864700,20958400,5571400,2616500,3299300,1410600,3455200,18222333,1470000,5798400,2585200,4254700,24427100,7448700,5632700,4976800,1960400,2867827,7030700,2365700,4125200,2709000,1131700,1712100,3276100,3324300,627500,1379400,8315262,132412500,16886600,1378100,39131904,11162800,3186500,15855700,27830000,8608100,8479900,3996100,3501541,12248660,1954700,32368600,2689500,10619700,14940300,2047400,12143100,1751900,4083300,1009600,5296100,64971000,3136000,4129600,5706600,11557700,27992400,524000,3012724,7724500,3489700,22940615,11905200,25621200,38077100,9304400,5215700,91231000,7422600,613100,8877000,1952200,538408000,1718590,23183100,3109900,4554600,25332363,8345500,821200,2394200,4009400,2333400,12559100,1754400,738900,742400,6219028,8433800,8312200,2194500,8009600,10598400,1699300,1044300,1299700,29194465,7595000,1461700,2925600,106552500,1598200,6916700,5124800,3508800,7991500,2940700,698100,1270100,11591500,4696000,23892900,26045700,3839100,10546000,2769600
2018-01-18,124773600,6371200,,5658600,1715500,2539400,2704800,17677700,62086200,3084900,3416400,80538000,1032500,30319000,5290700,9458600,76463800,9965000,819600,5141500,6942000,15420800,4668800,2062500,2491000,1380300,4040100,23279059,1140900,4554800,1908000,3842800,19610200,8065800,5890000,6801100,2185900,1485125,8070900,1839500,4757600,4353800,911500,1205700,2356200,4564600,807400,2001600,9881857,66541700,23341000,1903100,35944841,8527500,2298800,11868100,27498000,4984500,8388000,4474600,2939961,14915228,2132800,26826500,2374200,5554800,14572900,1353100,11952900,1746700,4445800,973200,5956600,41988000,4150600,2154800,4833200,6824600,23304900,535600,2671266,8605000,3610600,20861278,13953900,24159700,25152100,7951200,4669400,82253000,5656900,598700,6464000,2798200,408632000,1982988,17119200,3012400,6221800,19946528,7699800,859700,3680700,4134600,1514000,6797900,1328400,596400,715300,5098465,9170900,5837300,1922100,10588500,9885100,1947600,1109500,1364200,36623296,5074800,1458500,4088700,85287000,1378900,7970300,6234200,3371100,8661000,2489400,1371700,1250900,29442600,3496400,16305900,36923700,4937900,9223700,2589000
2018-01-19,129700400,4991300,,7362300,2246700,2343000,3221600,11458700,46800700,3652300,3284700,91570000,1057400,29963000,12306000,7264400,66491000,15862500,591300,5140200,10023700,17814000,5796700,2867600,4096700,1363900,4480600,25172344,1558800,5037500,2353800,3120900,24582000,7963600,6048900,6529900,1613900,3240293,10514300,1467500,4536700,3534200,1068300,1523500,3538100,2920600,598900,3215000,11867509,51303700,22636100,1420400,44851332,7920900,4130400,14470800,30552000,4643400,10388000,5809600,4168395,22146435,3146900,25780200,2254500,8738800,18785500,988500,16187400,1678800,5826900,1511800,9558300,26150000,2947800,3746300,7529800,8893300,26826500,493400,2408146,8714000,3894300,12745671,15124200,36875000,41469200,8988000,3960100,105486000,12896100,874000,8026000,3272800,609380000,2040780,14011500,3224800,6002600,31133684,9364000,902500,3790300,5818900,1657500,8864300,1445500,665000,1015300,5140892,8361900,7439500,1959600,13389800,8808600,1805200,1088300,1196700,36965815,9128400,1439900,4768300,73324500,1272300,6367300,4293600,3891700,8250700,2368800,1428300,2085300,23761300,3011000,16524000,25135800,2863600,13090000,4829600
2018-01-22,108434400,4538100,,6841900,1720000,1701300,4622500,11479800,34758600,3579800,1826700,82802000,976800,27230000,4983600,6792900,53848800,9955000,843600,3267200,7973900,11561100,3540900,2837800,3752600,882200,2824700,23940706,910700,5748800,3009100,2214700,22995100,7016200,5248800,4394000,1401000,2440090,8073600,1565800,3720100,4235800,1543100,1267400,3521500,2233200,702000,2413400,13264042,52851900,17637600,1006300,28005019,7464500,3154700,19562100,29550000,5264700,17802800,4857700,3619104,8870917,1645700,27706800,2476800,7010400,12475700,1097200,9577400,1523400,6374000,1463000,7084300,28231000,2275900,3217900,3495600,6940100,21059500,480600,1985958,4987800,4365700,12835380,16858300,23601600,37879400,7438800,2860900,177033000,8491800,731300,6897500,2432300,550944000,1760076,16840000,4309400,4308600,21380495,8658000,835700,3172200,4762300,1348000,8566200,1738100,760100,897100,6520938,11945800,7245600,1710900,13192700,9649500,1751600,873400,1354700,41918634,8736600,1230300,2390300,93156000,1157600,7217400,4012200,3100000,9355000,2441200,1443600,1689000,27691300,2817900,12245200,21924900,3106500,10270400,4195100
2018-01-23,130756400,5095300,,8122100,1635800,3981000,3888500,8813500,46417200,3486700,2923400,103386000,1058600,35398000,4375200,4537800,56531400,11800000,643400,3659100,5609700,10080000,5036500,2996400,4189900,821200,3388900,20438919,842700,5478800,2316400,2816800,23984500,5780600,5747300,5204200,1365000,2688588,7477300,1445500,4033900,3449700,2388000,1007300,3205600,3150700,797600,2393700,9026637,51831000,27792100,1182800,25714786,7198800,2682900,14127600,39138000,4003600,13756800,3621700,4319943,7809645,1821200,22135100,1699200,17473600,12320800,1186200,11463700,1775300,5728100,1066200,6118200,43397000,3035300,3197600,3262000,6831600,25678800,523800,2179949,4596400,2852600,11718212,9372200,23412800,41334100,10592400,3284000,277053000,6412000,653700,6872000,2786800,475228000,1692274,14141400,3314000,3536900,18527212,18756300,940500,3554300,3778100,1436500,7825600,2094500,842200,1040000,9101156,10806800,7011500,2137800,9332600,10273700,2864000,776100,1103500,43739664,7822600,1267000,2872400,81981000,2236300,8087100,3300000,2952700,5683300,2120300,1118200,3058700,33000500,2759300,12937100,24863400,3110300,10281800,2264100
2018-01-24,204420400,4436500,,11704900,1951900,3250500,3519600,11787300,41956400,2765700,3061500,136150000,877700,45405000,4949500,4205400,81585000,10132500,642200,4294200,4514200,18108600,8241000,2405700,6755800,718600,3767900,52196360,1048400,4992000,2799200,4975500,26696200,7308500,6868200,5278100,1448700,2508221,7211800,1021700,3601700,6553600,2012500,1472800,3284300,2463900,612200,2862200,7695157,63300500,26371300,1421700,34850262,4530500,4391300,11321700,37128000,4314000,12321200,4370700,2938854,5904670,2029300,32464200,3024600,13034400,15904500,1320600,15964500,3701100,5977700,1360200,4127500,54649000,3912400,2810800,6566800,6794200,24334500,552300,4151316,6121800,3933900,14129241,8403600,33277500,31305700,7874400,8014400,173524000,7421800,857500,7162500,1872900,579972000,1719931,17205600,3356100,3445200,18673191,15141900,842400,3171700,4404100,1945300,12383100,4607300,712900,1456500,8806238,11911900,6351400,2255100,10369000,8133000,1802200,791200,1332300,37823767,6937400,1227400,2894300,79312500,1576000,19223900,2733300,2862900,6425200,3109500,1297900,2492700,21080400,2368100,20180300,20469300,2384600,10316100,2585300
2018-01-25,166116000,6327500,,15261900,1327100,2574200,3721100,15271900,42966600,2470300,2409500,95060000,2585900,59520000,3375200,4747500,62265800,8247500,892500,3088300,5563300,16178800,16937100,4370700,2863800,760500,4236300,29661640,1228100,5473400,3558700,4715100,19207500,6357400,4597200,3915500,1651300,2407152,6291000,1156800,4842900,3457700,1319800,1075800,3293700,2061200,929000,2592200,9659359,114886800,31662900,1603500,19834813,4708000,2352100,11386000,29984000,5055000,9436100,3537700,4519977,3454415,2095300,36758700,3937200,7938800,13510000,1855700,11755000,3391800,5201600,1782900,4864800,82788000,2088900,2815800,5448800,7402900,17377700,653500,4195448,12691800,2894300,9853610,9463800,26383200,40519200,9845200,5814400,153364000,5707600,1406000,6103500,3857400,409884000,1690829,13904300,2468700,2712900,18988232,11264400,960600,1625200,11823700,1864000,9122200,2058200,869800,1064800,7217874,16225600,7453700,4416900,7142000,6763800,1476900,748600,1009500,30981997,4852600,1668400,2798500,101104500,905000,8564800,2420500,3166800,7166400,2725300,1094000,1270600,18638700,2134400,17568700,17571300,3688700,11271900,2327300
2018-01-26,156572000,19614500,,10242800,1950700,2338100,4900600,11253500,44239000,3920300,2107900,97146000,2700900,49014000,3668700,5236300,52699900,9512500,516600,3640800,9570100,12807800,9045300,3328800,2811800,977000,13162400,29875893,1131300,5277700,2756200,3927400,23380400,5883300,6310500,5245200,1554500,2744875,7743800,1375500,3944500,3417600,1189200,1213300,3587500,2170900,1228700,1863300,10535609,52496000,18346700,1522200,18965005,14617200,5439000,9131200,42170000,3535400,7495100,3778100,5556901,3962143,1280500,86916100,5459700,8065600,13883900,2314500,16671200,1870000,6394100,2057300,4017200,47616000,2191600,3957700,6504400,5733000,17759200,591200,4461798,6819100,3556100,11060278,8382200,29172200,27177500,14587200,3338400,110218000,6290500,1297900,7373000,2778200,516356000,1726123,14909200,2345900,3993900,51441419,11503100,1162700,1611900,6000700,2645100,7919000,1569000,1429600,873000,5090520,51851700,8782000,2871900,6055300,8851900,1574700,1091200,1310200,28609654,7546400,1162000,2028400,68091000,1215600,7801600,2615300,2044500,5604900,2122200,1570800,1495100,13077600,2206400,16251900,20358900,2656100,10514400,2532800
2018-01-29,202561600,10182700,,8638500,1314800,1939000,5796100,12350600,66645400,4565700,3901700,114038000,2032500,50401000,3472100,3324900,59126500,11220000,611000,3021300,6041600,14611100,9496800,3214500,3510200,936100,8636800,23003773,1223400,4167600,2031100,3181500,23625900,8372900,6350700,4829500,1487600,2910804,6847800,1413200,4901300,6486500,1109800,1975900,2136400,1584900,630800,1883800,6524908,55114000,17668900,1153300,15469060,19411600,2263400,8177500,31494000,3881100,8567500,3632900,4062456,3678782,1870400,46304000,2629800,8013400,11679900,1420500,11662600,2982800,5324500,2881100,3787300,40060000,3082800,6091900,3917400,10451700,20453200,515800,2758335,5387900,4153100,9198191,7493500,31569900,29455000,10057200,4742300,175297000,5067300,1389800,12074000,2448400,455116000,2185879,12234900,3014800,3854700,36779014,11685800,578500,1462600,3952500,2563500,9745300,1302100,1095200,665200,5530356,18899900,8052400,2216400,7877900,5900400,1678600,1065600,1558100,40884590,7882800,1042800,2553600,71206500,2161600,6389300,2564700,2753800,6257900,2787100,1400900,1828700,17052600,2085500,16105200,25065600,3613300,9315700,2662400
2018-01-30,184192800,11851400,,6497600,1700000,3343300,4216000,14603700,91236400,3990800,2440000,117438000,1790600,46002000,3466500,4983100,60555800,9557500,851100,5040100,8690200,15816900,8694800,2954600,3496000,4717400,6027700,22832306,1506100,6381000,2285000,3737700,28993900,16517900,8084000,4798300,1712700,4386228,8393900,1471000,3969200,8493600,1019000,4527900,2311600,3589100,700200,2478800,6458874,52068200,16342600,2455400,14242064,14001200,3177000,8459700,37338000,3970400,10719500,5979600,4304224,5127806,2831300,32814600,3218700,8376100,14279100,1541200,12404800,2007700,5388400,2032900,6360800,37946000,4227100,9613000,4091200,7110700,20858600,503400,2885470,6365200,4841700,13666654,7321200,38635100,38861900,7823200,4204300,124829000,6350500,1297400,11847500,4430800,570832000,2155332,16863500,4415200,4945200,48483684,9662900,992600,2621700,4069700,2049800,8059500,1379100,603700,621600,5675590,14341200,8368000,1974900,11371000,8254700,2145000,1219600,2171800,39565357,9984400,1921700,2017700,70765500,1611800,6492900,11565500,4124900,8154400,4338800,1782800,2184600,15401500,2444700,16158900,27541500,3167300,12408000,3808700
2018-01-31,129915600,15744800,,7804400,1878300,2747600,3754400,13166800,140977800,4677700,3184700,128494000,1867800,80482000,3202900,11409600,65734100,11320000,665800,4626300,10130100,16266300,7014000,2814800,3634600,2719900,5458900,28730362,2947700,7073700,2682300,4181800,36512100,12472400,9626800,7018400,1969800,3732439,9841400,2538100,4007000,14727300,1738700,4063300,5458100,2409800,739500,2901000,14126131,57644600,15107600,1764600,16018822,12790800,3535200,19781200,36022000,3710200,8580800,4547300,3641908,4260149,3423600,41619900,2477700,13137400,13141400,1174000,10960100,3570500,10558500,1887200,7082200,28384000,5815300,7004200,3888000,14784000,43275100,888300,3751134,9800300,6425000,15582712,7193100,48756300,45114600,12930800,5987600,116951000,11036400,1318300,14406500,4875700,478576000,3748534,16806800,4626100,4018100,35859926,11798100,1544700,3976900,5041600,3388700,13915600,1455600,848700,876000,9389719,13118400,7737200,2184600,10198700,9355200,3259500,1243700,2846500,54843258,11270600,3414200,2164900,93211500,3753100,7362500,5187400,5788300,7338200,5334000,2190500,2323800,17827000,4265600,18147900,29438400,3526900,14404700,4136400
2018-02-01,188923200,9943500,,8101600,1692600,2366100,2968600,9706000,67543300,4078100,2351000,182276000,1477000,66851000,2952100,6067600,62367400,9000000,659600,4508900,13699200,12437200,4323600,3168300,2658000,2755300,3900300,28260455,2357300,7011000,2096600,4302800,26148500,9150000,7844500,4069500,1721300,2582218,9518900,1784900,4328600,6297200,1556300,2001700,3022200,2507600,568500,6112700,6862089,41352200,10716700,2318100,11022366,7305100,3538500,9629800,73514000,3388200,8530400,3553800,3048115,4638173,2523300,28840400,2119500,9393600,13800600,1451200,10279400,1520800,8410700,1579700,4922900,30535000,6848400,4751300,3865000,20120900,54211300,803100,3187938,14240400,6953500,14009664,7474400,47227900,35713500,8848000,4339300,96690000,5790500,1455200,21154000,3209400,519224000,3291048,11674100,3165300,3485600,29697926,8606300,3058500,3474200,7612900,3243600,16838500,1296800,2403100,1034900,6674277,14690100,6938100,2628900,8671600,9120700,2652400,1102100,1495500,79392071,6082000,1912800,4258500,62965500,5069200,5828200,4268300,14405900,11169700,5032300,2100200,5090000,18646100,2609300,15717600,19160400,4498200,17971000,2981800
2018-02-02,346375200,7184400,,12346500,2183600,2813800,2800200,16813100,79432600,7029400,2474600,222514000,1356900,58352000,4663300,5486100,96971900,12845000,808200,6080600,9756200,18561200,7602800,1809700,2577700,2158300,5130500,34176650,3012900,8433300,2386600,4403800,27224200,10395600,13182600,3528900,2568700,5140183,9947700,1562400,4252400,6471200,1641100,1380000,4853000,2549400,533000,6100300,7758107,72312900,25449200,1655000,17171805,9356300,4130200,13982100,117842000,5913900,14070800,6179000,4659016,5493487,2540300,28663000,2818800,9262500,16477300,1504800,12912300,2086200,5152500,1958600,6247900,55276000,6556500,4604500,3890600,10937100,26677500,1261400,4695137,8652400,5035100,12852777,9783700,47867800,40657400,9291200,5936200,91236000,9348300,1227000,14133500,3814100,718464000,2595067,17562200,5505000,3348900,25588907,12846300,2002500,2646800,6421800,4492300,10971700,1416300,1546600,1153800,7443988,15358900,9097600,1980600,9066600,7211600,3166200,1118800,1240900,61034679,11470200,1992400,2647200,55572000,2256300,7474400,3959900,9235600,13937700,4656700,1861500,3455100,15574000,2827500,18905300,27759300,2924400,29822100,2595200
2018-02-05,290954000,9827800,,11548200,3733700,3801300,4146500,17999700,116568900,6922800,3000900,229900000,1707500,70776000,6421900,10511300,155908300,13705000,1129400,10746500,13077200,31087800,11390500,2853200,3518200,2260100,6278000,45205909,3687700,11060300,3407200,6124000,52399600,12199500,15414700,4693400,3549600,5429177,15107900,1868000,5852100,4533400,1862600,2016400,4426300,3175900,580700,5528400,9817225,96757000,29892000,2315400,25715850,10810400,4534600,19660600,83550000,6528500,12398500,10618500,6389805,9148944,4083800,47869000,3765900,19954100,30097600,1885800,23261500,2593900,8145200,2947100,8339800,58953000,7196000,7309300,7048200,14324200,33128200,988200,7882238,12619800,5891600,20546774,13439000,51031500,45796800,14612400,8489700,118961000,12549500,1541600,18943500,4241500,1165204000,3214474,19725800,5786800,5347600,42463657,17462200,1771600,3496700,7901200,4252500,35996000,1783600,1297000,1345400,10984757,16060000,11267100,3576900,11310300,9907400,2678600,2508200,2576000,60368442,10812800,2387600,3489600,66961500,2631600,8460400,6290000,8119600,16623900,7072900,2381000,2906900,22239600,3525100,103394400,37684800,3978800,30452700,2962000
2018-02-06,272975200,14107800,,15214700,4259600,4480000,7872400,21455700,87123200,7527700,3817000,221336000,2396600,77744000,7244000,11935100,165878400,14112500,1076700,10663000,14089500,32116700,13908700,4553800,4476000,3059200,6903800,51958952,4348400,11013500,4067900,6857900,55171600,11241200,18416300,6910200,3377400,7550719,17765100,2238500,7810800,4652300,2828200,2347100,7320400,4635500,726100,4994500,17627346,139938100,38602400,3366200,26462505,13287400,5553300,26988300,76630000,6739900,11153200,11682700,5888336,10321614,5924100,58145400,4715700,19193500,33114800,2185600,25184300,3718100,10558800,2603000,9031200,58903000,7259900,7020000,10956200,12196800,37758500,1265800,6109288,16146400,4615400,32494498,17628700,67998600,66972800,16941200,8980000,125958000,13356700,1716400,14815500,5682400,1114800000,3945542,25921200,5616400,6642600,56035067,19955500,2991500,4659500,9591600,2894200,24458700,1756000,2005600,1767000,13781079,17415100,14434800,3170400,12391900,14707700,3469700,5582500,2754400,83286617,11889800,2415300,5740600,76326000,3545700,9266900,7064800,11749100,19053300,6335000,1746600,3114600,34543900,3943300,83076900,49241400,6022700,36262800,4924300
2018-02-07,206434400,10030800,,6872700,2918700,2988000,5927700,14763400,55758400,5715700,2245900,143254000,1650000,40475000,3796800,7946700,101180500,12280000,672400,5758000,8216700,18908400,7156500,2978700,3122300,1729000,4413200,35280995,2725600,7721700,2594800,4515400,32690800,9611100,11535700,4913900,2378800,6020136,12445000,1335700,4840400,4066900,2052300,2311700,4045300,4666000,424000,3908800,11991867,68041800,31024200,1520100,15859821,20315600,3502600,19402900,51942000,4125000,8631600,6016800,3511282,6432063,4418200,37508400,2311800,10550400,21878300,1631100,18041600,2248000,8240300,2052900,5257300,34033000,4364800,4974000,27250400,8322200,27601900,1215300,3451178,8352900,5065000,14349740,11541700,41107600,51354800,11514800,8964000,89815000,8845700,2099900,12314000,3153200,802932000,6054847,15138000,5630300,4931400,30955980,11851800,1506600,4137500,5916800,2199700,15021200,1761700,1022600,984100,12563270,13927000,10182200,2379000,7345000,10125300,2055700,2405800,1607900,47180078,12023400,1653000,7319300,104538000,3554500,10009100,5589200,7219700,9294000,4344500,1551700,1812900,16066600,3239700,45551000,33495600,3961100,21994500,4534900
2018-02-08,217562000,7212400,,6874500,2900900,3978700,4464700,19922900,56471800,6026800,3890100,171572000,1218700,43200000,5814900,8295900,128981300,16927500,1038700,8044400,12598200,24941100,9101900,4391400,3683600,1637100,4875200,36409134,2739600,8618400,3013200,6803800,42982100,11725200,9927500,4101300,3051300,3883817,12667500,2088800,6160100,5478900,2457200,2362400,4350200,4675600,964900,3150900,15882697,73990700,29904000,2735400,28928098,13853700,3359600,18035400,66792000,4166200,13885400,7241800,3722386,7090939,5808600,43151300,3880200,11680200,27425800,2399000,23295300,2054300,8059600,2627600,7673100,49344000,6557700,5656000,16232400,13672600,38478300,897800,4486555,13457400,4379300,21871760,14073100,55628700,53794100,9683600,13378900,93067000,14121800,1520900,18686500,3362300,1144000000,4539149,21255400,7126300,4907900,45850792,14596100,1520800,4594200,11214300,2621100,13451600,1221500,1634600,1264300,11691068,17736700,11895200,2378400,12186000,9475700,2940100,2651000,1654200,60563732,10940000,2196600,8031400,154719000,7893500,11506600,4902400,6999100,12673400,3975900,1734200,2854000,23308900,3956600,43569700,41925300,5260900,25650800,2730000
2018-02-09,282690400,8909300,,8028400,3656800,3818800,4761500,22648200,85458200,6093900,3977300,282830000,1787000,43282000,8017600,8833000,143071100,28437500,938600,8931700,11066400,26616500,9528100,3670300,5188900,2870300,6097600,39880192,2623800,9685600,2777200,6615800,51304200,16718500,10922400,4629100,3895300,4166381,12479700,1988000,6312300,5945100,2224200,2597200,5979300,5335700,1045500,4925800,15179174,72103600,34794800,5153300,26929053,13746400,3037500,19598000,98360000,5978600,17765800,9059200,5984312,8188402,5336400,49301100,3903600,15030900,28188000,1734600,22853100,3116200,8939700,2366600,9667800,59371000,6303000,7187100,11433600,13993500,39887600,939200,5404246,10713100,4871400,19472364,15736400,63499100,65189300,9090800,11000500,169069000,13733300,1750000,14181000,3291700,1674604000,3337075,23191000,5440300,5301700,49851776,18838800,2086400,3365000,9899900,2679300,23095000,2334500,2088300,1418800,19253277,19382000,12923600,3061800,19725600,11018600,3211700,2387000,1550100,66489162,15882000,2074300,5150900,194005500,5299800,11599300,6225300,11369600,17695500,5463400,1390400,2719800,27707900,4303900,48904600,42553800,5456100,29491600,3296500
2018-02-12,243278000,4823300,,8234200,2273700,2824700,3538200,16326100,63160900,4324800,3821000,134778000,1266300,35063000,7419200,6885000,95055100,17057500,614700,5128900,8449800,16677700,5756800,3325300,3146000,945400,3457600,32738228,1991400,7035400,1596200,4624100,38210700,8943800,8358200,4418600,2343100,2535293,9584700,2390100,4373100,3695100,1551400,1790900,5187900,3551500,876400,2789800,10403821,49068900,26314100,2667200,15771182,10030700,2589900,19392000,56240000,3692500,12278300,6783700,3825337,6151944,4173500,28379500,2535600,9963900,18043300,1755800,14689000,3099700,6454200,1829200,8067600,41507000,5227400,5255900,10039800,15788600,32092100,1073400,3935318,6739900,3423700,13259506,11712900,35720300,47941100,8123200,6256700,85349000,9792200,1284800,8074000,2800300,1093172000,4427899,16261600,3951700,4759200,38743670,10769000,1529100,3650500,6468900,1809000,13692100,2081600,1398200,800500,15172249,10969000,7561300,1611900,11382800,7209700,2338500,1723900,1568600,36741927,10206800,1528200,4816100,93417000,3250900,6673700,4912000,6677300,11526300,4020900,1613800,2242200,16903000,4115600,24401300,27405300,4518300,19340400,3828000
2018-02-13,130196800,5316200,,5816600,2059500,1961300,3859200,12878600,33661400,3834700,3710300,118358000,1189300,23719000,3366700,4030200,76727300,9380000,517500,3967700,6249900,11749100,5512100,1879200,2051600,842100,3528600,19348231,1238300,5438300,2123900,7542800,30999100,8796200,7065900,3395200,1795900,2270213,8447900,1618000,3808000,2388700,1385600,1397900,3542100,1735300,910100,1332500,10386857,36884500,23234600,1537700,15378459,6596800,2069600,8937200,31586000,2700500,6857700,4273800,3116527,5115986,2676000,19517600,1436100,6339000,16358200,2036400,13163200,1402800,4041200,1279300,5541700,28416000,3471000,5406000,8593000,9240100,21809400,1498000,3018226,5226300,3571000,17857291,8659500,26407700,30296800,6312400,5421600,68552000,9538400,897900,7157500,3192100,625524000,2945122,12633100,4519800,5274700,21559570,9278700,1077300,2438900,5182300,1441200,7695900,1732200,1557300,1131700,8052258,10416400,6467100,1312200,7959900,6832400,1481900,1498600,950000,30289413,6666600,1222700,5378600,68403000,2090600,5061400,3536800,7557900,7803900,3638200,1688200,1624500,11871700,3839200,24234200,19868400,3409900,11926600,2416200
2018-02-14,162579600,6189100,,3728900,2583200,2542400,5756000,22166600,51756800,5958700,4829300,119184000,1115500,25491000,3446800,4340200,97251500,11310000,656700,4348100,8048700,16261300,5560100,2917800,2740200,645400,3579200,23455328,1789600,6612400,2191000,7428000,43835900,6577000,7031900,2885800,2854000,1697527,7425700,1726300,4563000,4293400,1339800,1500200,5000200,4089200,879400,2399600,10743246,27844300,35128700,1817100,17926577,7063300,3233600,10271600,41304000,3793800,8741200,6767000,3277042,5731034,3167500,19922000,1522800,6259700,15186900,2065000,13457900,1622000,4361100,1652100,8395800,58370000,4203700,5865600,7374200,10233100,28929700,1401300,2796009,5532500,4690000,11996142,10536300,34960900,36765900,6436800,8195500,109720000,8662600,1536800,9260500,3077100,744988000,2815812,14271400,8007800,7702700,24494749,9412000,1152300,2679500,4253800,4091300,10370900,1538300,1981400,823500,11043073,14190300,5995500,2192400,13030900,8010300,2092500,1567500,1792200,32880481,8596600,1412300,6498600,59260500,2541900,7413500,2878400,6504000,9206400,4877300,1333200,1992100,17559200,3249000,23681800,21922800,4261400,17188400,2947800
2018-02-15,204588800,7401100,,3871900,1854900,2233300,3870400,26888200,59593800,4493400,3223300,113054000,1092700,25540000,3057400,5827500,68117400,12282500,648000,4357900,6340700,11066400,4914500,2673900,2499500,1654500,3617100,23140776,1595400,6190800,2072900,8341900,72267500,6770200,5405000,3122400,3026200,2139365,6494700,2392400,3923800,3207100,1447200,1532800,4089400,3495500,2817100,1516400,9532478,28208300,21663100,1707700,11452419,7159700,2636600,9715800,37396000,3523100,15759700,5113300,4024264,5882286,3229500,23536800,1564200,5606400,12130200,2950300,13467300,1634200,4810700,1167600,5729300,41792000,3915000,5012100,7161000,8637800,20922100,1153500,2544490,5366500,4187200,10584695,7769900,27823900,35072300,8742000,5359800,107597000,7390200,1316900,9406500,2524100,698900000,3099509,14132500,5020800,5125200,22588379,8910700,920100,3054200,4361100,2639600,15548400,993100,834400,988200,7240596,10294900,4921400,2195700,8844500,8512300,1692400,1529700,1161000,36419533,9808400,1080800,6213400,88693500,2555400,5264800,4662700,5535100,6921300,4057600,1867300,1244700,18902700,2908500,22397300,22484700,3736300,14432400,6022200
2018-02-16,160704400,8717000,,7849200,1997900,2172600,3559500,27810900,47332300,4365800,3024700,89452000,1194900,32639000,3280700,5211600,62137800,13977500,534400,4382500,6707700,11644900,5991600,2769000,2286200,1019400,4421700,24075681,1449000,5070900,1969300,4667300,39267500,6469900,5950400,3529500,6626900,2130792,8746400,2253600,3796600,3214500,1301800,1086600,4783800,2973500,1316300,2200200,13245535,41041800,16549400,1476800,13505612,7548600,3423500,14871800,39948000,2602500,12205900,7619200,3100808,4479913,3456100,21475200,1649100,7970100,13214300,1812300,17202300,1589400,4699600,1084800,5331500,43356000,4213100,7165800,7107200,6814900,20645300,720200,2657273,6202700,3301300,12294402,7448200,30596900,49404600,6546800,5395600,83124000,6842100,957900,9481500,5312800,637656000,3000437,11098800,5793600,5578500,27659595,10371700,869200,2867800,5209400,2220500,11760300,1195700,1175400,845900,7602888,10151300,5886200,2297400,7512500,7861100,1909900,1302200,1064600,26349718,8217600,895800,4812000,84639000,1858300,4910400,3621700,6119600,6371400,2538800,3235500,1001900,12264000,4051100,18661900,48192900,3592600,13722400,3921100
2018-02-20,135722000,8751400,,8182500,1425700,2722700,2750100,22000700,47096500,4078400,2220500,129984000,1248700,41693000,3514700,4303400,58573900,10200000,532100,4116700,7059200,12040900,5094600,2480900,1869300,919600,3016700,19380775,1435400,4262900,2202100,4287800,29006900,6415200,6810900,4264800,3750400,2381885,6734500,1999900,4017000,2540600,1390400,998800,3897200,3381600,794600,3344600,13868724,27617900,12946500,1125400,12867294,7229300,4500200,7814600,33754000,2618400,7426100,8922100,4111163,4696122,4193700,25512000,2682600,6563500,13461500,2034400,14137300,2590500,3195000,1102600,6648700,32965000,3750100,5211100,8053000,5158900,21204900,826000,3200376,6294000,3236000,14113416,7709400,30911700,36215900,7792000,5718400,77690000,4859100,1171800,8776500,3453400,686240000,3075360,14144900,5107900,3835500,27202370,7087700,893100,3633300,3974900,2957100,27494600,1155300,844000,692900,7364856,9450900,4671500,1653900,6840700,8368500,1516600,937500,1118900,29222666,7274800,1127700,3059000,60141000,1230500,4970500,3172300,5228600,6182800,3083600,1881900,1136400,21330400,2639200,18517600,156265500,3454700,13387300,3646700
2018-02-21,149886400,5122500,,4793800,1628600,2043500,3570400,16464300,40195800,4054600,2811400,126088000,711700,28156000,4431500,5258600,72210300,12967500,486300,4994400,4939600,15888800,4179400,2443700,2914000,684500,2749100,15183730,1120500,5287000,1747200,4976500,28499200,10624800,6892300,3822600,2753300,2455656,6743300,2908500,4242800,3191000,1597200,967000,4368200,4119300,1193900,2219300,20768948,36037700,16481500,1281300,20472151,6956900,5077300,9098500,41486000,3017900,9845900,7527200,4488760,3900116,2637500,27527500,1777200,6578000,14212500,1562000,12792900,1834100,3871100,1391000,4248700,32713000,5999500,7833400,6471600,10029700,23200800,336000,3063434,7077300,4522200,11244935,8363000,26922500,31618700,8582000,5736600,93711000,5107900,1337100,9620000,1633300,892292000,3612310,13050800,5113600,4501900,25872327,9134500,687900,2689900,5661100,2256700,14895600,1459900,946800,603500,12340333,7851000,5896600,1595100,7855000,8576300,1657100,1196800,1428600,27529402,7272000,1021300,2973800,48294000,1784800,6536500,3371900,5516000,7676100,2018100,1667600,1160800,20889900,3418200,19987800,148511100,4723000,11715000,3403100
2018-02-22,123967600,5185700,,5539900,1511700,1541500,2639100,14924600,37886300,3868200,3075900,97162000,771900,19342000,4270100,3414300,64749700,10807500,626100,4034000,6074000,16049500,4723300,2293900,2492600,1105000,3162100,20060560,1224100,5565900,1360100,4763400,25887600,10061500,8176700,2449100,1908800,2642227,4462200,2092300,3103900,1919700,1332600,1023500,2534700,3165900,858700,1778900,11335591,25409600,16885300,1383500,16379390,8382200,3589500,8805900,28010000,2678900,8273000,5653900,2462403,4209732,2587500,16946400,1733400,5732200,17070400,1548700,12377800,1627100,7687400,1432700,4461200,17529000,5605800,4398200,4396400,8485300,18464200,537400,2732262,5701500,4149500,11334958,6111600,24392800,24359600,5802400,4903500,88915000,6515800,842400,5851500,2606500,534364000,3034596,9513200,3785300,5394700,23983454,10277700,848200,3353200,4072900,2905600,11722300,1652800,841600,658400,12827679,10172400,6315600,1615200,8393800,7088800,1602800,1028700,811500,24543650,5683000,1230600,3066000,104547000,1114500,4036500,2767900,3357000,4994000,3047300,1404000,1654800,21198300,3324100,17948600,61095000,3439900,14020200,2417700
2018-02-23,135249600,4685700,,5190400,1577200,2349300,2401000,13532400,33317600,4163400,1925000,88362000,632600,18280000,2440600,3355400,53626300,13882500,366700,4128400,5748900,12481200,4450800,1726100,2042000,1116800,2398500,17620865,972300,6513900,1561700,4173500,25781400,5804800,6460200,2055800,2038800,1857478,6101100,1441200,2839100,2476900,1529500,1052700,1901600,2063900,1033900,2204900,7571501,21786800,15111700,1806900,11040854,5626000,11895800,6424200,25292000,2507100,9069900,4315400,3504197,3405881,1902400,26040900,1416900,5126800,12162500,1275800,8277200,1593400,5170300,902500,4358200,22273000,3093800,4272400,4127600,8856200,19007300,495900,1933573,5632500,2896400,9499177,6687100,26329200,48476700,7286800,4812800,73018000,4428500,845000,5179000,1313100,415300000,2451619,8866800,3854700,4760400,17940029,10321800,722700,3275300,4824700,2922000,6762200,1045200,688700,602100,7316709,11394400,5252800,1811700,7652000,5648000,1071000,1114900,983100,23098901,6448800,827300,4079700,87261000,1422600,4936900,2393900,4417000,5036900,2069200,1279500,1591100,26371400,2661200,21099200,38374500,3326700,13378800,2697200
2018-02-26,152648800,4473500,,5364200,1782800,2418700,2088200,14822200,42265200,4943600,2214100,99100000,891700,28878000,4953100,4148100,61796300,14252500,639600,8254100,6706200,17288300,6254400,1670600,1643600,973300,2844700,15872265,1213900,5986300,1852400,5418900,27771100,7837600,7405800,2970600,1770000,4052904,8138200,1300600,5253800,2877800,1100600,974300,3880800,4474300,453200,2854900,7464528,27157800,13857800,1534300,30302034,6394400,10259900,9397100,30912000,2751400,8123000,4648000,3213500,3776374,1717100,26992300,1380600,6684400,16511200,1173600,12713300,1018600,6015900,1156300,4733600,23631000,4088100,4525200,4429200,12241500,17599700,759200,3691813,6320400,3243200,12725026,7795800,30199800,41966100,7758800,4770400,102686000,6499500,504700,6025500,1703900,469312000,2905802,12956000,7385600,5355400,25407302,9422200,860400,2467700,5654700,3391100,27374300,1058400,552300,928600,7548386,8713800,5767300,1518300,6605000,6777700,1451800,1299900,1788900,26309734,9020800,990600,4472100,65100000,1979200,5496100,3307000,4092400,6270500,2563300,1311600,1779300,20853900,2582200,16478300,44097900,3078900,16940400,2211700
2018-02-27,155712400,4754300,,6747700,1820800,2330800,3678000,13102700,55975300,5016100,4572500,96176000,757200,21176000,5167300,4774100,69235500,16547500,616400,5903400,6330000,19977200,4127700,3278000,3027700,1224900,3071100,73836400,1583600,5378300,2170400,5908200,27419300,7391900,6059700,4134600,2281800,2904374,14179600,2287900,4088600,3158800,908900,1341500,3454800,3581300,513700,2514800,9441769,43502000,15050400,1393700,19410582,6748100,11478700,12738800,42964000,3140600,5941300,4618800,3429696,4432216,2518900,43624100,1949400,7158600,17563300,949700,12774400,1239400,4860400,1379700,8503300,28223000,3815900,4907500,12217000,11704100,15849800,745400,2126847,8860400,4395600,9734453,11757700,25869100,44731100,8176400,5350800,94165000,6843100,876000,9989500,1717200,455436000,3318912,14339600,6623600,6385800,23543093,8919600,721100,2471300,4414500,3183100,14326000,1264900,935100,724400,6848431,8821400,8601900,1485300,8736100,6709500,1944300,1278500,1196700,28360874,10695000,1067000,4245400,71961000,1039300,5311900,2899500,3605100,7287200,2893000,2051300,1635800,23234700,3189600,17024400,40128300,4395700,14629500,2240900
2018-02-28,151128400,6660000,,8325700,2002200,2356900,2935300,13152700,43387500,4544000,4015600,90300000,816400,28834000,4053700,5472900,72044000,36027500,721100,5378300,5857400,19329900,7298600,3384000,3182000,2302400,3796000,74496340,1620000,5889900,2179800,9684400,26885200,10799800,7441000,4717800,2781400,2309918,10760800,1629900,3321700,3496000,1314400,1593700,4858800,7738700,603800,2323500,10658004,41321400,17068400,1739400,18490403,7559500,7330400,23145200,49292000,3104300,10558600,6419900,3906591,3978461,2088500,35541200,1839600,7985900,17735600,1127300,11929400,1541700,6123400,988400,34109800,36083000,4145700,6116800,8231000,11833000,18783000,630500,2943834,9254200,5536600,11807606,9599100,31167300,45031400,10905200,6266300,76535000,6091800,1018900,9674000,2602600,523116000,3509006,14947900,8149600,4638900,28360927,16862000,983400,4644000,5346000,3233800,9582100,1836700,840300,988600,14665993,11541100,5915600,2775000,10144600,7518600,2076100,1257900,1358000,38768971,30077200,1099300,4176200,91045500,2039200,7333000,4368600,3729200,6780900,2746800,1359200,2055500,22159100,3342600,17869100,42431100,3958600,17087800,1968200
2018-03-01,195208000,7148900,,9711900,3005400,2632200,3568000,17330200,63207400,11757800,3178000,136704000,1453100,26044000,4369800,8978000,90547100,20937500,779700,6984000,8827300,23803200,9434800,6252300,2797500,1735900,4997400,36830279,1415400,5135400,2447700,15555500,32154300,9556400,7516700,4832600,3697000,2594287,10487300,1298000,3209700,3919200,1309300,1498400,4605600,4604900,548700,3527400,7344237,75841400,15127700,1967800,19170976,8267500,8649300,26183100,55338000,3483500,10113100,6123900,5121298,4225108,2035600,36326600,2775000,9424000,18690000,1192400,17746800,1918000,6258400,2307100,15153400,30036000,4658500,5609000,7676800,8331200,23201600,661100,4170572,11718000,4264800,13648523,12093900,37135600,61278800,12315600,6502700,119321000,7323900,1461100,10008500,5096300,1040120000,2577833,16539800,5519300,6896300,30282896,13504200,1830500,2161200,6683300,3431900,10799200,1681400,923300,1275100,10061230,11127600,7096100,2257800,9674000,9698300,1655200,1735400,1352400,37798744,17762200,1419500,5373200,103284000,2372800,8626600,3514600,8701900,8819600,3035900,1327800,2028700,28950200,2684600,28491000,56728800,4228700,15696700,3010300
2018-03-02,153816000,5439700,,7979200,2960100,2624700,4418700,15719300,58123500,19115500,3224600,131752000,1560300,27402000,3584700,10021300,82739100,16060000,636500,5025500,10191200,21061200,9509400,3842100,3749400,884600,3189300,30788178,1605000,4574400,2275900,10627500,28848100,10613900,6607300,3535800,4169500,2615606,7835400,1461600,3631400,2935800,1204600,989800,3893700,4040000,807900,3251000,7486540,60491900,16260600,1729900,15572368,6625500,3815300,24060500,50162000,3122800,6151500,5671000,3768105,3411111,2632100,33310600,1638000,6910400,18353700,962700,14050100,1420600,3216700,1684100,12476800,27758000,4190100,11754300,17057200,10029800,20025900,853400,3483709,14796300,2890100,9355706,12154100,32830400,52492900,8696800,5202900,133453000,8380500,1147300,10948000,3877000,913428000,2082163,17291000,3752500,4903600,22271336,9317700,1354100,2436600,6229100,1903800,10612700,1898500,909500,1218000,9265618,11555100,8586600,2024700,6797200,8117400,1565900,1122000,1108100,28285936,11112000,1228600,5207900,76392000,1768100,6476300,2613600,4670600,7581900,3485000,1806900,2111900,17449900,2385600,22428500,57130200,4515100,15630300,2027200
2018-03-05,113605600,3975700,,9000400,1936800,2111800,2720200,13326700,43734800,15187800,2486100,104678000,990500,25900000,2661400,8140200,70543100,15370000,384600,4041100,5949300,16814600,8453000,2935900,3380800,951700,3096900,31219780,1946000,5266000,2155800,10121300,22101700,7754200,7814900,3391900,3093400,1919518,5736700,1153200,3840600,1642500,1186600,1244500,3935500,3129500,426100,2983500,7969669,44021300,16410800,1064200,18247395,10483300,5695200,12011100,28648000,2445800,11767900,5748600,3763788,3839448,4089700,30826500,1737900,5799800,13933000,878200,11992700,1852900,3816600,1812400,8324600,32924000,4826500,6397800,7874800,7365100,16189300,474200,2673419,9725600,3662000,13743577,7598500,23901600,70984100,6870800,4398500,189861000,8838400,1387100,10235500,3345100,620776000,1864308,18771500,4746900,3781700,22319609,8177000,1026500,1704700,5557500,2953300,15445500,1886800,746200,842200,7570791,7835400,5762400,2588100,5274300,10168200,1610300,862800,903000,25551876,8423600,1228500,3381000,57357000,1388400,4417200,2627300,4997400,5810200,4656700,1561000,1882400,15348400,3113700,20560900,40149600,4149200,14891000,2148500
2018-03-06,95154000,3650500,,6620000,2352500,2169000,3507700,23269600,46751200,18446500,3144500,91234000,771700,30030000,3221100,4888300,50832600,13327500,387400,3203300,5067900,14891200,5795600,2326700,2971900,1067000,2948300,21121478,1610300,4931900,2458700,8154800,21930000,8838300,7957900,2554000,2394000,1720990,6216200,1059700,3655400,2269300,933900,991800,2480600,3421300,432500,2658700,9160668,30978900,18429800,1434900,12124707,7919400,6230600,12168500,23382000,2217300,5634400,5306800,3080660,3855242,2789400,39132300,1753800,5546500,10674400,1038500,10010500,1470000,2962700,1307800,6359000,76363000,3820900,5015400,9563000,9352600,15086800,465900,2500956,9306500,3730300,9716951,9762300,22175800,73096300,10504800,6411500,185258000,6550100,908300,13675000,3095100,636808000,1872770,13907100,4435300,3380800,18003479,9085300,1174000,1920200,6041000,2056500,23450400,2536300,716700,753100,4830878,8046800,7464500,1613400,5131400,6080600,1472000,868300,878500,23119820,7967400,1007100,3791900,64285500,1820900,4109600,2652800,8590500,7464400,2852300,1155500,2176800,13526900,3070500,23975900,33164100,4723800,10754300,2102700
2018-03-07,126814000,5286200,,7726500,3176200,2795100,3071000,17284000,127603200,7009900,2750000,83482000,893700,31549000,3594900,4575700,52763900,14507500,465500,3622800,4006700,14654900,5491000,2197700,2245900,1276600,3303300,26820646,1358100,7245800,5157100,6750400,22034400,6790100,6660000,2368300,2589100,4368067,6214800,1699400,9936900,2679300,2000000,973000,3511700,3331400,649400,2741700,6834890,30046600,13955300,1648200,17318787,6715200,4674400,15052000,30748000,2509400,7735400,4799200,4411270,4819654,1615000,31801900,2318400,6391700,13006500,1298200,10881700,1821700,2266500,1351000,6417100,56256000,2766100,4492000,6008200,20757100,19097300,630800,2647705,8154200,3536800,12817564,8181000,26716100,61670000,8304000,5732400,171322000,6457600,869800,8272500,3745100,581208000,1491343,11727300,4694200,4612600,23440328,9089500,1223000,2284800,3271400,1791400,12602400,1503900,599300,775500,4718059,7044100,7656100,1932600,5851900,6400400,1461900,2043600,1096500,24475464,13295200,1225500,6485500,75109500,1977000,4637600,3242200,7097600,7254100,2616800,891300,1215800,16738200,2579900,24788700,34359000,3444300,27255500,2878600
2018-03-08,95096400,6179400,,5245800,3093200,2284400,2346300,12223400,76011200,9192600,3025500,77252000,1990700,33554000,3760500,4319900,53139800,14610000,595200,3084500,5694200,10878600,4105000,4080700,2369400,17357000,4134800,24659544,1560000,4726000,6061500,6127900,20285600,8374000,6095100,4543900,3508000,2733257,6627000,1257400,4733900,3693600,1887900,1998700,3190700,2525900,549100,5636000,6401672,26948000,12134400,1837500,10348638,5707800,4088400,13096700,33862000,2565400,9826000,4750700,2420226,6752558,2777700,29481200,1331400,6423400,11173700,782700,12361100,2190900,3497200,1056400,4711800,37804000,2235300,4291400,7787800,8374400,17225900,736600,2338419,6437200,4015600,7705001,7553500,25887800,51685900,6678800,4149600,113401000,5573000,654600,9257000,3220000,411912000,1643563,15864400,9402600,5437700,21646630,7951700,1417900,1433900,4053800,2101300,8902100,1824300,836100,805300,6279092,7434700,8160800,1563900,6099100,6059700,1201700,2717600,1250800,26170581,12822200,868700,2847200,53493000,3161500,3573500,3500900,6079000,6948900,3650800,1699500,1060700,17038500,2215000,16828400,28766100,2844500,19299800,2458100
2018-03-09,128740800,5835600,,8184400,2988000,2642300,3379800,18066500,89674400,5674100,2172300,90686000,1369900,30782000,3044300,3538300,73905800,12235000,814700,5494300,7702200,15939200,4576700,3951900,2700100,6222900,2928200,25327806,1949100,5310000,3288100,5637800,22230900,5795600,8833300,4149900,3828000,3919800,5618400,1162000,3870100,2647500,2136600,1957200,3389700,2910200,456800,3155000,10816150,26684400,15467400,1644700,13386967,7024800,2701800,12272200,42662000,4410600,7326000,4477200,3193242,5253221,1767200,32727900,2355300,7557800,15366600,1227900,9778600,1340300,4399500,1568600,6370400,66568000,4168900,5076500,8548800,9751800,18526300,440100,2201716,6775900,4110400,9240006,10536000,36937300,65504600,6500800,5675400,145002000,5838400,782500,11797500,3154400,505524000,1530353,16218600,12059700,3680600,19300743,7662200,1315800,2445500,4398000,1776400,7655300,2276900,759700,691600,6629308,9539600,7152200,2475000,8309700,5335400,1376300,3575000,1684000,24918077,12639200,1594600,3644000,82602000,2377100,5535900,4834600,3201900,6397700,3500400,947800,1415300,14927100,2122400,19051500,29263200,2384000,19714100,3028700
2018-03-12,128828400,4892900,,8858500,2105000,3216900,3190400,16207800,83748700,6972400,2443000,103484000,1210500,53881000,4020900,6088800,60322800,13242500,410700,4967000,7963400,13398200,4880400,3442900,1926700,8525200,2975200,19150196,1774800,5074400,2394100,5609800,18299800,4752600,6877000,4782900,2260900,2586391,6485300,1670200,3581800,2341100,1450200,1962000,2250800,5209100,1087200,3666100,11938030,33800900,10999100,1277100,14653629,7515700,3644700,11347200,44306000,3065600,5319900,4993300,2673618,5296421,2228400,32044400,2233800,4942000,12339300,1042000,11857700,1787800,5059600,2283200,5797500,49288000,3589000,4461500,5845800,6134400,15301200,356200,2572955,8236400,3175900,11269039,8123200,26073700,138651600,8162400,3691700,203692000,7522700,938600,10601500,1625900,605060000,1746970,14108400,7821500,4509600,26571656,7182000,1039700,3159400,5081300,1310600,15801300,1173300,1234400,700900,5778716,10550300,6020000,1304700,5226700,5337300,2259700,1409300,1580000,29531820,7141600,2268400,2965200,123960000,3860000,4270800,3117300,3124800,8636000,3231900,739800,1357600,12526300,3202500,12414800,25422000,3242000,14226700,2316300
2018-03-13,126774000,5403200,,6428500,2742200,4732000,3006400,15676500,174302600,4712900,2159100,130638000,1533500,66855000,4858700,5443800,63347500,12980000,477500,4698200,3804700,12636600,4819100,3026600,2227700,7182900,4666500,21959607,2304000,5528100,1964300,4641800,23411200,7210600,6793100,4093200,2732300,2323680,6716700,1425100,6365000,2948600,1403600,1783300,3549300,3210400,801700,2869600,9135152,44456800,12003000,1950400,24772029,7608900,4207500,12406400,43140000,2288100,6439100,6128100,2087685,4378138,3086100,45573900,1696800,9152300,13312300,1251200,11342100,1678500,4863200,1622100,5792000,49462000,3286600,4333100,7340800,7363000,18067500,286200,2403840,7166200,3246000,12272080,6031100,35387800,142315800,6522400,3895400,129172000,5167300,947100,9213000,2146200,619772000,1493407,12864400,4840300,4590000,29560695,9620200,823300,1917400,3847100,1735500,38572700,1145700,851500,753500,6134335,10411400,7050000,1264500,6964300,6201500,1409100,1532200,1295600,25399351,7518600,1483000,4421100,89487000,3629500,5845500,3343800,3517900,9479500,4322400,1058200,1989500,12840200,2994500,13810600,21519000,4738600,13739700,1911500
2018-03-14,117473600,3556100,,5162100,2214800,3357600,3138900,11896400,80540800,3613300,2467400,85188000,1374300,39619000,3013800,13057900,58011400,8612500,341400,4015400,8571700,18485700,4873600,2415500,2151700,4874000,4161400,27856596,2255200,4101600,2866000,5402400,21141100,7622400,5051000,3367500,2243000,1707792,6235900,1606000,3788900,3579500,1536700,1670600,3885300,2189300,908700,2395900,7484437,91985300,12497300,1539300,11907699,6527300,4577700,13364000,41870000,2478700,5988300,4531500,2245432,3798863,2817300,24993500,1882800,6770600,12905100,986600,15321200,1611600,3167900,1712400,7045600,32919000,2820700,3879000,4691200,9521200,16821700,372000,2678681,7939600,3328600,11692222,8384300,32132000,80306900,12254000,3480000,104751000,6463800,811200,7014000,2287200,505496000,1762553,10885500,3466700,4055700,23378458,8898100,861600,1719800,3287300,1607800,29759100,1259800,577800,674000,5154080,6488500,9871100,1375200,5963300,4019400,2498200,956400,736700,24633285,8172400,1252500,3283600,119511000,5457400,3240600,3048200,2310900,7855000,2747400,888900,1036300,11930400,1845700,12212900,33121800,2768300,14820700,1794700
2018-03-15,90975200,5812400,,3364900,1840300,4457000,4182500,11944200,66373900,3320500,2142800,81394000,1091100,57990000,3213000,8766000,41964200,8400000,313200,4127200,6244600,13334000,5268800,2914300,2910900,4285800,3040000,23693269,2200400,4934600,1811300,4603500,23520400,9485300,4519700,8084700,1320700,1452413,5174600,839000,4619000,2690700,1259900,1378600,3015200,3843000,707100,2840700,7656462,47645300,10488800,1732100,9895779,5946600,5328700,8140100,33382000,2255200,6871700,3936700,2045508,4048648,3587300,25631200,1455000,6147200,8748000,1046100,12456700,1491600,3910100,1877200,4737800,24462000,2258200,5925700,3396800,5927200,15614300,741500,2117518,9641800,4534800,10560277,5648700,27611000,50963700,9372800,4156900,56429000,5260800,1061000,8286000,1627500,401952000,1435202,14155200,3226100,3906800,20508310,6996900,677600,1842700,3620800,2688200,10494300,843500,569600,812000,4779076,7377000,5309700,1085700,6310900,4937200,1792800,710700,898400,28967928,6009200,1401100,2679300,98472000,3535400,3983300,3330200,2718300,5861900,2786100,1009400,952500,9537400,2170400,13277700,49845600,3970200,15640600,1659200
2018-03-16,157618800,8879300,,11840900,4018600,8783000,6399400,15070200,37591000,16878400,4063100,108500000,1808000,113955000,5124900,9329000,83447600,11850000,616900,5961800,7858900,33033700,10897600,5239600,3955300,3912400,7050400,49729776,7742200,13000800,3569400,6662900,56129000,15281600,14909400,12427600,3818700,2830378,10468000,1502600,6667100,4187200,1852400,1834700,9730900,4950800,1072900,4651900,16514859,80684200,15208200,2167000,23889514,9564900,8455200,10305000,58656000,4114400,8624700,8410900,4792409,9688784,6549500,42559800,2881200,14233500,19888900,1746000,26603300,2276000,8326300,4718100,8772400,24958000,4605000,14293800,5334600,9650000,24403400,774400,5810168,13398100,6081700,22010620,9144800,49081300,69323100,31720000,10404900,73337000,12860900,1268900,12212000,3052300,399456000,2727060,21011500,6189300,7730800,34125253,17715400,1181300,2825400,8277000,3193400,25574500,1262100,1348900,1487000,11507220,13030900,8231300,2133000,9394300,9154500,2092600,1836600,2045100,49124372,11732000,2564100,6054700,91759500,25385700,8049700,5690300,5679200,9447100,5308600,1871400,2462100,26838100,3609600,37095000,85188000,6698500,32109700,3151600
2018-03-19,133787200,8598900,,5286200,1890000,4029300,2595600,13747300,53308600,3970400,2581700,131616000,1935600,71267000,2610400,6328900,57363200,11270000,554600,4261300,5204700,15131400,5479200,2542600,3477100,3804300,3776900,36723366,1381300,4822000,2493200,6830400,26734100,8883200,4803500,8224400,2798600,2422493,6528300,1269500,5503500,3207700,1333700,1088800,3945200,2605100,945300,1709100,8576034,63122500,11531500,1984000,13810133,8917300,4930800,12103100,63656000,2426900,9488200,4744500,2405946,5734172,3400800,31115200,1916700,6017000,13214900,4159700,12380300,2058400,5117000,1502900,6767000,40981000,3770000,4307600,5297400,17142800,88140100,595900,3135553,8199500,2774000,12391762,8117800,33344100,71373300,9596000,5226600,99252000,7255600,1004200,9874000,2141500,713772000,1796299,25777400,4686200,4216700,20003761,8368200,781000,1436900,4968100,1778400,14131400,959300,924000,525000,6069662,9350600,6769900,1116900,6097500,6060400,1269300,1160400,1160600,26000580,5299000,1819300,3690300,112264500,5002200,6715200,3407300,3351200,17387800,2334700,1391500,1161500,12980800,1832800,17982200,36160200,3357900,12744800,2417800
2018-03-20,78597600,4933800,,3943000,2249400,5019300,2496400,8527300,65116900,2582200,2491100,91632000,806800,61918000,2501600,6500500,44784500,6420000,381200,2939300,3722700,13113500,3557600,3502900,4205000,3868100,2403300,22293578,964300,5140600,1852500,7113600,22809700,9700600,4587200,5464800,1499400,2627112,8330300,882300,3888500,1960100,1160700,1326100,2285300,4555100,424200,1783200,13878118,45612800,16664700,3398100,18554546,5798300,6444000,8494800,54598000,1514800,6657400,4148300,3012248,4536188,2955200,22215000,1804500,6214300,9921200,2844600,13559800,837700,3943800,1153900,4797800,22238000,2859300,3105100,4514600,8369100,129851800,594500,2066688,6505200,4723500,8153440,8426700,23075200,53890500,6401600,3516500,59919000,6906200,634100,15005500,2923700,554696000,1784741,68601000,4877700,3319000,20295824,8465500,1312700,1578000,5194600,2011800,10615400,1432400,690000,470600,4472717,5888400,5486700,1030800,5446300,4360100,1318200,1289500,856700,26701240,6760400,1523200,2547800,71464500,2894800,3781900,3429100,2513000,7779700,3354400,1116000,1674300,10765500,2306800,26874600,24774000,3539900,13003200,2653400
2018-03-21,148219600,4618000,,3478300,3452600,3971800,2805300,17171400,44691700,2531100,2422300,95016000,879800,54912000,2124000,4056300,64546300,7430000,480100,3235600,4499300,16374700,3887400,1819700,4586300,5671900,4184500,23113994,1186100,7720100,2048300,14824000,22528200,7525700,6829600,6006100,2901100,2227687,6136400,1308400,4051400,2050100,931200,1316300,2068500,5288900,618800,1847300,10715065,38551000,15725900,4843700,13592791,5826500,25201900,11568400,44898000,2817600,9667300,3494400,2866789,3642381,2165400,23239500,1477800,5158700,13633000,1456700,13054000,826700,4052000,1270500,6808700,35675000,3238400,3871900,5029400,14592000,106598800,567500,1899607,10480200,4355900,10489746,8676000,24457100,51220200,6814800,5200500,52639000,5805200,607000,9502000,2549000,438688000,2388667,34597700,4784800,3867600,19071392,9822800,972900,1652600,5917500,1623300,12231900,1069600,431300,525600,5542273,6569100,5274600,1165500,7240300,4510100,1401000,1471800,907300,23086853,7234800,1029200,2577400,89376000,2053800,3703800,3419800,2805100,7359500,3066200,1043400,1050000,11062500,3058200,18997300,35508000,6089700,15418500,3305400
2018-03-22,165963200,26861200,,5345300,8203600,3008700,3137500,14876400,59944200,3553000,2454100,126412000,1101000,43078000,4113900,7282200,110271900,11082500,699200,7113400,6294500,27652300,8225600,3447000,6151000,4238100,4115800,57534774,1562900,11053200,2489800,10950500,29520800,8590500,6297200,6912500,3768800,2115790,8911600,1394200,3704800,2727000,1093600,1571900,3153800,6672800,1023700,2650400,7869706,51280900,17976600,4249800,14862500,7861000,11606900,15155000,69312000,4489300,11574700,5255100,2855387,4964630,2716900,30916000,2003700,7560100,22550400,1631900,12274100,1351300,3816900,1536300,12067700,32495000,4387300,3669400,4391400,8815300,73743000,498200,5137418,9788600,3809500,13387990,14900500,38604700,74274700,14222400,4823100,80633000,12313300,770400,8221500,3619400,551196000,1957085,25610100,6320700,4325500,22094686,10481600,1144600,1989200,9655800,1401500,13554600,1697000,608400,815700,7916239,6846500,7755200,1689600,7500000,9938000,1797300,1293200,980200,37332696,9109000,1665000,4103500,74097000,2658100,7208400,5894800,4150000,10501500,3264500,1334300,1095500,14270800,2715300,32656300,36744600,5061500,17737000,3224400
2018-03-23,164115200,14253600,,6000800,4039800,4297200,3111800,19399900,54844500,4529600,2228600,160120000,762400,59070000,5100400,7237500,115740200,10312500,655400,7257000,7242800,31458900,6533100,4929700,5608500,3333400,3743700,46801928,2120400,9442000,2351800,10902100,31759200,6976900,6227200,4956600,2940600,2788867,7505100,1603800,3033400,2645800,1289900,1481700,2836200,6576400,852300,3332200,6596270,39950900,16437500,2666300,17536442,9268900,10248600,13234000,49880000,3634200,11514900,6021300,4001239,4645181,2472900,37683900,3037800,8452500,23081500,2171500,13475200,1232100,4298100,2898600,7383700,52235000,4324100,3447400,7190800,11222000,53609700,1234500,5048555,7997200,5858200,12408634,16707800,44068900,118369500,12314400,6879800,95299000,17343800,1587100,10029500,3206600,735620000,2054196,21398900,6253700,4873300,29385731,11728300,1433400,2407400,5709200,1743600,14713300,1607400,693300,1084800,6138148,9476800,7260900,1775400,8622100,5458100,1785000,1248000,1227400,46377072,7377800,1703900,5137700,99823500,2202400,6748900,5741200,4278800,10024300,3195400,1688700,1319400,15955100,2434400,30975800,30375300,4278800,20157300,2608000
2018-03-26,150164800,13760600,,5694700,4231000,4485400,2917800,14489000,75878500,4217100,2172600,112494000,793600,48713000,2769800,5392900,83297000,7317500,672000,5223700,7456600,19156100,5454900,2535500,4491000,3101200,3271100,34408829,1936800,8795700,2036600,13171700,29731900,7496700,6868700,3149400,2463800,3588619,7340100,979300,2805900,2654800,1790400,1594100,3321800,4818100,450400,4143100,4762734,52325500,12987800,2659400,22000434,7370900,9082700,9320200,65984000,3787200,8960800,7323600,2485761,4292679,2888700,39306200,3415800,8358200,20217500,2100900,11276100,1068200,3488700,1611100,13886800,34588000,5470100,3477000,3415600,7314400,126116600,605500,4274504,7256500,4245400,10448770,11913700,56396800,70260700,6942000,7583300,119883000,10796000,1005100,10211500,2106400,611424000,1675865,20754800,3938800,4119400,24926468,12937000,1071500,1819900,5239200,1618800,12093900,1035700,733600,1166300,18321011,8444900,6043900,1351500,7386100,6647700,1485000,1870200,1336100,41696070,8426000,1058600,3395300,125628000,2499300,6760400,3561300,3836100,8735400,3111500,1618000,1327300,15435500,1662800,26718000,27599400,2924300,15032700,3089900
2018-03-27,163690400,10821300,,6365300,3212000,5468100,3484400,17542500,68551300,3963100,3043200,139992000,872100,63917000,4357300,5355500,85821800,10720000,511300,5149200,8868800,21610800,4915300,2259500,4917100,4070200,3760200,33089057,1835600,9089600,2495300,8304700,30942000,7843700,5530800,4286400,2691400,2325710,7193500,1055400,4338900,3142400,1397100,1338800,2840800,5199900,517100,3678000,8051966,40677300,15943300,1907100,32336072,6370900,9419100,17673300,60816000,2981500,9574800,4713900,3410324,4062350,3150300,38777000,1969800,7789900,18039900,1477600,11627000,856500,4070600,1295100,10944900,42923000,5069100,3519100,5599600,6786800,79117000,437800,3225253,10135900,3640400,16956535,12389400,56569000,67785100,9727600,5873700,120686000,9452500,1137800,10192500,2684100,1409000000,1596091,18925300,5378600,5036300,28835227,11288200,1430800,2950300,7207000,1533100,12243200,966100,996300,1048000,14319115,7562900,7747100,1401300,6318000,6241700,3576100,2128500,961800,44831567,7267400,1359200,2462600,208080000,3719500,5308400,3722100,3850200,9008600,3756700,1418600,1289300,14544700,2099500,23669300,19637400,4414400,15821900,2689900
2018-03-28,166674000,11154200,,8128800,2965700,4503200,3274700,16677800,64832100,4545900,2423100,274106000,1083400,41744000,5509700,5634700,79396100,15812500,496800,4388800,5372300,21712000,4933900,2014100,5391100,3036700,4174400,35111449,2043800,13327600,2168700,6489500,36696800,10253800,6985300,12337300,2655000,2648093,9099700,1035300,4543200,3304300,1224400,1509700,2668700,5512400,590500,2858400,10774791,42263700,19249200,1882000,29025877,6487900,19133200,17905700,77698000,2660200,9719600,4318600,5559558,3833381,2117000,37970900,2185500,6868500,19189300,1492800,16277400,1236200,4257500,1422000,7725100,35239000,5166600,3913200,7351000,9293100,60029200,581200,3017388,9587400,4082300,13302788,11262300,52501100,62987500,13328400,5371500,189729000,7208400,923400,15394500,2174300,945904000,2101255,22156900,10391800,6413000,26349684,12857800,1083900,2137900,7571000,2399200,12925500,1199300,1037400,1078100,4961017,9301900,7477200,1791900,7702900,4792500,2420800,1163000,822100,40707969,6111800,1402000,2589700,315021000,4249500,5352200,3179500,3811400,9420400,3864800,1648800,1443700,17728000,3770600,23342500,34728900,4727900,18163900,2634500
2018-03-29,153594000,7399400,,6656600,3595900,3757400,2238900,12580200,48681400,3769800,2978300,251622000,1040500,46874000,4940600,3652100,65678300,9895000,488100,5714600,11113800,22621300,4209400,3418300,3710100,2736100,4829800,34722954,3926300,8469200,3016000,7794700,55021200,8096400,6627800,9174500,3526700,2567102,9343600,1097500,3962500,2809700,1319200,1634000,1890800,3393000,628800,2902700,8725768,39864000,16127800,1923500,15548310,5694900,7767500,13049800,69338000,3073900,12284400,4423500,2848523,3577320,3491100,45265800,2880600,6119400,13274600,1123000,10450500,1461000,3424000,1039300,8515600,35782000,3719200,5289500,8538800,10988000,59434300,674300,3161028,5888300,2790900,10218524,7349200,45867500,61458800,7818800,4651000,191455000,10748300,1077200,11307500,2692200,916628000,2586811,14256400,7823500,3829500,24804731,10036400,1291000,2455500,3489300,1553000,8482500,1071900,1032800,1205200,4509423,12015200,8226100,1682700,7282800,4507100,1761500,1473900,1583900,36494868,6764400,1787700,2703100,227560500,3102800,4311100,5529400,3813400,12918100,4173900,1600500,1527200,17305500,2897400,17706800,27823800,3709400,14882900,4122900
2018-04-02,150347200,7816500,,6686500,2845800,3494900,2808500,21063600,64824600,4759800,2705400,209272000,1197400,53088000,4998400,5024900,86644200,9307500,746200,6178200,8562300,29975600,5397500,2733800,4017100,2757000,4109300,37968128,1795400,7403800,3599200,6461300,36791800,7863600,6228600,6679600,2150600,2934266,8203700,955700,3741100,2610600,1112000,1935800,3740000,3757700,627400,2401500,10372977,43598100,14724900,2063900,15041824,8234600,9616600,13909100,65068000,3429900,9091600,7229300,4529940,5387318,2960800,67187800,2268000,8916900,18822500,1394800,14207900,2028000,6282600,1298600,9611700,35505000,4222400,6960100,8732200,9436800,36796000,979400,4593597,7740900,3372600,14041104,9311000,48515400,59875500,8113200,4128400,134058000,12383900,1041600,9501500,1887300,922092000,2245219,15343300,6816400,4325500,28323299,12017200,1162100,2424200,4673600,1677600,16469600,1228400,1317100,1310200,10481839,16778300,8356400,1836600,7598600,4895200,1680700,1405300,1239400,38704360,7230800,1619700,2595100,241710000,4120300,5865400,6220700,4594400,9877100,2788500,1836000,1804500,16511200,2312000,23359800,57386700,3007100,17891100,2566000
2018-04-03,121112000,10449200,,6113500,2363300,3017800,2551500,10802200,54891600,3374000,3442400,204624000,896600,45569000,2864500,4783100,69698700,9460000,566000,4192900,9050600,18822600,4845700,3879800,3023600,1697600,3717400,31235892,1932000,8257300,2287000,5193300,28003900,7793800,6717300,6092700,1957400,2450129,8484700,847300,2971400,2378100,1611000,1648400,5067100,3477100,467500,4515400,8502008,42523900,12783400,1540100,12474884,5987000,6313900,15833300,51322000,2488200,7615400,5283300,3548699,4325942,3126200,39432400,1864800,8035000,14050700,1280800,15484600,1079000,3610600,1296500,7352900,26824000,3612600,4719400,4797200,16719000,42543900,575100,3596133,8837900,3660000,9688341,10335800,37213800,52436400,9571200,3488800,126949000,8766400,1023600,9088500,1569700,667432000,1969882,15734600,7486000,4699000,21347927,11933100,955900,2205600,5735000,1511100,7930700,875700,815400,1215500,6045351,10908200,7848400,2206200,8844500,4563000,1429700,1294300,1449900,28969385,7943000,1316300,3168800,282666000,2327100,6898700,4652000,4453200,7084800,2930600,1440700,1542300,14841300,2906400,16646400,29086500,3288800,15999200,2216500
2018-04-04,138422000,8841700,,7405200,2161100,4474400,2082700,11991900,67356900,3796700,1956500,139646000,1244200,37720000,4619200,8235700,66640800,9637500,471200,4100700,7775500,15651300,6188200,3047400,3329700,2533900,3569200,28169867,1519800,8174200,2111000,6389300,30117600,10281600,5727200,4291300,4478100,2462537,8759200,777000,3467600,3623800,1525400,1572200,3791900,4241900,497900,3064100,6009112,44834600,16268900,2027400,11929712,7852600,10253000,17014100,50724000,2853200,7857200,4757300,3065273,5026344,2290200,30370000,4882800,7717100,15302600,1129100,13563300,1132800,3022200,1449400,7860800,36997000,4628300,4888000,4231000,9448900,49885600,520100,2976605,6956800,4382800,9330030,6692100,35560000,60272800,6724400,4202800,129140000,10275800,949100,10302000,2346300,789168000,1715081,18505900,6631900,4694200,22010682,9030800,1433500,2592900,5150600,2492100,7496700,1057800,857500,1501900,11538047,7893100,7313300,1799400,6645700,5422400,2066900,1327400,1022000,27224220,6186400,1318500,5541600,298450500,3135500,4515000,4674000,3832800,8425700,3659600,937100,1832000,12376400,2637300,15952700,19609800,3373000,13122200,3093300
2018-04-05,107732800,7045000,,6644500,3336300,4084900,2017900,12344400,65758800,2766600,2013400,128270000,874700,35798000,2482300,6220000,55765500,8002500,397400,4661300,5880800,16120700,4584800,2773900,2331800,1434700,3294400,25327806,1810100,6822600,1933600,5052400,29331600,5471500,7204900,4751200,2963400,1832098,6612800,639200,3934200,2915200,1666100,1227400,2930400,3842500,386000,2434600,6208056,28755600,17297500,1153600,11168889,6183000,5409500,11885400,35836000,1924800,8644700,3799900,2479229,3331928,2235200,25115400,3012300,5621700,16627000,1659900,11707800,988100,2213100,1589400,5098000,35339000,3434100,4503900,3983800,6981500,41449600,562200,3444360,8546500,4706500,13074638,9968200,29771900,89203500,6187200,4815300,106552000,9093300,1133400,8813500,3859000,701240000,1199287,12313000,7941200,3275700,25781789,7864700,810900,1865700,4507900,1856800,5823300,1918000,848500,848700,6481372,6305100,6266300,1773900,6032900,4187400,1477800,1045200,773500,22644769,7424600,1159700,5461300,286816500,2864000,5477400,3348100,3154700,6816000,3766300,1570500,1352800,13201300,2565700,16488800,19142700,3988900,14200000,2522000
2018-04-06,140021200,6761200,,7447100,1927200,2964500,2307500,15088600,51087100,3747800,1527400,117646000,797900,30248000,2968900,5713600,79687600,8760000,518500,5580600,6451400,21543500,5707400,2273300,3312400,1625300,2922600,36044114,1313800,8837500,2259000,5385500,32208700,5114800,7094500,5215800,3294000,2035025,7162400,839600,3411900,2472900,1791800,1786000,4475600,6473900,518900,4025900,4872791,31920700,16346600,1447000,13242927,6439500,6369100,14731500,40134000,3621900,9877900,5236900,3174755,3841853,1833200,28215200,1882800,6399300,18906000,1664300,11495100,1188600,4012800,1417900,8757100,31239000,5005500,4321900,4923400,6879100,41644800,342900,2994664,6456800,3211500,13100838,9578500,38026000,79392200,5771200,4107000,114448000,9719300,1079500,5887500,1899100,662988000,1624884,13893600,6898800,3579100,22288200,8300800,1392100,1921500,5049200,2596300,8322200,1106300,1010200,1205300,7077724,8264500,8171400,2106300,7515900,4113500,1198800,976400,929500,33255438,5758000,1649700,3581500,202804500,2005800,5095700,3231700,4397200,8383800,3432000,1409500,1446300,16071600,2814100,22943800,19050000,3618900,14299600,2752300
2018-04-09,116070800,8302100,,5712300,1465800,2536100,1940900,11143500,38382600,3856800,1829700,84164000,880100,37494000,3109700,4931700,65917500,8887500,559600,3873100,4867100,17036500,4050800,2418200,2250300,1475900,2665100,18730865,1449700,10832100,1946000,4104200,25725800,6096500,6933800,4602000,3629600,2278109,7094300,746400,3855100,2572100,1470500,2151700,2321400,4634300,535700,2922000,5377091,36462700,14785100,1385400,14258423,6383600,5040700,13430900,33220000,3256700,9558500,5079800,2161300,4616207,1928900,31437000,1629000,6395800,15974300,1506200,11913400,1231700,5377500,981200,7343900,26567000,3910700,3581500,7409000,8871400,34915200,520400,2614576,7270000,3889800,24352376,8111600,31533900,50532900,7316000,5983100,98536000,6504500,961700,6185500,1401600,499524000,1395264,15200000,7918700,2620000,20457297,9031200,960900,2350300,4198100,1401200,7608500,1143300,681300,921800,5649531,8023800,5578500,1454700,6369700,3227000,1310500,2833100,1134900,28968590,9939800,1399100,4183000,153747000,2168000,5840900,3031500,3938500,7024800,3653800,1748400,1235400,13475300,2129000,17032000,25104300,2672900,11103100,2456700
2018-04-10,113634400,6253700,,5178400,2257400,2823200,2183500,10495400,42849200,2872300,6140200,85082000,742000,33244000,4584000,5552000,60540500,7280000,612800,3250500,5422300,16022300,3991600,5754800,8879900,1759700,2901800,32583726,1939300,11069900,2526000,3693000,22724400,6417000,7612800,5273800,2597400,2608838,8116800,906200,4187900,2975600,1319100,1380900,2430300,5435600,576500,2786300,7847835,43144300,14184900,1649200,11982984,5738900,6704700,15180100,36620000,3113900,10241400,4783000,3188593,3981494,2489200,25906400,2274300,6019300,13951400,1375600,10379500,1089400,3657200,996300,5633700,27077000,3149900,3902600,4582400,7066700,57889300,503600,3417450,6242400,3906500,13481891,8836300,26812000,50346500,7605200,4794700,106605000,10098900,1035000,8873000,2734800,761676000,1305067,14868900,7965100,2817000,20667254,6779000,1540500,2048900,2860100,1825300,12009000,2622300,554000,1130600,6561299,6545000,6797100,2121900,8172300,4422500,1409200,884900,1222800,52696259,7118200,2050200,19873000,164847000,1966800,6011500,2737500,2751100,8947200,3489100,1140100,1264200,24309300,2027700,14594700,27382200,3700300,19006100,2335000
2018-04-11,89726400,7135700,,4044900,1734900,1851100,1803200,9364800,29169300,2575900,2807600,71650000,826400,19922000,4064900,4573500,62211500,7667500,549400,3522100,4429900,15645500,3218900,2665900,5543300,1733900,4078500,23339878,1301200,10014100,1697300,3059400,21693000,7493700,6246800,4882800,2309000,1990807,6305000,1243100,2426800,2455200,1047100,1355000,2736700,3466500,465600,2279900,5279091,32979000,11123700,906000,10479010,7850100,4316300,8388900,34060000,3322000,9195000,4228400,2162075,3458599,1722900,17568400,1485600,4575400,14503300,1198600,8424300,890700,2830000,1481100,4643900,24498000,2783000,2711100,4221200,7828900,56144600,564800,2176481,6168400,3916800,9445834,12121200,24872100,38942200,5022400,9140100,148774000,5185500,794700,11263000,1658800,460244000,952226,14911400,4999400,4000200,13879915,7143500,759100,1716000,3623600,2247500,6205300,1560600,688000,715300,4164610,5508000,5428200,1772100,8141900,3536200,1269800,744600,942600,27864639,9074400,1067200,4766900,112243500,1235400,3830000,3482100,1623900,5874900,3506900,879600,1527000,11695600,1658900,14673200,18837000,2973600,13734000,2239700
2018-04-12,91557200,6402500,,4572300,2005600,2084100,2565000,9133700,47784400,3471400,2805000,62700000,545200,41036000,3137300,4325000,57989100,6007500,668600,3707900,11798700,24488100,3958000,2088500,3390600,3035600,2681900,31422723,1796500,10336200,2841600,4419900,22297000,5500000,6702000,4657900,3258100,1675531,7337800,1519600,2369000,2498700,921700,2027000,3195100,4378400,358700,3177000,13438310,47133700,12857700,1167800,13277419,4857700,3888900,7896400,32896000,3059100,8303700,3396700,2576645,5898812,2591000,29781400,2274600,4559800,16435500,1176600,8476400,1001200,2121100,1091600,3931300,30843000,3065600,5178900,6104000,6851700,38263000,354200,2742308,4633200,2357900,12511967,9315200,26758900,46656300,6236400,5722200,102494000,5145300,696700,7774500,1421500,593920000,1392271,13970300,4736800,2691700,23817976,8282300,731700,1842100,3518500,2031600,7412700,1125400,575200,803400,5136125,6088200,4451700,1501500,5845300,4581200,1892600,926100,1043100,29062065,10267000,748700,2380600,114132000,1580100,4578300,2664500,2000000,5666000,3245100,885100,1079900,8837900,3191900,19967800,20568900,3252600,13270400,1369500
2018-04-13,100497200,4630000,,8223700,1607800,2029300,1833700,6786400,38935700,2656400,1460400,73706000,570300,48312000,2510300,4733500,99254500,6550000,489200,3150900,7787800,31356000,3603200,1393200,4409000,2611000,3847900,26382109,1025600,9672900,1744400,4933100,18272300,5825200,5508100,5483400,2634900,1516145,6324600,754100,3993200,2165100,847900,987500,3226300,3338200,345800,3313400,7696840,34598800,9707000,1651800,14850168,4432100,4340400,6118600,25410000,3026200,7340800,4311200,1758464,4243727,2095300,20884900,1410300,4742300,39152800,922800,10774200,716500,2652400,763100,4826100,21614000,3059600,2452800,4903400,6816600,19990600,719100,2433262,4263300,2485600,10536278,12364000,23346100,43598900,5483200,5578000,120466000,4300200,722600,6710000,1490100,503036000,1336646,12493600,6321800,2828300,17774340,6198500,886500,1899900,3985900,1496600,12588200,1136800,846100,684100,5512241,6689800,6443700,1736700,7853500,4847000,1284300,882200,818900,19032235,7904200,676400,2670000,109908000,1398300,3518900,2496600,3970800,9174300,2641200,1470900,1486100,7302000,2014700,32054900,22677600,3381100,10925000,1162600
2018-04-16,86313600,3922500,,6807500,2151600,2130700,1537300,7982800,28875100,2656400,2073200,56172000,707400,25172000,2811500,3901400,110588900,4860000,789500,3819000,9003800,18877000,3055600,1738900,2963400,2200000,4089800,16290102,1022400,8534900,3026800,4464700,15807900,19008400,4598000,5019300,2608100,1644962,10328000,696500,2402900,1849400,3491100,1195700,2517300,2745000,396700,3675900,6684596,32803300,12325600,1417400,12160618,4720500,3585400,5064900,29776000,3257400,6540700,3534200,2840332,4379393,2739800,18855500,1819800,6379600,16580500,1027900,8962100,2211500,2743000,1141300,5093300,19411000,4668200,3115200,7588600,5820400,18119400,447500,2464358,5136000,4840000,23627998,7282200,20288100,30879500,6602800,3876100,203079000,6484400,841400,6228500,1777500,350792000,1236955,11639000,5205600,2769800,15932369,5962200,961800,2392400,3971200,2142000,7850500,1221600,816400,667200,5573259,6119200,8967800,2132700,9026400,6830200,1357600,909500,1097700,32964025,6903600,817200,1947200,95077500,1004900,2831500,4510600,4595600,6903200,5876400,1188800,1482900,8885500,2629400,31879100,21062100,3900600,10743600,1663000
2018-04-17,106421600,4474700,,5604600,2702300,3404400,1710900,9833000,45360300,3283900,2734500,102288000,782800,25084000,2651700,3381800,83475900,10955000,1367900,4658300,10078300,18233400,3817200,3159900,3574000,2260000,3307300,35830394,1590000,8312600,2160500,5524600,21474600,11059100,6488300,4728300,1957800,2891402,9577400,772200,1727800,2304700,1550900,2355300,3914800,3720100,578800,2536300,6972146,30906800,10121700,1351800,15050609,4351900,3757600,5460700,54584000,10134400,6101300,3106500,2331667,10677045,2616800,21228700,4033800,11008700,15501400,1376600,8406400,2268500,3782400,1061800,5132200,60845000,4210200,2861900,5950400,5065600,22743000,619500,2216786,4877300,3866200,16070451,14505300,26771000,33325300,5316400,4155300,338665000,5605700,1245400,8504500,2575100,447224000,1268122,10762700,4187700,5022000,17675580,6492400,879800,3776200,6145300,2087300,7089700,1521700,874500,1033500,6679203,6139600,7139200,2817900,6490400,6351800,1630400,847400,1091200,27255599,6501600,1611600,2957000,105000000,2053100,4001100,6180300,2832900,5979600,3669100,1905000,2399400,11575500,2345900,25507100,20405700,3171100,10478100,1901000
2018-04-18,83018000,5289700,,12648500,1975700,2261600,2040600,18705500,42449600,2205600,1773400,104550000,683100,20511000,4981400,3117500,79743200,7430000,671800,2872900,5352200,15382900,3087100,2084500,3125500,1566200,3840600,25142788,1026400,11015600,1663100,4321800,17605300,6047900,9132500,4606200,2022000,2369702,5822100,490000,2057000,1432900,1416100,1089800,3057600,5109500,483400,2337700,5828675,46226100,19424200,2186200,8969027,3043700,3768600,6095400,31126000,4524800,12603800,5858900,3045790,21319258,2108200,22164700,10423500,9383600,16081400,1076300,7429000,971000,4261000,843600,5119500,91149000,3150600,2503100,4493400,7385500,20969600,658700,1912763,16672600,4192700,11779730,17524000,21043300,55393600,4332800,7317000,112211000,7384000,626200,8294500,3854900,391364000,1224158,11312900,4276300,6525500,14652497,7349400,1156700,2820000,5523700,2488400,4796800,1268400,405800,741100,6561299,5914200,7913900,1866300,8640300,4027300,995500,706900,1425400,28599724,4879200,1564400,2606400,98365500,1477100,3554700,2940100,3559500,5171000,3904800,2103000,1122100,8347700,1587600,21055700,17562000,1949500,12061400,2151300
2018-04-19,139235200,4972900,,7675500,1512900,2620100,2464300,24443500,57841600,2269400,2553000,130474000,711800,50141000,11716900,3006800,80902600,6622500,525400,2726500,5764900,15531600,4013200,4308800,4343200,2026700,5536900,22414256,1336600,8366300,2427600,3657000,21472300,6371800,7159400,5002400,2290300,3822679,6803400,712100,2423300,3081700,1129000,1011100,2292000,4963200,382300,3317100,4481072,49154200,22122700,1483900,18316838,3958200,8286900,10230000,39884000,3990000,11319100,5407300,3522795,8458061,2668600,25422400,5144400,5959500,17911000,1915500,10370400,839000,4989400,781700,5719400,87734000,3560400,3276600,6391000,7142200,22235000,435400,1737908,24260600,3147600,11041204,13873700,23552500,52635000,6535600,5464700,84388000,8274300,676900,7627500,4019200,471996000,1738404,8563200,5457600,6320200,16636652,16955600,928200,2104500,45570300,3075300,19179500,1561800,546100,870000,7665495,6280100,8837600,1991400,7184700,4297600,1368500,699600,1197000,31172124,6375400,1610100,2826000,91359000,1297900,8624900,2734900,2737200,7294100,3240500,1338600,1235600,11174200,2066700,23678400,19764900,2608400,11291500,2176100
2018-04-20,261964400,4754800,,5867500,2302000,2403700,2634600,16258000,39011900,2958600,2659300,110832000,549300,41530000,5614700,3038000,65554600,10367500,639400,3705800,8661000,17629900,4057800,3004100,3844900,2986800,8636900,26965758,1598100,7008400,2252800,2971000,23539200,6169600,7561200,4399300,1896700,4128593,6396900,729000,2764000,2753100,1160600,1129900,3962600,3112400,411100,2259400,6439526,44930000,13230200,1512500,39371615,5201700,5464700,8698500,42434000,2930600,13149800,5008600,5834093,8645818,2475600,26910100,3961500,7743900,15584400,1558800,14690700,974700,5424100,1185300,7568700,49807000,4233000,3961200,7182400,12143600,19119400,470600,3150623,13541900,2557700,10109951,10183600,31154400,38510800,6915200,3779900,91587000,10402800,653200,9305500,2854900,386200000,2036446,15675600,5027900,8650000,22371993,14085000,1575200,2391300,17814200,3155400,11838200,2333600,688700,1044300,8543894,12037600,10153500,1930500,9967400,4990300,2333300,1208800,2041700,42967507,7545800,1377900,2829200,84418500,1753300,7858000,2842000,3632400,7479400,2795100,1111500,1534700,18224700,2146400,31149300,24974700,2979300,12072200,1815200
2018-04-23,146062000,4716300,,4516100,1533000,2138000,1875700,12427900,42971300,3568700,1911300,89308000,585400,31337000,3183300,2765600,50686300,6337500,489300,2672600,5702800,11596400,5350300,3117400,3621100,2376200,7617300,22357064,1342600,9209700,1618000,3932700,20716800,6282800,6113100,3636300,1245200,2464229,5889800,991100,2172700,1822400,1334300,1071300,2809200,2146900,568500,2085900,6145387,31936500,14924600,813900,15298437,5014300,5166100,7308600,69590000,3775900,7555400,2987700,4939197,5560118,1491400,21706700,2758200,7501900,11285800,2002100,11878500,865900,4015900,1986000,5084400,34889000,4355000,3051900,6629400,7957300,23088100,338100,3014757,8776600,2946900,20767587,8523600,22331800,43693000,6576000,3383700,89680000,6338400,886300,9631500,2339000,427508000,1625606,14904400,3220800,6670600,25381058,13653400,1138200,1533000,11783300,1958600,10961500,1596400,605800,1137400,5212873,8444400,9128300,2231100,6792000,3525200,1494700,1496400,1715200,28084556,4530400,1244700,2649300,73401000,1247600,5934200,3051700,2246600,8004300,2162800,795700,1154600,14211600,2071800,17723900,22081500,2482700,11729800,1396200
2018-04-24,134768000,6378300,,7480300,1922600,3450800,2022300,16358900,44992200,4389400,2430000,149894000,948800,44889000,5048900,7051800,81486800,9837500,1028800,3718200,8332600,16233700,24122300,3866600,3303300,2020900,5004600,30854759,1534600,8731600,1598900,5379300,21421500,10204500,7980500,4819300,5467900,2877528,6567700,1062200,4273000,3010300,1538400,2278200,4130000,3632300,615900,3013000,7343115,39625000,77549000,1817800,15495602,5562500,6492500,9285800,128220000,4705100,8459900,4435400,4640197,5142659,2160200,42494700,3404100,6577500,16453100,1815500,18523900,1221000,6394900,3780500,5437000,50347000,5369000,2904400,8681800,7894800,35079900,483300,13958994,13878900,4744100,13974975,10742700,34524800,61915400,11652000,4052400,138932000,8176100,1885000,15881500,4538300,414596000,1975145,13357000,4876800,5695500,27106350,16551700,2573900,2272700,13897700,3092900,11670000,1343500,752300,2518000,12952734,7793600,9931700,7386300,7474500,5078300,1674900,1612400,1279400,28561593,6077600,2051100,2560300,85279500,1428500,8420300,2771200,3626100,9434400,3279700,1006800,1504900,20920400,2514800,23052100,25409100,4308900,14102000,2108700
2018-04-25,113528400,5487800,,5910000,2040200,2946100,3067800,13284600,90578000,4693800,1511900,131746000,1230900,34023000,5129200,11023600,65893500,6695000,715800,3204400,15887100,16059700,9963700,2095900,3147400,1380200,4209700,42393617,1447500,9869100,1311700,5080500,21706000,7379300,5331100,3424400,3067300,3511351,8977700,801700,3282100,3027800,1845800,3850700,2380300,3506900,460400,2744200,5354098,40356100,39947100,1316000,23216120,6335500,5908600,7982700,57860000,5041400,6377000,5587300,3184940,7663414,1643600,25752800,2306400,5859600,13548200,1605500,20774700,2062400,5379000,3030800,10821900,31248000,3396200,3710200,5411400,6973500,41083600,561400,7421658,14061000,3272000,14057034,12623000,33729300,43781200,7904400,5238300,149197000,5188900,2144800,20523000,1995600,588492000,1528082,12637500,5583100,4828300,27730213,14208800,1824600,1943400,8361000,2043200,9619200,1594900,704400,2506000,7501510,8367400,7878900,3668400,5994000,6090700,1899900,1543600,1004600,33485549,4648200,2246500,5405900,60204000,1444800,12696000,3118800,3195100,8001200,3799800,1122300,1313100,19893200,2709200,20978500,20281200,3551200,13867500,2105600
2018-04-26,111852000,12594400,,7372800,1634600,2235900,2326200,12701500,145284100,3682400,1794500,176022000,1744800,32751000,3021100,5273600,45936700,8900000,712900,2388500,6884600,13829700,6558900,3342300,5282400,1249800,4860500,34735865,3048800,10574600,1445800,4998800,20549300,10664500,6268400,4622500,4071600,2202082,8038400,959400,2810000,3162100,1021400,3899300,3411400,3439900,364700,3276500,5623422,80676800,31647200,1708400,13533448,6341200,4440600,16562400,50926000,2891100,7121500,8782500,2661884,4462027,2640300,39575000,2194500,8211100,10299500,1674000,13561000,3037100,5058700,1847500,9228400,36113000,4784400,3680600,4950800,10153300,77556900,844100,4932663,18536600,4330100,14148105,14668900,42529000,39041400,7402400,2880000,92667000,5355200,1367200,19006500,1962500,375824000,1224571,12175800,3672100,5978800,20405651,11204300,4111800,1349500,9191300,2819500,13684000,3166500,803000,1756400,5698154,14516600,7232900,3774000,8145000,4231000,2048700,2186100,1254100,175073050,6064800,1475200,3595000,65340000,1617900,6672900,2252800,7309000,14345800,4912200,1560200,1991100,14121900,4997200,17025800,17347500,2823700,14554400,2154600
2018-04-27,142623200,6117600,,4135400,1179500,1503100,3010000,11514300,74347800,2424800,2311000,261064000,1031700,27211000,2017000,3390400,47411200,11455000,370900,2558900,7468800,10420100,3860600,4451600,3226400,1490600,6539200,55114605,1590700,6398800,1563100,3801200,20077400,7486500,8836600,5518900,2602000,1689406,8038000,1804900,2600500,2536000,1196800,2773200,4801000,1822100,485800,3401900,4628703,33375900,16203700,1243600,10188469,5030700,3601900,8660400,40746000,2136800,5969700,4382400,2360227,3352953,1903600,69888100,1638600,4266800,9384000,2708700,9777900,1734000,3209600,1580600,3985900,30448000,3781000,4141500,3114200,7223500,29804700,465500,4012341,10368400,3287700,8034073,7784500,48272800,50049800,5682000,3454400,70744000,7814900,1474100,11201500,2363400,400848000,2019005,14420800,2901700,4765900,14425149,8144800,2795800,1687500,6591600,2062800,9443100,3348700,2085600,1139000,4609848,11975200,5342100,2651700,4559500,4888700,2371100,1436600,1830400,71773908,7967600,1668300,8920000,65469000,1064300,5114700,2301800,4557400,6842700,2658700,1748100,1866400,25986200,4565600,12304300,16953300,3352500,16346800,1119200
2018-04-30,169709600,7449400,,6096100,1504700,1766300,3056200,12695000,50608800,3608700,2548600,109282000,998200,39682000,2567000,3721600,55153900,11700000,480900,4247500,16530100,12237900,4764800,6689300,3950600,1494700,7395300,40906219,1412900,6381300,2165000,2788300,19958500,18378800,7631600,3664300,2533400,2515214,8558900,1502200,2658100,2227800,2107700,1472600,4419100,3315500,538500,3824700,9541031,66090900,17564400,1603400,10127373,8268200,4635400,11967300,34492000,2790500,7944800,4173200,3581798,4618613,1722700,36417400,1999200,8219400,13744900,1618100,16037700,1411300,5483500,1451100,4193700,29902000,4323900,12954700,3582800,14581200,20750500,620200,4794405,12236400,28076500,13730267,8209700,41523600,54743800,9057600,5900800,60888000,6484100,1100100,9453000,2289700,327844000,3025102,13896600,3742400,5479900,28295789,13076500,2173700,9085700,6497600,3310300,9469600,4778300,1568900,1211100,7058497,7854600,5483800,2572500,6249900,4999300,2580900,1562000,2067300,61108955,8206000,1375400,26172000,63423000,1297700,5592700,3446900,4479400,8449200,5667700,1278900,1717300,28938900,3894700,17050500,26057700,2881300,15028800,3364500
2018-05-01,214277600,11910500,,6406400,1204800,1792900,3028000,10935500,43441600,4799400,3249700,91442000,1225700,44947000,2915200,4313100,52871700,6977500,417100,3235000,9709200,11602700,5004400,3706500,4537200,1949400,4952300,26797705,1962600,7433800,1413200,3873900,16865500,9569900,7093700,3849800,2378800,2647980,6716200,1463300,2423200,2345900,1998400,1261100,7483800,2364900,450200,6034200,19818672,61430400,19461300,1599400,10719493,6180800,4366000,11381200,35326000,3269800,5590600,3423900,2691662,4637336,2174700,27600800,1821300,5122600,10503400,1357300,11514200,985100,6306100,3880100,3967400,28337000,4828300,6560100,3376400,9631500,26025900,721200,5633758,6046400,20929500,13756782,8498300,31408900,34154900,5028400,4192400,60366000,4957800,3286300,7098500,3294100,253788000,1988354,8838000,3895000,4543900,51278154,8103800,1663500,4037700,4553800,3783500,6780500,3112900,1195300,1218700,6588471,7257500,5150100,3220200,6197600,5998100,3064700,940500,1712700,47421840,6359800,1100600,12400700,69384000,2736900,4234700,2633500,4376200,6407300,3680800,1559600,1648600,16101400,4965900,13903800,20873100,2412700,16231000,3215600
2018-05-02,266157600,7625600,,4519900,1642100,2202900,2669300,10285000,29267300,4085700,2362800,87206000,1057700,52950000,3542000,3436100,68234600,6702500,438700,3885500,7367800,15287300,4637600,3714000,3822600,2184400,7998900,21194995,1700500,6810000,2498100,3671000,23601600,14322500,5909100,2597000,2585000,2218099,9286400,1180800,2586200,2399900,1641500,1743200,4454600,4779500,1047400,4618000,11318206,41899500,20459700,1461900,10783239,25822600,5543800,9440700,34698000,3710900,5203000,3866500,2598010,5433865,3037700,25778300,2430600,7390800,12162100,1103100,13736400,1591800,5166300,2644800,6604200,21948000,10133100,4318400,4647600,17155100,30424500,745800,4805050,8519200,13325500,10921837,8931000,27471000,31640800,10694000,6061900,56971000,5752100,2165000,6267000,2184700,268248000,1454088,10715200,3978300,5927700,29550260,10830900,1682700,3940200,6460700,3452700,8143000,2076500,1036000,1824100,4859321,7299100,5327800,2925000,6460300,5186800,2483800,1228200,1346700,53196466,6230600,1514700,14930700,134556000,2585900,5345000,3542700,3563800,8515300,5677400,1592600,2565200,18515900,4050000,16397200,18249000,2652600,13883700,7496500
2018-05-03,136272800,7699500,,5641000,1725000,2507900,2346400,11661500,33310600,4152900,1858600,85038000,1142200,58011000,3572300,6383200,110672700,6775000,682500,5059400,7967700,16325500,7703200,2083700,4182700,3118500,6479800,23233178,2097000,7088800,1815500,4435600,23750200,17123400,6727700,2957500,3716900,3544176,10450800,1222500,3522600,11445500,1432100,1685700,3486500,4269500,1441000,4229500,11431908,38907400,18971900,1355400,12665163,15060800,9867100,15742600,39282000,4511400,4814300,4123900,4822298,5249456,7256600,28561000,2436900,7282900,15379100,1038000,18352200,1537900,4469300,2889900,5679100,21815000,5785700,3450100,6321200,9212400,24026100,1437900,4097376,7291300,9029100,11864932,11438000,31142500,30489600,10460400,4935500,61358000,6155900,1988900,9725500,2277900,443144000,1371115,15370200,4773200,6668200,23517902,9386500,1294500,2319100,5784400,3096500,8609200,1578100,1259500,1910500,8062745,7152400,5869900,2064900,6563900,4566300,1635900,1670100,1176800,53352169,6035800,2291700,10742200,260281500,9052300,4788900,2731600,4079400,6778600,3576400,4538800,1518900,16114100,2365200,19216100,20628300,3384400,12243100,4833600
2018-05-04,224805200,5224400,,5833200,1504100,1663700,2238500,12523300,47884900,3430000,1729800,68872000,1038300,51303000,2363200,3655100,58281900,7572500,601900,4919100,5138900,12512000,4678400,1861700,2228500,1854700,3904400,22140250,1406100,6302200,1704500,6341200,19504100,12251800,5403100,2396500,1934700,3064663,9980100,921500,3853900,3909200,949900,1089200,2476300,5725000,548700,3871800,5870314,32043500,15428800,989500,8744820,9150500,6150700,6639000,36892000,2622300,6262400,3896200,2922471,4604701,3402000,25642500,2254200,6127600,11967900,1334800,10946200,1066500,3367500,1675500,3242700,32827000,3593600,4283600,4377600,15714300,17677800,695800,3673753,6661300,5612100,9149983,10368700,22531300,28632200,6462400,3746800,82095000,5132900,993600,9214000,2398600,400660000,1911883,10571800,2975000,5937000,19795912,8107400,1113100,2514700,5561200,2526400,9880600,1514300,1398700,1220400,10399369,9279200,5001500,1836900,5620900,4151000,1710600,780000,904100,33814298,6286200,996700,6230600,128541000,2368700,6168000,1999900,2412800,5798400,2923000,1975700,2263800,10669300,2354500,16660500,20914500,3594800,9887200,2882000
2018-05-07,169805600,6151500,,5656100,2057000,1808300,1961200,10071100,54001700,3175800,1532400,76038000,1068300,36953000,2152100,4192200,46765200,8622500,366600,3692100,5734900,11801800,6844600,1675600,3319400,2504500,4296300,19905525,1231900,9121500,2361900,4342000,17822400,11944900,6999700,2707700,1840900,2973521,10181100,918400,2901400,3177800,999600,1427800,3219100,5991300,705400,6020100,9726936,27510300,13111300,1308600,6858410,13201100,4190800,9197400,34400000,1979400,5559900,3582300,2021597,3825222,3080200,20285700,2157900,6707900,9356700,1188400,9336000,897100,3722600,1816800,4805900,33047000,4077300,3379000,7332800,7418500,18697200,617000,3424626,5298000,5856900,10513955,6576100,24242000,33996900,7877200,3164200,71178000,5041600,1173200,10818000,1588200,687616000,1783399,9006000,5105400,3475400,21580018,6633600,910200,3248200,4519300,2631500,9571700,2114100,1037300,962100,4596500,10630600,6278200,1585800,6388900,5224700,1650800,641900,1338200,34776581,5787600,1204600,6202000,130173000,2127600,4113800,3237800,2583800,5737300,3449900,1387800,1448800,12892100,2491600,16259100,32350800,1981700,15071500,2021800
2018-05-08,113611200,7620900,,6778500,1770100,2244600,4789700,13492900,35218400,3937700,3069700,61358000,812700,40149000,3199100,4014100,65119800,9860000,634100,4189600,5647100,23603200,3853600,2732500,3589400,1814600,5336100,56538943,1299100,8988400,1908600,4467800,20285300,10412800,8937000,3440600,2189300,2834100,14229500,1868300,4333400,4446800,1126000,1415700,3768800,3886200,978500,3044100,13435366,25754100,12799300,1682500,12381195,8973300,3704400,8364400,26030000,3267000,8970400,4168200,3130697,5616079,2595800,21026800,2430300,5951800,12543200,1160300,15062200,1041200,4591700,2949500,3725700,21481000,3396400,2808100,8977600,9404600,15577200,1484500,3915106,7690400,6857100,10749546,11578100,23484600,25205500,8817600,3732200,47357000,6534900,2055500,15787000,1847800,506616000,1732006,9830600,7160000,5333700,28269650,8084100,749600,2979200,5108500,3056800,9930000,2493800,758800,950200,4867902,7234000,7039300,1476600,6142300,6020400,2265300,1571700,1202800,44372404,5070200,1105900,4802000,88950000,2659300,5496500,2698300,2848700,5044700,6102200,2048800,1147000,16716900,2927700,20786200,19654200,4135800,17430400,2534400
2018-05-09,92844800,5665600,,4103400,1515300,3091600,3535000,9581400,49605700,2861400,1661400,72746000,760700,35031000,2694300,4347000,72266500,15897500,475200,3290600,4007900,15900700,4668200,2456000,3239400,2827300,5007100,24333148,1307300,9271200,1999100,4605300,20438300,9062300,11442700,3636600,2332600,2316799,18345700,938300,3853500,7595100,1397200,1529200,3831400,6104700,484000,1596100,8822646,43732000,14097200,1388700,10614202,7861000,2989900,7609500,47160000,2434000,8434900,3392300,2737381,4389016,2670300,19827500,2058300,6808600,11368100,1146400,9295200,1365000,3325200,1700000,4222400,23909000,2933900,2762500,5472800,7829900,23282800,906900,4020115,5983200,4827000,8684042,7114800,27327400,36489100,8864800,3096200,56334000,7956300,1169400,11145500,1372500,596760000,2008272,11822400,11030000,6201500,20430209,7528400,1150200,2875800,5021900,3148100,7016100,2025800,764400,730000,5643810,7015300,6119200,1536900,7774400,4662400,1212900,1021200,989800,49642586,6315400,1237100,5059200,85911000,3122700,5131600,3504200,3205400,6119400,4159800,1335200,1419600,23083300,2091900,16286700,96795600,3378700,17142100,3009300
2018-05-10,111957200,5369700,,4791100,1299400,1941400,1909800,9880400,49744500,2947100,1801900,56350000,1024100,25747000,2847600,3920400,54773200,28362500,527500,2957300,4569700,11488900,3911000,2175800,2256600,1948700,4036100,26147582,1532500,6512300,1874200,3772400,18469400,10115800,5446000,3682600,2413800,1649813,8927300,1401900,4605300,4610300,779600,1289000,2353600,4093100,390300,2775100,6784979,32023800,19718600,1232900,7820843,6614200,3703300,6814700,36414000,2599000,6965900,3850100,2184879,3898024,1910500,18715900,1527600,4948000,9159700,708100,7924200,1250200,3718400,1261600,5140900,18903000,2821200,1675100,3539800,5762700,21071400,593900,3230157,4966000,4532100,8624097,8208600,22388100,37146300,7849600,3093200,53023000,4965200,1230000,15408500,2077700,994080000,1422199,10974200,5741200,3100600,30906653,7618500,1354300,2893600,4632600,1969600,12267200,2159300,720400,711800,3715718,6565800,6015300,1753800,5650400,4247800,1319200,1153400,657000,39600046,6141600,1272700,5527500,84774000,1971200,4376500,2169000,2477900,6585800,5038700,1210200,1267600,15727500,1371900,20699000,47572800,2255600,17710300,1977600
2018-05-11,104848800,6358900,,5768100,1211600,2261700,1541600,10897300,43863700,3740500,1197800,45278000,1035400,24052000,2522100,2332200,42024800,11975000,395700,3917700,6404900,11531400,3507900,1476100,2542400,2322900,4014400,15657371,1194900,6382200,1296300,3233200,17551500,15335100,8092300,2935700,2487000,2381885,7036000,1325200,4231000,4364200,730900,1866400,2687300,2951200,431900,2188800,4756986,19837700,12881800,1941200,5970052,10014100,3249400,4856700,30504000,1540100,8541300,5355100,1708538,3214567,3478600,15405000,1846200,5716700,10253000,950100,6331900,1166100,4393800,844900,6844500,19455000,3301700,2258500,2881600,7666100,21207800,588800,3774217,10885300,3549200,13344498,6063100,16778300,27646400,4292800,3015800,45897000,4145100,826800,7637000,3020600,1214456000,1290929,9498100,6621300,3507300,21619964,7586200,734600,2249800,6557200,1851400,9639100,3280600,2944500,1046000,4318108,5843400,6452500,1656300,5449200,3467900,1151200,928800,611500,36426285,4849000,1209800,2774300,70194000,1931000,3583500,3044900,3388100,5437100,2773400,1165200,2242900,22872800,1725800,14424000,29804400,1970600,14751000,2210400
2018-05-14,83115200,8471700,,7705700,1636700,2670800,2843900,12333800,50263800,3370600,1142800,50190000,964400,27580000,2234800,2520300,41791600,11095000,415500,3264600,8855700,12615500,3563900,1276900,2552700,2797800,5345200,20974873,1336100,8805200,1440900,4169800,22037700,12415100,6212400,4293700,3483900,2896591,9891900,1394300,3972500,2280200,1364500,1769000,3086900,2645100,274700,2042300,5925974,27903100,10837300,1047600,8562032,6173700,4398800,6393300,39338000,1928500,8174300,7035900,2012630,3364041,2235200,21878200,2024700,6101600,8710700,1513500,10715500,1150300,4739700,1417200,5065400,33437000,2877200,2537300,3318000,5870200,15646700,408400,4049536,9358100,4936700,9942062,5816000,19454100,33376300,4741600,3820800,40898000,3453800,1192600,9030000,2836500,523140000,1481436,9689500,6459600,4307900,21485052,8646900,939100,2897900,5298300,2355200,15400300,1273000,1258000,644800,7024016,5871800,6120300,1833600,5142400,4243700,1764000,934300,1359100,35608980,7048400,1447300,3771800,109302000,2438000,4120400,3893600,4618600,5017000,3936000,901400,1442400,10362600,1805600,12809100,28497600,2311500,11852100,2484500
2018-05-15,94780800,8387600,,5333500,1774500,2130100,4596100,12837300,44183200,4491700,2607800,101550000,1181400,24984000,3442300,3009100,64433500,10017500,461200,3380000,5272400,12483300,4127200,2942700,3745000,1374400,6573100,25597650,1232100,5962700,2319600,2933100,24753600,6510100,5201700,4600700,3135000,2938327,5762400,1523300,3889100,2107300,1208900,975800,2036700,3191200,553200,2588200,11630852,26950100,14673800,1638200,7357154,7483500,4588600,6506900,35738000,2165700,5075200,10147000,2963651,4277512,2277000,21712600,2348700,5875700,11536200,1364000,16449700,1344600,3662700,1131200,4735500,19214000,2747500,3471300,5983400,9679700,15429400,653600,2702003,9726600,5869400,7148932,7523400,24594000,43307300,6076400,4709400,47461000,5045000,1249500,8745000,2478800,963528000,2597647,11304900,4637300,6555700,19345643,11502800,835000,3709300,8023300,1921700,12050500,2050900,819900,718800,5377971,7415800,6439300,2072700,3571600,4828700,2298300,1069200,1103800,35095003,5343800,1731400,2919400,142788000,2339700,4336700,2396600,3480400,5532300,3541300,1201400,1370000,12655400,2834200,14991100,27968700,2440700,12595700,2203100
2018-05-16,76732400,8296700,,3588600,1946900,1843700,3652800,10166700,73364000,2494200,1839900,51412000,935300,29330000,2135200,2230100,43590100,7007500,474900,2927400,7238200,11796000,2693400,1699600,2920000,1489400,3813900,20454177,911200,4363400,2163200,2439900,31253700,5965300,5405100,4408000,1887400,1568822,8111600,1043400,5483400,1842300,1101300,818700,1598400,2900200,425100,2174800,6089727,28976700,18976000,1101200,11397833,6603000,3468500,8193900,25628000,1965200,6262200,5044800,2157204,3314460,2862300,16260500,1541700,3818100,7571100,1157200,11590500,1273400,3614500,915800,3975100,22545000,2109300,2522000,2941200,5989900,16975500,446300,3484546,9329800,6890300,8941222,4517700,17384700,59011900,6155200,3167500,36717000,9693000,982500,8031000,3516800,553828000,1935206,9874200,5235700,5544700,21870711,8325000,985600,2876300,6156800,2034300,8675600,1953200,667900,891300,5861821,4843900,7406800,2276700,7121700,4736200,1253600,1070300,1576900,25230541,6624200,1813500,2904500,85110000,4140600,3898200,1906100,1970000,5124200,2691900,1116300,1240700,9798800,2141600,16450200,41200800,2382000,9570000,3221300
2018-05-17,69176000,6702900,,4157900,1615300,1690600,3186800,20101000,38692500,2268400,1820400,42952000,781500,22825000,2876100,2483300,45981500,7587500,365700,2604200,7304400,14876000,2885800,1964600,2679700,1592700,4080900,24612809,1090900,5592700,2391000,5557000,48210400,6605200,5241600,2781100,4095700,1627591,7320600,1742500,3474800,2773900,940600,976000,2717500,5721400,426600,1607100,8975183,20741100,18221800,1084000,10585136,5946200,3686700,9572700,25738000,2462700,10191400,4227700,2180008,3292494,1754200,16872600,1963800,6473400,8617200,1309700,14857400,1520500,2808400,961600,3180900,26077000,2378300,2975500,3268600,5590600,14840700,752500,2709897,11738300,9675600,8222398,4576800,17246700,54832200,5956400,3091000,49357000,6064700,1013500,7221500,2824300,519784000,1244179,10162300,4935500,6531100,13021432,8053600,890000,2823900,5713400,3571800,11450700,1742300,1229100,1136500,5290893,6110100,6028400,1168500,10825700,5043800,1064800,850000,759300,33656874,9906200,1364300,2478300,66309000,6114400,3792800,2418700,3697200,4911700,5888500,1081100,1147500,8907500,1836800,21622400,89162100,2176100,11224100,1844900
2018-05-18,73190800,5328000,,6357700,1517400,1888200,3145600,51042200,54063400,3377200,3562500,52852000,1017500,25262000,2927600,4327700,58641700,6932500,518700,3137100,3984400,16160700,3889300,1983000,2627200,1064600,5046000,19277596,1923800,5094700,1624600,3612300,24456000,4734500,6385800,4195300,7788800,1978512,5427300,1467000,3721000,2989200,1020700,899900,1848200,4064400,634200,2587500,9100943,23893700,16113200,1195700,7170422,6336400,7512300,5576300,35482000,2699000,6602700,4697900,3261765,2805581,1660000,23679900,1797300,5433900,11806300,2021900,11950200,1882500,4002300,1013900,5824100,52501000,4208500,2318000,2869800,20267600,13130500,752800,3499137,8572400,4015700,10151242,6702400,17865800,46088800,6256800,3623700,35777000,5688100,1185500,5953000,1783400,483716000,4136669,13517300,3498600,6894000,15734639,7042700,906700,2386500,5978600,3423500,11999700,1784100,938300,821800,3670749,7786000,3312000,2303100,5715400,6696800,1239400,1627900,1043300,28969650,11738400,1072800,4025700,108778500,2533000,4239600,2283600,2450900,6082700,3906500,1660400,998500,11384400,4423600,21492700,36129300,2235000,10030900,2149500
2018-05-21,73603200,5797300,,4610100,1653000,1757900,2765000,20898900,49714200,2557200,1266900,58504000,886600,25720000,2084000,6785400,34983300,8665000,359100,3005500,7187500,9798500,5849700,1610200,2252600,1357100,4456000,19599083,982500,5440000,1202800,2887200,21785900,4958900,5081200,3566000,4922000,2442797,5848700,837400,3301700,2088400,711300,644600,2234500,2573300,482800,3375500,6875128,31011900,13431100,1384200,16258282,6006500,4815600,6227700,25180000,1951700,5544600,4147800,2709263,3027856,1777100,25367400,1659000,5558700,9441900,1281000,9110200,746800,2505900,1001500,4311300,25346000,2632600,2424000,2610000,7568100,13532900,434600,2543294,6338300,3866500,8882219,5901700,19422500,70858100,8385200,2758100,66573000,5480700,735000,5418000,1472800,640624000,1770086,13416300,5806100,6678100,17802903,6428400,927000,2878400,6153300,2065000,14286400,1004500,766700,758100,7470048,5379300,6876400,1965900,4641200,8321700,1354900,1001000,731500,37984104,9916000,894400,2009200,137739000,2436800,5199500,3040700,3333300,5591800,2992600,1256200,1199200,8588800,1862300,11491400,32147100,2230600,8822400,1641300
2018-05-22,60962800,9456800,,6802200,1757100,2950200,2319500,15094000,43267000,2742700,2169100,42312000,864000,19218000,2910700,5389400,61103000,7412500,406200,3162000,7567200,14147100,3512400,2585100,2800000,1262400,4308800,14486659,1387500,6079500,1563600,2789800,16381800,4183600,5444200,3357100,2462000,1541863,6971600,949600,2957300,1709900,911400,919500,2002700,2397200,413300,1734100,7474062,22360900,27675900,1011300,13717258,6210200,5184100,6990400,22226000,2551500,6167200,4585600,3706335,2389064,1447400,19009600,2137200,7172700,11507600,1335900,8222900,1044300,2620700,1501700,10770300,27788000,2620200,3224000,3407000,5687800,12731400,407400,2767424,7550200,4111900,9357068,5930400,15441200,111262700,6550000,3305900,59644000,5675300,1557200,5963500,1548100,518264000,1568227,18505100,3827400,6807600,14477322,7744200,1003500,2633600,6164800,2780600,9432500,975800,441900,922900,6296730,5355600,6790400,3249000,5881200,4643900,1624900,1006100,671900,38908785,16548200,1587200,2752400,134187000,1274700,2999600,2644100,2027100,6645500,3253300,725900,956400,18539800,2055600,17398200,24201900,1941000,10753400,1658900
2018-05-23,80233600,12816600,,4318000,1738000,2757600,2820000,15595400,44517800,2242000,1772500,67238000,840900,23454000,2553900,4497500,73893100,10267500,377700,4036300,4660100,13626700,4010000,1052800,3523400,1103600,3409500,29735369,1026700,6407500,1635100,4303900,20638800,5965400,6017200,5109400,2005000,2321198,8046600,982200,2901100,2002000,1016200,907200,1922200,4382900,553000,2805600,9255303,23595000,18864500,1106800,30743980,5093200,3853300,8794300,23740000,3114000,6704300,7387400,3132136,3618846,2185800,20555400,1639500,4940800,11453900,1057500,8971400,1375900,2516900,1603400,26304800,19699000,2529900,3835100,3125800,7629100,16628100,593500,3274289,6632100,4419300,10375619,6529700,21251200,64066800,9017200,4101600,100491000,6806400,825300,6162500,1257800,442956000,1695266,9204400,3507300,6249900,20358642,6592500,1178200,2421100,8199300,2507700,11322500,2121300,568700,866300,6370142,5339900,5026400,3694800,5737200,5352600,1495300,1260500,950300,34379249,12248800,1446900,2770600,89776500,2144300,3123500,3047800,2013600,6569100,3395800,1095200,791200,14027800,2562900,23566100,28197600,3139800,15140900,1739300
2018-05-24,92936000,13164500,,5783900,1911100,2779600,2442700,10442000,47785700,2386100,1729800,68600000,591700,22799000,2230000,3932100,62146200,6990000,413100,3206200,3234400,16553700,2891000,1553200,3276200,1433100,3433900,25645025,1473300,6404900,1176300,5972400,18377500,4706800,5906200,4346900,2426800,1477567,7474100,816200,4162700,3319300,913000,678400,2419400,3176200,610400,3276800,8579118,34876300,13010000,1496300,21995906,4892300,4104200,8466100,20604000,2308700,6354400,3941300,2921585,3555040,1567700,19667100,1416000,6923600,14084800,1366100,9269600,1282400,2481800,1211900,10167500,21240000,2912900,3378000,2732600,5529600,12354700,434700,2457780,7274400,6090000,7261382,6637300,26649300,74725000,6408800,3585900,147586000,5613800,1388500,7757000,3727500,437372000,1413014,12497700,3319200,4696700,17523066,6508900,792800,2143200,5519500,1630700,12487200,1466900,585400,937000,2916292,5681600,7279500,3125700,8648500,4156300,1026300,1275700,1030900,46677223,8095000,955000,2548900,62650500,1544700,2855500,2610400,2303400,6035200,3158300,734400,634400,13580400,1737000,24673400,25728600,3068100,13360500,1244900
2018-05-25,69844000,25301700,,3839100,1314900,2152900,2039200,12202900,43850100,1812000,1484600,53968000,607300,32214000,1850800,2463700,44166700,8612500,290000,3031000,2685700,16008700,2359700,1427400,3637600,1292200,5197700,14074050,1106700,8315800,1331000,4031800,15362000,5559800,8936600,2991200,2096700,1379995,6982700,587100,2262600,1459300,932200,795600,2888500,3935600,365300,1688400,6155060,19337500,9003300,841200,10370235,4864600,3901400,5247300,22224000,1985600,12915400,2730400,2141374,5140358,1802700,18550000,1955100,4594800,8283500,825700,8806500,1094600,2338100,1020300,7642200,22637000,2459600,2582100,2756000,4827700,10965100,381300,2017054,5333000,6419000,6985339,10152800,18363900,54715900,6498000,3788600,78174000,5889700,1047100,6705500,1269300,292112000,984115,11354300,4152100,5324300,15005376,7546500,645200,1643800,5010400,1941700,11501500,2520800,637400,779500,2749129,6783800,6375100,2874000,10719800,4511400,981700,824700,943900,28884781,6272800,929200,2051400,58126500,1058300,4100200,1554900,1583600,7509600,3581600,890900,653600,7948000,1460300,17741900,17740500,2477900,14562000,1964000
2018-05-29,90056400,25494700,,4967400,2047300,2093400,2758300,16094900,39578500,2382000,2295400,76930000,735300,28281000,4377800,4249600,135895000,12192500,714200,8912100,3882500,37721400,3795800,2609900,4545400,1448500,5033600,20362948,1862200,6310100,2298100,8141900,25197400,8248000,7385700,4846400,3350500,3243564,11270400,898000,4468600,1750100,1613400,924400,2756600,3255200,589500,2014600,8614168,31324300,12993400,1159700,15867583,7820200,5404800,12342600,36076000,5323600,6863800,4725500,2600335,4746330,2682100,24253500,2613600,9821900,30643800,1241000,14826900,1318000,3459300,1159800,5033600,20495000,4545000,3197100,3792200,8190900,16398900,585100,2806773,7769900,6145500,9228269,26605100,28671000,75591900,7674000,5239600,97179000,5857900,1062500,7035000,1777200,352684000,1880614,12427800,4130300,8302600,28179639,8905600,756400,3202800,9077000,2961500,14696300,2659400,737500,953700,4411223,6475900,8237100,3083700,8369200,7259900,1605800,1363600,1056300,35691200,5492400,1854100,2997800,84999000,2132800,3492800,2837800,2724100,10401900,3025600,1232400,1142300,13035300,1988900,31604000,25284600,3154200,14644800,1822100
2018-05-30,74762000,31273400,,5954100,1577800,2319300,2947300,13439600,58186400,3419200,1848100,58148000,602300,26844000,3076800,2825200,79435300,8567500,404100,4307600,4794200,19040500,2688200,1348100,3175400,1390300,4403700,18575083,2422500,10273400,2390900,14170900,22498800,6522900,7125300,4618200,2870600,1686134,7216400,982700,2620800,1395000,1057300,896800,2145300,2894000,603600,1575400,9431394,25554600,13255700,1201800,10893914,5931400,5289200,11821600,28686000,3348600,5673500,3976000,2426315,5353951,3044600,24711500,3243000,6423700,17490800,973200,10114200,1223300,3475400,901400,4928200,28121000,2764200,2396500,6312600,6252000,13736900,416200,2563148,7187400,6100600,11572016,11542600,22158500,84737600,8811600,2619200,56855000,5799900,733100,11109500,1942300,390996000,1853472,11906500,3781000,6256600,29093773,8128600,630700,3035100,6157500,3583000,9146000,1328600,775700,625600,4421551,5762400,7637900,2177700,7710300,4749600,1676400,877000,734400,31955799,8086400,1189500,4615900,112345500,1207700,3621800,2071900,2911700,10631300,2996000,1016300,1164400,10459100,1613800,16416200,27942300,2378400,16627500,1893200
2018-05-31,109931200,18910900,,6322200,2767100,3838400,4301700,16462700,46797700,5247200,4514500,63326000,1293300,34698000,2780300,4406300,97509300,8850000,543000,5787500,7302100,22633000,4546000,3124200,8064200,2019500,4738000,37837954,3657500,8508800,4822800,6408300,31439600,13403100,7460700,4432700,4754600,2905502,9620000,1277100,3587800,2516500,1042700,2424500,2782800,3544200,901500,2802300,8659593,61563200,15414400,1300900,11571648,12447300,10900400,59937500,79368000,5334900,7275400,4839900,5576827,7144494,3568000,30962100,6140700,10337500,19808200,1373200,15571300,2504700,9526400,1452700,7602100,30783000,4641400,4881100,5184600,9241500,30782600,841900,6282708,10678300,8272100,12786019,15150400,34140900,101882200,10660000,6983900,69217000,7856200,2126400,10013000,2994000,493868000,2134795,13062400,4861100,8270100,30926468,15526000,1000300,4961500,9395500,5907100,12813200,1619200,670800,962700,5430249,9433000,9514300,4695900,8419700,6990400,3009100,1370200,978800,38948770,10903000,1659400,5888600,88795500,2182100,6582100,2966100,5893000,11086000,5480900,1160800,1649400,27288300,2165600,17515900,34406100,3149700,15803100,2693700
2018-06-01,93770000,14837300,,3595800,1808800,2773200,2789700,11341200,71677900,2892800,1623700,66268000,578900,26360000,2711200,2657800,64796600,7537500,446500,3817800,7102800,14914400,2755500,1335400,3127300,1162000,3758600,19455785,1690200,7116200,4056400,6132800,18352700,5503000,5749900,3405200,2655900,2482277,6847700,827500,3403200,2909600,766700,1697700,3483100,2919400,670300,2043600,9688661,35406200,12802000,1174500,11870536,5128600,4189800,24461800,63202000,3330900,9214200,3706200,1918978,4034945,2408300,31183200,3658800,5741000,13594200,1381700,10664700,1025200,4057700,886900,4786000,34371000,4194900,3203800,5899400,9289000,17307200,792800,2185092,4696500,6979800,11556925,10003900,28655600,74761500,7797200,4140000,71123000,4085900,883800,6384500,2666200,421968000,2135930,10863200,4940200,4414200,22345011,7209300,893600,2951400,7733900,2757000,8869700,1519900,1012700,732800,4258361,4967700,6694500,2011800,6512800,4029600,1540900,2027800,714200,31463933,7984200,833800,3314900,81366000,1482600,4728400,2371400,2237800,8323400,2941900,808900,2176800,9967100,1473500,14100200,15713700,2406500,9906100,1422300
2018-06-04,105064800,10922500,,4063300,1481800,3058700,2205600,9911300,74546000,2298800,1246400,63754000,637200,25886000,2417400,2950300,43777000,7117500,417100,4444500,4085200,10468900,2470900,2445100,2827900,1011400,3441400,20736505,1984800,5599200,1870600,4860700,18087700,11423800,5760500,2799400,1737000,2501904,6598000,757200,3234500,2470000,573900,1237600,1921800,3756500,403300,2188800,9371949,25141300,9196300,919300,17197157,11726900,5105900,12939000,44754000,2133600,11494700,4103300,2320707,3174924,1572100,22538100,3034800,4853000,9415400,854000,11727600,641200,4263100,857000,5010400,28059000,3917200,3174600,8583000,7070700,18939800,725500,2880446,5854400,6655300,20410534,5523800,27281600,64350500,7173600,3367100,76820000,4581900,684700,7708000,1982600,642024000,2132628,12178400,4312000,3932000,19015319,8743800,652800,2716500,5337000,2979100,9696700,1524800,1153400,1383600,5114991,7484100,4588500,1275000,8104200,4196700,1397000,1344100,827200,24333399,7549800,1554200,3642300,71967000,1416700,3905700,2188900,2248500,7178000,3792000,618000,2661000,9012600,1641000,10593700,32766000,3221600,10954700,1546400
2018-06-05,86264000,10199000,,4469400,1756500,2677400,3221900,13547100,56122700,3980800,2565200,95644000,734600,42374000,1811500,2567800,47690800,8497500,495000,4325000,6452400,14072700,2916600,2849900,11535300,1308700,3334800,24455533,2619300,6333100,1868500,5123200,16728800,8008800,5672600,3495900,1872200,2213926,5974400,883200,2497300,2645200,1115200,1253800,4009300,4158700,518100,5141400,6906813,31036700,14530800,953900,14699910,7821200,6784300,12018500,32964000,1986200,8358200,4231300,1868942,2966456,3133100,21687000,5277600,5125400,10415200,1084500,9975900,1179300,3667600,873100,3836700,25079000,2655500,2952300,3981400,8095900,15544300,604300,2686336,7740800,4851800,13098218,9136000,23514400,41711300,8493200,3003800,83580000,4928700,867900,7628500,2667800,391712000,1980614,13430900,6391000,4851900,21476093,6910100,819300,2608700,8503100,2369800,6562700,3661800,714000,1297300,3450196,18278800,4364900,1653000,7058000,5533600,1784100,1698200,1106700,30999209,8378600,1096500,1787300,89928000,2375100,5366600,1531900,3341000,6198200,3392500,771700,2957800,10378000,2038200,11883900,24844200,3849300,12059300,2152100
2018-06-06,83734400,4933500,,4064400,1771300,3963600,3976800,10027100,97089000,2213100,1347000,109464000,1169300,37465000,2872700,4488400,74995800,7442500,682100,4017500,6337300,14862400,3689300,2206500,4817200,2680500,3390600,35970171,2257300,6412200,2066900,4766900,17730200,6529400,6213400,4396500,2468100,3103579,7833000,673500,3949500,2915000,1509700,1099700,2854400,4361100,418400,3051600,8678941,31110500,20784800,1096300,12967368,12376600,4650600,18026100,34934000,2566400,10921700,4134700,2882730,3368225,3663000,22955400,2919900,6799300,15453600,1596700,9202900,1555000,2720100,1083400,4138000,39254000,3233100,3586200,4407400,7962900,22558900,682200,2747571,8910700,6320300,7912190,7945800,21122900,36749000,10116800,6265900,77123000,5318100,1358800,7050500,2898200,371356000,1535410,13299100,6534300,3946700,19368093,7002900,779400,2693900,10480800,2413000,6236700,2641300,630000,1432700,4674202,13709800,4799300,1890300,6387900,5945100,1309900,1052600,922100,45205729,8988200,1204200,2853500,281509500,1338600,4015400,2650300,2783700,8065800,3554200,1314600,3087500,12924800,1377400,15848200,22088400,4714800,11603300,1917800
2018-06-07,85388800,5092500,,3834300,1841800,4169200,3025200,16869000,99860300,2729600,1493000,75314000,1102600,46077000,4245700,4517800,68402700,7345000,428400,4340300,10856100,16505300,3149100,1739900,4265800,1460800,5698500,28184805,1926900,7693500,2735000,6564100,19722000,5814300,8607200,4229800,2192300,2514876,7559200,910600,3289800,2481600,834000,1448600,1879500,3737100,390200,2362200,8547994,47314100,15733500,1758700,14811336,7604900,8108400,15330900,36108000,2905000,7431700,4378700,2196281,4515059,3451700,27596100,2641800,7414100,13444400,1899100,11948100,1227000,3123600,1088200,4242200,127752000,4084100,8342500,4916800,5882500,21503200,933200,2725923,7626600,4197600,7910933,8477600,28232200,42264700,7104400,3642300,82780000,6846300,748600,14267000,2415500,369448000,1205479,13714100,7229000,5052900,17083337,13476100,498000,2477600,6367600,2478300,14786100,1153800,829700,2217900,3993952,7919800,3851900,1420800,8330600,4871400,1621900,1884500,833700,56352882,7813200,1053400,3849600,215179500,1175900,6985100,2117200,3106400,8309200,2329400,681800,2183200,19674300,1603500,17299600,23117100,2907300,13502500,1758500
2018-06-08,106627200,4012900,,4674900,1725200,2880600,2090800,9954400,81930500,2865000,3537400,59102000,764100,73694000,3580500,3292900,49572900,6395000,370500,3757800,14035800,11609500,3254100,2840600,2878600,1667200,4782400,23233925,1428100,6656100,2052500,3486600,18812400,5473800,5108800,3168500,1390300,2132710,7090300,1958200,3268500,3494500,743600,1016800,2270100,2413500,439500,1681500,7592251,28371900,10326200,1221800,10484206,5843100,5084700,8549300,27284000,2253100,9377500,4006200,2149344,5450183,2642200,30822900,1834200,6208100,10383200,1369700,12078800,1079700,3172300,1260300,3680400,52726000,2296700,5056600,3072200,7717300,12677100,520700,2595559,6839800,4058800,10142754,6412900,22165100,57144900,7227600,3657100,52257000,5524900,848900,10090500,1814000,360456000,1072867,14515400,5533200,4795500,16453783,13625300,485800,1752800,7490000,2220600,7035300,1504800,644300,845200,4388500,8433500,2843600,1461000,5125200,3981500,1282900,1054700,962000,43935086,6063800,1087400,2491500,123078000,1248800,4948600,3034600,2879800,5261000,3743600,1209200,1791100,15399300,977800,12965900,22807200,0,14350400,2285100
2018-06-11,73234000,5770100,,5339300,1978400,2868200,4329700,18725500,80737600,2409400,1475100,46710000,852300,31859000,3453000,2468500,46732800,5882500,391800,3465600,34449400,13941500,2758300,1941200,2225300,1912900,3220300,27699960,1449900,6237300,1684800,3443100,15069000,8261800,6085100,5354800,1925100,2326162,8175000,1751100,4922400,5073200,1015900,1458900,1782100,2374900,521900,2111500,6093513,30398100,12672600,1424300,9098022,5425500,8167600,14061400,24796000,1936800,7526300,4243000,1909237,3409960,1995900,25752400,2343600,5571400,12642900,1306400,7526100,1289000,3506900,911100,3568300,54434000,2616900,3246500,2502800,6848500,12928900,419600,2754268,7772600,5268200,7542666,6810400,23490900,42251500,6426000,2947000,44324000,4902800,863500,5956500,2150000,265372000,1029110,12521100,5813400,3984500,19505640,9049400,1321500,2187000,5194600,2225200,7369500,1235000,535500,1002800,6155945,7181700,2732000,1243800,6970700,4887300,1077500,1749200,4439200,49197060,5432000,1154800,2509400,197752500,1079900,3741300,2775200,2004700,7988700,3279200,713700,1460300,14143700,1308400,13518400,18756900,3060700,10831600,2091900
2018-06-12,67644400,8060400,,4869100,2881300,3513300,4908300,17236800,67002600,2045300,2940900,45184000,1150200,27594000,2426100,2440400,49644600,6395000,425200,3047000,21974300,13737100,2595600,2966400,4348400,1500300,3355500,35204918,1217600,8329000,1384800,5319900,17564900,9915000,4543000,7543100,2548600,3122304,9215300,1824500,4694200,2902100,868000,1464500,1582600,3396800,504000,2133600,10166323,51395400,11926300,1782400,8663462,6977500,5146000,9933200,26092000,2080000,9443300,4616700,2487864,2761963,2954700,23294900,2133000,5227300,15294100,1174700,8243300,1179000,3016900,1743100,3401900,36615000,2660500,2985300,6230800,8043400,11562700,446300,2160096,7555700,7553200,8308230,8953300,18325200,43633300,7450800,4227900,42910000,4356500,1223800,7102500,1499800,319160000,2079583,14713600,6053600,5075900,16371887,8786000,855100,2388300,5497900,2471100,7153500,3381600,353600,869000,3989661,8249700,3495400,2345100,9664000,4338400,1268800,1816400,7037500,78647321,6814400,1247300,1968600,335211000,1675600,3269100,2567200,3414600,5743300,4422600,908300,1539700,15597900,2353700,13608300,24185100,3152700,12351800,2236000
2018-06-13,86553600,7816200,,6189100,2357600,3590700,3539400,17174100,90227300,2243900,2270400,66550000,1074800,34868000,3183800,3867600,68900200,11432500,839600,3704900,22257000,17531500,4189300,2606100,6936700,3729600,4252400,48900717,1547600,6741100,1665800,5809300,24383200,13830700,6317900,5017300,2386100,2332930,22009400,1521400,5618200,6432900,657200,1709300,2260200,2364900,559900,2598600,7640059,28406700,9608100,1147800,7407462,5077000,5782400,11233100,34302000,3637400,8709600,5128100,2142260,3104737,1841900,22631400,2299500,5836900,14979700,1416000,16745000,1048700,3052100,2014200,4309700,44895000,2686100,3140500,5326400,9251500,15853800,486500,2509088,9204500,4645600,9873732,7981400,29492900,33281400,6272000,4064700,182228000,4696200,928900,6978000,1200600,338208000,2533973,18053300,4401600,7553500,16029232,8022400,1233500,2409100,5726300,2973000,9676300,2570300,465200,723300,4458893,8283200,4353900,2662800,7161000,7778200,1155400,1051000,6769400,258289495,6288000,1214000,6181700,142047000,3050700,4948600,3138300,1668400,4881600,5546200,994800,1307700,30809400,2362500,14901100,19075200,2746600,12049300,2386200
2018-06-14,86440400,4648700,,3980800,1914400,5618300,3694400,16482500,113048600,2289600,2103500,63488000,706800,37042000,3285500,4039500,77863200,9690000,989500,4947200,12428800,24035400,3967600,3433000,5777100,2237100,4312500,45496347,1684600,5694600,1685000,6494900,24020500,8630900,5056800,5608500,3072100,2968670,18068700,1147400,5079900,4558800,785500,2481000,2461900,2856600,588600,1620700,7124543,34523000,12549400,1015600,12659759,5226300,5219700,10109200,35422000,2899600,6875700,4305900,2803026,3479310,1906600,23419800,3176700,5239200,20487300,1039000,12696200,1169000,3115100,1396200,4129900,43866000,2846900,2390000,3172600,7167800,19120900,532900,2656914,5602500,4880500,12528211,8620700,25691800,43421900,8846000,3762800,145983000,4636000,1135400,13087000,3845900,430016000,2063897,37001300,3675600,4812600,19959387,8895200,768200,1938300,6018200,2464100,8372900,5100800,606900,744200,6260819,11049700,6049700,1346100,7104000,5690100,1277800,894000,2150500,117442904,5440600,1001600,3081300,164715000,3060400,2941200,2456600,1869300,6464100,2431400,902600,1384600,17568400,1636400,18189100,22552200,3827800,11477300,2627800
2018-06-15,246876800,20806200,,11859400,8561500,9052800,5315100,23243800,77612200,6474500,3087800,95552000,1810400,60969000,6741200,9946000,105079500,12900000,753100,7341000,12738400,29314800,8852500,3324200,5509700,3593500,9744900,56698993,2074800,15982700,3879600,7711100,49379800,13025200,13223800,9724700,5991000,5086716,16169200,1776200,6493000,3943800,2301700,2479600,4378100,5028600,831300,3581000,15435459,56326800,22848300,1363700,20069141,11518000,12354100,23838500,44438000,4738100,15150700,7820900,4345183,9535336,4074600,39194700,3290700,13173500,26028600,1728000,21562500,2856700,5575200,1786300,6197800,43553000,4162100,7384400,5110200,13370600,21860900,691200,6517602,11512100,8448900,17246517,11505700,65738600,45854100,16682000,11737300,135881000,10977300,1540200,8587000,3888900,432260000,3025411,28120400,7476900,10573000,49156979,14943500,1171500,4504400,13314100,3483900,13804900,3380700,1034200,1538900,11852033,12408300,8367300,2874300,15094700,10329400,2510800,1783300,3369500,150914551,9489200,2190000,3696200,162724500,2539800,7027600,4772200,4286900,10044500,5087200,1591900,2890200,31398000,2888000,35715800,37509000,6558500,23797500,4208500
2018-06-18,73939600,6425600,,3672700,1789800,3764300,3214100,13780900,104317400,2370700,1497800,62154000,887300,30191000,3621300,3363200,52644100,7195000,483500,3773800,6433000,13680800,3651600,2242000,3603600,1585500,7904900,31995275,1117200,7680100,1975000,4202400,17625400,7482800,7696800,5133300,2947200,1855898,9288600,700900,3223900,2890200,746400,1606200,2014100,3180900,451200,2707900,6791148,32706500,13392700,1392400,14260009,6565300,8514000,10806700,33038000,2327500,5972800,3396300,1751601,4483574,1651000,40764400,2050200,6787400,9786800,1193700,12161900,972900,2903900,1259300,3766100,45187000,2081300,4297700,3287800,8244800,16826000,501600,3399989,7621600,4517800,9990270,7493900,23586000,36975600,6415600,3530500,68248000,4515900,932700,6976000,2435400,356268000,1844390,21474100,5247200,5964400,24143451,7384900,1215200,2725000,6334900,2654200,6946600,2004700,613900,943400,6185024,9676900,5051700,1652700,6110400,4592300,1362000,881800,1856500,104138823,7662600,1363000,4088300,181098000,1309800,3170600,1961900,2177100,8713300,3054900,1013100,1371700,15330400,1370300,17856700,25506900,2749700,9192600,3538900
2018-06-19,134314000,5528300,,5302300,2574400,3532500,5873000,13586400,92542900,2538500,2741700,85802000,1279700,36221000,3119600,6857300,65466200,8972500,448500,4035300,6482800,16892800,6792000,2504100,3106800,2344200,4580300,30963380,2017400,5211500,1940600,4833700,22199200,11019600,5947800,6769100,3752500,3088802,8869500,1014900,4039400,4117800,1416900,1362100,3445600,2448000,628900,2510900,9492521,40064800,17789100,3160700,16249456,8634000,4150000,18272900,47282000,3326600,8345700,5501100,2868781,3647402,1757900,31780900,1833600,8572400,12707200,1080000,12936400,1141300,3044500,1821600,6228100,37362000,2666200,3350400,3626000,8610200,19994000,497000,3835333,11703700,3828100,10501589,12490100,28653100,43486600,9922400,3981800,166971000,7562200,1118000,7518000,3107300,594932000,2215601,22764900,5427000,5504400,18484630,8514000,1192900,2617300,7467400,1997000,7958300,2359800,1096400,1425300,9243054,9965500,4881900,1642800,11577800,7068200,1702300,831000,1477100,115643059,5693200,1381400,3649800,191428500,1464100,3486500,2370200,2739000,6557600,2491200,1064700,1551200,25070000,1861100,16654800,28057500,3471300,8759700,2742800
2018-06-20,82514800,5842700,,5121300,2026800,2577500,3062400,9735900,76280600,2415200,2178400,86652000,1352500,24951000,4495300,4540000,52256500,8702500,346100,5234200,6642500,16697100,4128300,1825800,3974700,1420500,4898800,53371553,1231600,6323400,1527700,5341400,21276500,9279300,7980700,5238600,2609600,2692310,18625900,1011500,3660900,1935800,716900,1268400,1630400,2383600,1151100,1723000,5463173,31964800,11160300,3906200,20120367,6010600,4102900,9536100,51686000,2678300,8669300,3389600,2142260,3483075,1775100,21403000,1200300,6277200,8876900,1202100,10893700,1173600,4675500,1620800,4419700,27759000,3898600,3649500,2706400,8344300,28230900,400600,2808567,8086800,3217200,12757094,6570800,26180800,57497600,5251600,3791300,164946000,4424900,999900,8593500,2227400,369780000,2839032,59129000,4452500,4601400,21354251,6603500,1020100,2329900,6627800,2317000,6526400,2118100,1300000,932100,6264950,62091100,3743900,1168500,7567700,4269700,2165200,677000,1498700,73886085,6138200,928000,4565900,125755500,1390600,3454800,2580400,3112600,7192000,3093100,970000,1385400,11996800,1403500,16545600,23899800,3492400,8917700,3331800
2018-06-21,102847600,7225000,,4065600,2034200,2639700,3129600,13209300,95638400,2206400,1940800,98822000,1542100,18186000,3350700,4048300,68322600,7882500,571000,4977900,4500800,16545800,5914900,1153800,2829400,1976600,3646000,37479015,1408000,7439700,1825800,3912800,20924400,6157500,7290800,3989900,2784400,3168778,7707800,664500,4198700,1536000,1134100,804300,3272800,3003600,999700,4231700,9666790,33316700,12194700,3665100,14750782,6548400,3882200,13913300,44966000,3094600,9286800,4695100,3543053,4066534,1613200,44435600,1697100,4417200,11048700,1142200,10465200,2217100,2856400,1517500,4388100,32827000,2678200,4655800,2933200,8834600,19045700,309000,2894798,6183900,4776300,9336527,11018400,23198200,70419900,7038000,5091600,183899000,5537900,1650800,6499500,2318600,359516000,1692170,32635100,4997400,6550700,16893090,8691200,1758800,2698800,6049600,2481200,6605400,2657200,1014100,1034300,7310353,30723000,4311000,1761900,6371400,4932800,1210900,916400,1471500,68087230,6338600,1212700,3008400,119506500,1165000,3480100,2150300,2721900,8689800,4528700,956600,835400,14854600,1576700,21191600,24276000,2443700,10990700,2462300
2018-06-22,108801600,9454800,,4389700,3623900,4124500,3148800,13200500,59257100,11153100,2543700,81502000,1258700,52412000,7235400,3192000,76079200,9230000,514300,5268000,8499400,16059900,5114700,2537800,5053800,1867400,4871600,112581411,1967000,10945200,1738600,7466000,27460000,8784200,8535200,3356200,2315000,3180509,8959100,2017700,3184200,3053000,2700900,1081000,4015000,3173100,1106300,2342400,6264136,36703500,19348900,2635600,14178026,6118900,5853700,9336700,34220000,2731800,14098300,6785800,3197006,5869420,1913800,34682100,1710000,9501400,19478900,2896000,14924400,1341000,3769500,1364200,5477300,29503000,2993600,8703600,5691200,8878400,17420200,498700,2738960,7354700,11180200,12885998,12896400,38923100,63497500,8840800,5713600,104286000,9404900,900800,11773000,2483400,434160000,2806214,29735100,5305100,5709400,27018447,11446400,2775600,7940400,7007300,2965800,8074100,2468600,714900,902500,6050912,24429600,6752000,1559400,10995000,6345600,1833800,1100600,1596300,82958662,7841800,2327800,3424400,153991500,3053400,3822600,2604000,3536300,6031900,5030800,1122100,2203500,31911000,2000200,24015000,32439000,5380900,16012200,9403200
2018-06-25,126652400,5573100,,6012600,3134500,4575400,3942100,14442800,94418400,2678200,2174200,150224000,1175100,29705000,7996700,5006200,73616400,11342500,666000,6062400,4098100,21426600,6078200,2173200,16790000,1813900,4432500,35278541,1327000,5274300,2398600,6969800,28626700,6735000,5801900,3538700,3705200,3221794,7995800,1124500,4768200,2574200,1128500,1204700,4148900,1946300,1060300,3283900,9689502,36101900,14838900,3605700,16029380,6019500,6909700,10614800,57682000,3817700,9564600,5127200,3957402,9348207,1830100,45356500,2653500,8170500,16907600,2198900,12092400,1434500,3414100,1944800,4219200,36180000,4780600,6126800,6389200,8599100,25275100,492700,3495310,6492500,7899400,11057238,14684200,35433300,72196300,7033200,4024800,224909000,9064100,1240800,9617000,3126900,665816000,3152141,24640500,3780300,5183000,20424517,11300500,1607500,3159500,4272200,1799800,8635900,3431700,574400,1415100,10027067,15578600,6193400,2217900,7608700,6812100,2346600,1258400,1223500,64377382,5661200,1534600,4397300,103969500,2475600,5331200,3060800,4044300,10086200,4559500,827100,1491800,19301900,1716500,21069600,47818500,3675200,10557200,3069500
2018-06-26,98276800,5117100,,4303800,2164000,2998300,3363000,14748300,54213500,2070600,3052500,87732000,829400,24233000,5166100,3112400,56369300,8937500,740200,4324600,5636300,22613700,4285300,3673100,6526300,1506000,3900900,33579877,1646300,4956700,2276700,7043100,22171200,6579700,4592800,3700600,1832500,2636023,6550000,1169100,4402500,2691200,1178100,1125700,3007300,2472600,1497000,2615100,15287408,36627700,16300000,1954200,44618882,6538300,7207700,12818900,34688000,2692900,8455100,3270600,3521799,4329917,1954100,37543000,1857600,5496400,17086800,1492600,13974700,1026100,2840600,1670800,4443400,35058000,4271200,3375100,3536400,4978200,17897600,586200,2559679,7626300,4478800,12571913,12097800,26897200,42277100,7905200,3771100,151912000,7072600,1127100,7531500,1845000,478884000,3304361,20717500,3925600,5034100,25435023,9558500,1060800,3397400,6640600,1878400,8934700,1514600,655000,1208900,8867573,12930600,5021400,1832100,5618500,5917300,2723100,836300,1213600,59108126,5374800,951900,3546400,111787500,2101100,4001900,2158000,2332300,7733900,3422200,1401000,1813900,13597000,2174400,14409100,30378600,3951300,10382800,3358900
2018-06-27,101141200,5833000,,6665200,3191900,3499500,4191600,14900200,56014300,2354800,2147700,97444000,889300,24720000,3693700,4578900,61764400,11240000,558200,4451600,5918800,20917500,5665000,1775600,5691400,1823500,4228800,30774841,1406900,7625000,2211700,6851600,20794800,6376400,6339500,2873700,2433700,3096924,8803300,852800,3978400,2541800,1825300,1094600,2782800,4708800,730700,3630600,6158425,27242000,24679200,2596500,28252972,5818600,11075500,9542900,34538000,3104200,8636400,3771700,3444087,4290483,2760200,33338800,1881000,5666000,16276800,1469000,15332600,1399300,3005400,1523900,3296500,26858000,3233000,4962100,5619600,6409200,18734400,560500,3456081,7188700,5758900,10948770,11635900,31298400,53007500,8846000,2770500,165414000,7624700,1053400,9713500,1748500,453892000,2506212,26360100,5131800,6229200,29396165,7873300,1360700,3420900,6918700,1831700,11832400,2171200,1500900,1258800,8265501,14576900,6768800,1968900,6856500,3929900,1546200,887700,1589100,61469348,5050200,1177700,2475600,125005500,1603900,4364600,2481000,2940800,7282100,3412400,1219800,2075400,14144300,1751500,19520900,30899100,3234700,12725900,2288100
2018-06-28,69460800,6698900,,4237200,5801100,2217200,2174800,13760400,48716800,2286300,2110300,90594000,1180100,33238000,3142300,3348000,71292100,8930000,636700,4218500,5674100,19860100,4215900,2087400,5905800,4021700,2891900,26887760,1100000,3958100,1826700,6333700,22197700,26157400,3814800,3679500,1619900,2271566,6303600,877400,2659400,2708200,1057200,1602500,1978000,2679500,445300,5594900,10861154,43836400,17572300,4067900,13444307,7977100,7967500,10173900,29726000,3072600,7432400,2994000,3163575,4731790,1974000,29055700,1469700,5296800,14491300,1564200,12668900,1349500,2564600,1424300,3945100,33546000,2621100,4136500,5163400,5503500,18172400,720700,2366525,6534100,4546300,10691591,14183300,26650700,36878900,7838400,4037100,122199000,9118500,879900,7446000,1894200,338012000,2997754,20918400,3507100,4297400,16506167,5714400,1202600,3045800,6613100,1723200,11723600,1877200,948300,1333500,5215893,33210100,7194100,2249700,5827800,5500400,1091000,582500,1430300,55928276,5973000,1116300,4024500,125970000,2195000,4198800,3556900,6173000,6576500,2668200,1266400,1368400,21605500,3803700,13837300,25401000,3003500,9390700,2199500
2018-06-29,90950800,6787900,,5807300,3370000,3774700,2941900,15112200,41527800,2606200,1995800,90870000,998800,42794000,4698500,3108500,102307600,8710000,701800,5185700,8657000,24193900,4107900,2588400,4986100,1905900,4223700,40499692,1686700,7132000,2164600,5229500,20522900,10754700,5669700,3106700,1906200,2653056,6774000,1722000,3385000,2371200,1405200,1184700,4025700,3020200,547700,3533800,12582950,44718500,19795500,2262700,15015178,6215700,6546600,14054900,31562000,3393700,8623800,4106600,3131250,3880765,3021200,28906500,1919400,7308700,18972400,1727600,11485600,1391000,2964000,1267800,4212900,32016000,3006900,4024500,6352000,8391000,15811600,405000,3195234,6602900,5576800,14956951,13592200,28053200,32582200,6784400,4935900,92525000,31314100,688700,5265500,1763800,392300000,2496305,22144900,3849700,4721400,20974705,7679900,797300,4552600,4689000,1928000,11274000,2436000,1205600,1262900,6055520,17413000,6827600,2359500,5350900,4017100,2191700,1010300,1037800,55645999,5812000,1591000,2433800,97386000,1633500,5343300,2772600,3409300,7259000,3483600,1104900,6716400,18023100,2995400,43888500,24766800,3038200,17323200,3618500
2018-07-02,70925200,3854500,,4365200,2279400,4127400,2211700,11042900,43398800,2069800,1559500,63714000,1110100,33369000,3148700,2820700,52534300,7360000,564000,3521000,4860900,12699100,3172600,2178600,5315100,1396900,3057200,18315055,917800,4952800,1876100,6399200,21810900,7449400,5073500,2628700,1867400,2435126,5488900,1356300,2570000,1872100,950300,698000,2514800,2310800,562200,2660100,6115945,37892800,14426400,1587500,13098533,4086700,7075600,8608100,23216000,1723200,7527400,3822800,2494617,3562048,2067700,23755500,1852800,5481400,11130000,1365900,9232500,1291900,2347000,977900,6036300,21153000,3018300,3024000,3264400,4713700,13961600,433400,2171338,6454500,5351000,9546337,8655100,19564500,38934200,6444400,2813100,81425000,11867000,636700,8400500,1505300,357572000,3329232,20655500,3091300,4711900,14556372,6092800,778800,3457100,3956700,2516500,7299900,2806300,871600,1145100,6706692,9870900,6474800,1366800,9404700,4198900,1131100,1954800,1078600,50002449,5682800,942500,2217800,281397000,1155300,3392500,1793300,2252300,7554400,3748500,1111900,2283600,13141200,2630600,21204900,24375300,2826200,9998300,1759000
2018-07-03,55819200,2452400,,2245200,1919100,1307700,2132100,7538500,32094000,1348000,1669600,43546000,346800,11591000,2041200,1464400,40599000,5220000,307500,2031200,4173000,12346000,1837400,2165200,4037400,941500,2298400,13509074,512000,5338400,842100,3164700,13474700,3242900,3919600,2246600,1580700,1403232,2406300,941900,2568600,1168800,441700,569100,1839500,1382800,333500,1378100,4289559,16544800,8460000,922000,6721507,3147700,3167600,4975800,16448000,1204400,4651900,1608400,1380535,2053507,1148900,16327900,1149300,4248100,8311700,803800,8214300,640000,2163500,651000,2193100,20484000,1567400,1437700,2120000,2751100,13489500,210000,1469764,5003000,6832100,5106590,5037800,14670300,52190200,5366400,3885700,52803000,5794900,336000,3785500,1100200,222732000,1246656,16783300,2978900,3769100,9608159,5897200,762900,1744400,3225200,1248900,3618900,1326800,540600,2444400,3918474,7517500,2490100,1140300,5207700,2346200,648800,416200,436900,44857650,2616600,490100,3121600,184239000,834100,2201500,1248000,1145700,3621600,2078100,789900,1059900,8441100,1328800,12830400,13188600,1811300,7197300,1283500
2018-07-05,66416800,4744000,,4065200,2427900,1863400,4157000,8950700,40703300,1801000,1512400,59662000,1140600,25299000,2385500,2427900,44506800,6205000,513900,3310200,6763300,12359000,3366300,2311300,4248800,1234200,3670200,12089430,1334500,5719800,1436700,5576700,18118700,6678800,5926900,3496700,3014900,2800824,6202800,1501000,3964600,1266600,778400,703300,2559100,2483900,795900,1565200,5807925,32008500,17618100,1623600,11172227,5755400,6755300,8351400,28594000,2218200,5408200,3040600,2191853,3916956,1475900,26163500,2150100,7319100,10723400,1031500,11653000,1547900,2675500,986300,3182400,23862000,3101900,2248300,3441600,7419100,19684200,471700,2415083,6716300,8436100,9517098,10577300,18977400,51136400,9321200,3650300,84489000,6534500,677800,6203000,1876900,306216000,2122308,21916200,3670100,4870400,20391106,7956100,852300,2207000,4165900,2070800,11728300,1397800,954300,1558600,5456944,9630500,8985400,1324200,6492800,4763200,1172100,605500,750900,46895286,5192000,1184000,3348200,262146000,1614000,4097700,2182900,2866800,4729300,3400600,559900,1178600,11279600,1984300,16788600,16102500,2574300,9035700,2474600
2018-07-06,69940800,5867400,,3647900,1840400,1889700,2315100,11467600,65101700,2751600,1376600,53006000,718800,23112000,1996600,2105100,39424900,6320000,556300,2818800,4170600,13174900,3179600,1795800,4357600,783900,3310800,12314567,1574300,4429600,1523200,5045800,20258300,7108200,4020000,2583600,2059600,2147261,4134500,991000,2963000,1628500,664900,803000,2298700,1443700,524500,1737000,5031498,25646700,15283900,1584900,12524399,8859800,4302600,7897100,21820000,1846400,5642000,2552400,2092666,2980054,1648100,19968000,1802100,7297900,12173700,676300,8733900,1642500,2290500,1103500,3818600,23543000,2050300,3298800,3344000,8891300,19740100,238400,1942902,8720100,4055100,8543191,7269300,19234600,31841000,6277600,4052500,86296000,5916200,689600,3907500,1031800,296352000,2148727,20764300,2801100,4387300,18955452,7244000,757500,2129600,4719600,1561300,8806200,1633400,1002500,1236300,3665346,10712000,6753300,1236900,4303400,3550300,1134000,588200,855000,54541518,5006000,818800,2928200,132982500,1378000,3419700,1572300,2022400,4839800,2461300,735600,1518900,10203800,2047500,12389100,16841100,2193800,7637100,2073600
2018-07-09,79026400,5953100,,3654900,1651600,2170700,4302600,9727700,58525500,3065500,2334400,60240000,744100,17955000,4991700,3128700,61758900,7132500,748400,3504700,3770700,15148500,5562300,2164600,4122700,1151500,4102300,14580448,1651900,5271400,1738300,5183100,23210000,8026500,4602200,3252300,2149800,3616030,4725200,1428500,4505700,2041900,621500,1607200,2234600,1671900,422700,1565400,8344424,23916800,16786000,1733900,13993109,8546500,3777200,8149000,21584000,2743900,6632300,2575100,2210672,4084316,1900100,21361600,2254200,6706100,13900800,769800,7373100,1293700,2718300,1244400,2646000,20559000,2377300,2477300,2926400,3967600,18149400,391800,2352652,7837900,5463300,8724600,9412500,18212000,32579700,9356000,4166500,111275000,4871400,864300,7467500,1257300,303880000,1548000,25125700,3001600,7866400,22329412,9095900,950900,2263100,4366200,1608800,4577100,2270200,881400,1646900,5400534,12811700,6146200,1350300,5230900,4564200,1484100,767000,556400,57539848,4201000,1237700,2788700,113952000,1229800,3658000,2039600,2103600,8960700,2726500,865900,1334700,10491200,1876800,16684000,19726200,4289700,7158600,1836800
2018-07-10,63756400,5119900,,3963600,2071000,2012400,3829500,8802000,37093000,2757000,3775300,60058000,718500,16413000,4675500,3278300,58858400,7127500,484800,2685500,6807000,17057700,3761700,3474900,6025500,968200,2613800,13191641,1399700,5246400,1687800,3643700,20224600,6329800,5092100,3590200,1531900,1986972,4213600,915700,3763200,1716000,519000,1262700,2671800,1996200,470700,2027400,7445461,21231500,15083800,1195700,12585475,8380800,6012200,10140100,21334000,2524800,8631800,2842400,1909901,3950742,1821900,17362900,2694600,5075600,14575900,1086500,10606100,2150100,2227200,1525500,4547800,19771000,2265100,2187500,3115000,4697600,13190100,388700,2019685,9760400,3965500,11266524,9238800,19293100,34852800,7404400,4242800,93829000,6281800,801100,6107000,1449700,360016000,1869365,27422000,4601500,16107200,20253875,12773500,1053900,2775100,3604100,1867900,6848900,1441000,921300,1428500,5083052,9038000,5354300,1502400,6343100,8859400,1566800,802400,656500,51435414,9527800,1452300,1502200,142072500,1236900,4512800,2012200,1503900,6561900,2648300,1194600,1600000,9614600,1723300,15581400,18145200,2816400,8806200,2894800
2018-07-11,75326000,6230000,,3414100,1307100,1730600,2815400,13333000,42544100,2431400,1250400,64196000,696300,35761000,3469600,3056900,50218900,8317500,468600,3343100,4038300,13262800,5231700,1771100,5568900,1474900,2345800,35892920,1407600,5636400,1472800,6168000,17721600,5926800,6631800,3603000,2396600,2068752,11753800,880900,3921000,2057200,523200,922300,3253900,1963800,381200,2856000,7808579,30030100,26590600,1394600,9862643,6138800,4057300,8840000,33252000,2527000,8082400,3309300,2576313,3688824,1339800,18665600,2645100,4827400,10186500,1120100,7715600,1518200,2449500,896200,3796900,34509000,2827900,3203800,4490800,4315400,12927400,614700,2216308,7697600,4441200,6055344,6089500,19644600,38699200,5583200,4640300,97139000,3656600,720900,6855000,2719100,367508000,1040978,22802600,5109400,5521400,17795314,7851600,986100,2372600,6191700,1433500,8702000,1525400,595800,868600,5806047,9542400,6404600,1579200,7497400,5138500,968100,677500,634800,51941182,5032000,1236500,2473600,73261500,1671000,5000200,1486000,1765000,10648700,3512600,1691800,1618400,14348100,1132500,15641400,16787700,2138700,10405300,2960500
2018-07-12,72164400,4672000,,3736500,1717000,2761600,4186400,9735400,44188100,2251900,1504600,90654000,732000,435083000,3688800,2030700,51700700,8927500,574500,3040600,4704200,13345200,4250800,2011200,3451500,2201700,2501300,23873165,1236300,6386700,2222000,4681000,17999500,14054100,3745200,4705000,1681700,2658019,5931400,1020700,3655400,1903400,543400,1451700,2226000,1971200,339400,1875900,8511963,27025200,20100400,1333200,8309863,8955900,4524800,8250300,44148000,2223100,6793100,2709200,3447962,3262997,1588500,20292700,4358100,6199000,12456800,1363400,6331600,1913100,2604500,1283300,2995100,26871000,3970800,2360800,4392200,5232700,15454700,335900,2073266,5279800,3951200,8424453,7774700,24335900,29647700,7370000,2671400,127433000,4879200,1216400,11061500,1854200,345508000,1287626,24857900,4694100,5500100,16974881,8556800,767800,2168100,5308600,1249300,8426400,1694700,698100,990400,7329739,9339200,5749800,1948500,6217000,6483300,845400,807600,620200,58851800,8791800,883500,3631300,85818000,1300000,5818700,1592700,1920100,11816100,2992200,1361500,1181100,10583900,879100,18236100,14665800,3523200,9762200,3629000
2018-07-13,50055600,3712400,,5326800,1420300,3934100,2432200,6349000,40614100,2232000,953700,87664000,573100,161678000,3456500,2272300,75178000,6782500,786500,2693700,4994400,34054000,2838700,1105800,3241000,700400,2684800,26853509,1021100,6313300,1951200,3941800,50831300,5592100,3352800,2574800,5103500,2373538,8188800,802000,3366200,2108600,670900,1016000,1552600,1820000,281700,1431900,6689363,36561500,26062200,983400,10121259,4031200,2922300,5144500,32612000,2541500,4607300,2308100,2842213,3203480,1242600,13749300,3223200,8250200,21289100,606900,5585900,1501800,3335000,1662500,5197600,21323000,2590800,5186500,2968000,4422900,11486800,275900,1943978,5428200,4884600,7705106,9747600,24635200,28799000,6308800,2089100,157190000,2963100,1417500,9482500,1272200,246988000,939017,25771400,4723700,4417100,15227243,6021300,1495600,1942100,7517900,1563300,5266100,1548500,546200,680100,7378045,21718400,4966000,1618800,4607000,3508100,987400,734200,536700,70635135,4376000,863800,3079300,88047000,946800,2715800,2356200,1997900,7865700,2500000,916700,1457300,11175100,1172400,34323400,19165800,2175900,8720000,1948300
2018-07-16,60172400,3783500,,5764400,1522800,2165100,2367000,7228500,65275300,1824800,1644500,109324000,674600,102277000,3264800,2889000,129172000,10280000,1212800,2626700,7234800,26659900,3723100,1178100,2864300,1451600,2409100,24474419,721000,6216200,2078200,3592100,24468000,4594100,4317800,2744900,3726400,2203999,8245900,608800,4171500,1917700,690000,1027800,2727500,3210200,371400,1975700,7603326,46156800,15983200,1935900,8943299,3093500,3954200,7466400,26784000,3271200,5280800,2530500,1968572,3628365,1185900,15951500,2396100,7314400,24662600,903900,5831400,1399500,3175200,1303400,2502200,18735000,2955000,2818200,2161000,6823900,11078200,380900,1755728,7032200,3077100,4729938,8724000,21786900,25735200,5545600,3121300,229600000,4755100,607600,6547000,1359400,197036000,1522200,22949600,3661700,5413600,17888699,6931200,1229900,3073500,6821400,1795100,5907100,1309300,596400,1192000,6454359,16974900,6211200,1567800,4544100,3172200,870200,425000,792300,43981029,3691000,1135900,1695100,117280500,1060100,3013700,3625400,4288800,4969900,2548400,1607600,1961500,9633400,1465000,25538700,13341600,2579800,8306900,2473300
2018-07-17,62138000,5107500,,7946200,2315300,2552000,2411700,9692800,42313500,2567300,2995100,113658000,812800,110827000,3092200,2730500,87778900,8812500,758800,3725000,8800400,17262800,3306000,2896500,2398900,2265200,3120500,22534933,889000,5724000,2064800,5133900,21188400,5312600,4135200,3020100,2704800,4634839,9075900,1175500,2271400,2478100,663700,1387700,2646500,3869200,406000,2431700,10851901,37584300,15905000,1801300,12334350,4424700,3485800,8806100,40162000,9280200,7282000,4662800,2763949,5331148,1452200,15754500,2376000,12858700,14821900,2037600,11592200,1854200,2179400,868200,2866300,24194000,2919000,1877500,2985800,7048200,15349900,428100,2297038,8012100,3110700,5292086,11138300,25901700,24729100,5195200,4662500,584104000,4355400,762800,6686500,1861500,362136000,1454604,18823100,3476100,6783800,15740014,8983400,1453600,6336600,6050300,2062000,7560300,1171400,415300,1031700,7483713,11421300,8638700,1525200,6614300,2192300,1052200,521800,944000,48245236,6034400,914300,1779700,104943000,1433700,3915100,6932300,2102400,5412600,2590600,1323500,1133000,10636100,1639700,21649000,17734500,2354900,7373300,2269600
2018-07-18,65573600,5521900,,10650600,2206500,2637000,2561000,15309300,40881500,2215800,2046400,97238000,732100,80834000,5923800,3090100,59109200,6645000,487600,10469600,6430900,16321200,4394800,2156200,4563200,5413500,3713500,17256164,1029200,5667700,1869500,2908100,20364000,5129500,6061300,1979100,2397700,3597192,6414100,1154800,3103400,2486800,770200,1090800,2902200,3280200,350600,1944300,6860967,36420000,19202600,1888800,8562449,5186600,4526400,9180900,38948000,6149900,6856800,3787800,3369476,7254324,1647000,14649000,1896000,7152000,14244900,1753300,7351600,1641300,3021400,860400,2922700,32971000,3595400,3824000,2220400,7347000,15334900,370800,2326220,5066200,5089500,6645578,18407300,29493900,33729700,4843600,4088500,217463000,6101600,921200,7702000,2634400,277640000,1798054,19234700,3827000,5379000,20803430,9105100,1604600,4784200,6453600,2561700,6795100,2557100,456700,657200,5969237,13549500,7565100,1725300,6493200,3163800,1501900,736200,933000,59012004,5564200,827600,1916800,84363000,1594300,5491900,3359800,2798600,7008600,3100500,1513000,1138500,11734900,1199400,19913900,15136500,2434400,8711900,1699800
2018-07-19,81147200,19747200,,6761100,2055100,1980200,2055100,11481100,41267800,2539200,1505900,93538000,1429800,63247000,7171100,2711700,59260600,8677500,684100,4670800,2756800,14833900,3576700,2178700,3811300,3488700,4346100,44416329,1290600,5959200,2790800,3590600,24498800,9621100,4471400,6345200,2303400,6697049,17796800,1273100,3009000,1645500,1149000,947600,2490500,2889300,376900,2152600,8549536,40308800,38238700,1549800,15641895,6488400,4363800,6778700,38338000,4638500,6387800,3691100,3349218,15329967,1595600,15954600,3066900,5984600,16775300,1314700,10097500,1553400,3171000,759900,2742300,20152000,2264600,4869700,2272200,6273300,11350400,444700,3129214,9201100,3148700,7631641,11363600,40171600,39392100,6447200,4391500,168787000,4875100,856300,4766000,3770700,235752000,1965444,16656500,3495500,9241300,16596811,8010600,1298000,3099100,17196100,2333100,8150200,1283300,667000,868400,4090245,11415600,6194400,1721400,7049000,4496700,1726300,813600,1023400,68428822,5905200,2246800,2738600,88729500,1391500,5013900,2307600,2457900,7937000,2564300,715700,1080500,9524200,1405700,22219400,14649300,2924200,8659100,1405800
2018-07-20,82704800,11791900,,5763700,1110200,2221800,2440900,7792500,42879800,2252200,1786500,77688000,2490300,62893000,3325500,1816700,80432700,8982500,812400,4073900,5145300,12017500,5247000,3099800,3348900,3196800,3264300,26223659,979400,5617200,1793900,2462200,20732100,6331200,5394700,4128300,2832100,4199318,11787900,1494300,3013500,2153700,1027800,863900,2232900,1540000,361000,2211800,7581035,41531200,20405000,1705400,35732423,5656000,3427400,10949600,37938000,2683500,10584000,3564100,7139242,6709672,1840100,17380500,6758700,5835500,13578100,1105600,8588400,1326500,3829800,1563900,5424700,17208000,2801000,2695500,2762200,6759200,16163900,387700,2781178,6533900,4231700,7204686,8910000,56004000,32588100,4944800,3575100,150967000,5246400,678000,7197000,3219800,222352000,1642325,17232900,2934400,27559700,15532798,8234700,998500,3159600,11313100,2334800,10859700,1001900,965100,1034000,5109906,11024100,8035500,1792800,7510300,4342400,1383100,882000,889500,48517053,5287400,2455100,2102600,77433000,2202200,4358000,1959600,1776000,7153600,2291700,797300,1606400,12026500,2424400,17250400,14445300,4038900,9196300,1977600
2018-07-23,63957600,6316800,,4790900,1783300,1935700,2754800,7364300,44940800,1767000,1457900,77770000,1166500,82211000,2617900,1943700,74080200,8250000,646700,3587600,5941400,15764000,3542300,2227200,2433500,1676900,5332400,23832619,1314700,7936900,1394300,2538100,15656500,5456900,5359400,2911300,2789900,3941232,5447800,1115500,2844900,2226900,877800,1012400,2832100,1746300,505700,3315900,5937750,34942000,21358500,1207100,18849031,5119800,2988000,7687700,65446000,2788500,31042400,2264300,4837132,4077203,2191900,15945500,2859600,4631100,18140000,852900,9055700,1745200,3145300,1585300,3626200,22954000,2717900,2754300,2219000,6279600,16732000,348600,3909844,4729000,3605800,7266413,7728900,29707000,42781500,6605600,4837000,115052000,4198200,787600,8187500,3013900,301584000,1811882,17990200,3328200,7769300,20853074,5881600,1535400,2402800,6369900,1568000,8011800,1088900,1106500,1427100,6132904,8406800,3954500,2668800,8542800,2342800,1138800,790500,950000,49376329,4408200,2510000,2462100,164893500,1122200,3052800,1479600,1871000,7723600,2542400,963900,1388700,11703200,3333300,24584100,12450000,2481700,8425900,3026900
2018-07-24,74791600,7965000,,6545400,2545500,2433300,4202000,10903300,58201500,2440400,3230400,85574000,1932600,81158000,3155100,3182000,64761500,8450000,688300,3346600,9193600,21883800,5064700,4123600,4035200,1511500,5407100,23255265,1403300,4709100,1453900,4052300,17493900,6764600,4423500,3273400,5146300,3745411,5648800,1644000,4065500,3880200,899900,1468400,3076300,2850900,746900,3754400,7242452,47303000,28247000,1928200,11824171,8686500,4801600,10760100,107600000,2887400,24846300,5058100,4225848,4070614,3911300,17788700,2788800,7158800,14000400,1688400,13786100,1685100,9910000,3253400,3017400,23002000,3509100,3388400,2899800,8714500,28468700,488200,9791054,7627400,4223600,9931058,7254900,26316600,39011500,9324000,5220300,128515000,6054000,1926500,13719000,4795600,354620000,1639951,19885500,7053100,5095100,17804800,8297100,1283800,3221800,6034100,2163000,6637600,1205100,846700,1890800,12897913,9921500,5280500,4554000,8872000,4285800,2066200,1159100,1287000,67484015,4872000,2333000,2519700,143862000,2068200,4286700,2476500,2646000,8336700,3347500,1172900,1705000,23265200,3362400,27245000,16768500,4474400,11121000,2952500
2018-07-25,66839600,7494300,,5863900,2285200,2270300,2581500,9276400,82604900,2009300,1572200,74764000,1348100,92271000,2549400,7378100,57644100,8470000,492800,3743100,11988600,14232700,5041800,2160800,3075600,2717600,3334800,23533539,1657000,5148300,1560200,4056900,20658300,4586500,4278800,2272600,4371300,3556584,6756800,1145500,2582100,2944900,1238600,2443000,2767300,2602300,398600,3136500,7458079,92497700,35148000,1885300,11132811,7968400,3375900,42672300,51104000,2181500,22149400,4382700,4361898,3797921,2197600,19854800,2596500,6523000,13329100,1563700,21330600,1562100,8476800,2104600,4288700,22323000,4967900,4193400,5637600,9949500,58954200,953300,4000859,8150900,5236300,11023598,7483100,30702100,39749200,10608800,4076800,84678000,5542400,4482900,17960500,3102600,319112000,1722408,16354900,4610200,4762300,17171030,6208400,1340200,3879800,6212500,1671100,13143100,1137600,672700,3142900,8814978,11368000,5445100,2673600,7586700,3674500,1630400,1020400,2778600,127781491,5311000,2296700,2194900,106131000,1682400,8218400,3016900,6725700,8376000,3309900,2339000,1524500,15702800,1620900,15531100,17427300,3952900,9523600,2496200
2018-07-26,76304000,6812400,,5517000,2228000,2265800,4758200,11637500,192661100,2835800,1619000,198488000,1715200,85069000,2744000,3191200,46215000,11372500,407600,3766100,6327900,11169200,5385600,1792600,3106400,2011700,5836700,42992631,2283100,7360100,1820000,3414300,23518700,4579200,5544100,3292900,3585300,2786386,9466400,1245200,2812000,6273500,919100,999400,2755500,2860300,487200,3256400,7991120,103893000,13221200,1505900,11374588,14492500,3849900,16719400,54686000,1885500,17273200,4280000,5301849,4997788,2155700,28282500,2316600,7640600,11897800,1548800,12673100,2223000,4826100,2011800,3063400,38416000,7279900,7409800,4337800,13448200,169803700,2345500,3406567,10404300,11435400,11677235,5524900,31372100,28862500,7826800,6702200,69937000,6706200,3206500,18939500,2866500,325124000,1294231,15229900,4169200,5096300,24840567,9771100,948100,4999200,5323000,3212100,31025100,1268000,579300,1527000,9750899,11114800,4841100,3939300,6497500,5977700,1265300,1171600,1562700,58705498,4894800,2445600,2548000,69457500,1167700,5520400,2021300,3630300,10520800,5408000,2585700,2400700,11162000,1815600,14165300,19644900,4024600,13210100,2717400
2018-07-27,96096000,12905800,,4299000,2704000,3030900,3276100,17601100,161903800,4100200,1424800,193620000,1252700,79443000,3815800,2914700,57198900,13017500,571600,3939400,5458800,11194100,4649400,1594000,3256700,1277900,5497100,24206922,1530500,5587200,1596800,5924400,22050900,4545200,7580900,2588000,2321400,2709343,5717000,2466300,2097200,11612100,1006400,1056400,1752700,2423600,594800,2096700,4222263,46171100,11573900,1215300,8206805,9455900,5342300,12629300,48362000,1998200,10563200,3871200,3142099,3921768,1722600,67816700,2218500,6620400,12802700,1419200,10516900,1470800,3975500,1009900,3718900,80737000,4913000,4234100,4724000,8679800,60073700,1511400,2688608,12220200,5450900,8815357,7252100,37005300,30109700,6894800,4662700,89495000,6125700,2140700,16400500,1672600,295420000,1529837,14856100,2787300,4563700,22111971,7492900,1308100,4940300,5202400,3715600,13488800,1283700,1093900,1013800,6031844,15770300,3362100,2482800,5888100,3439700,1375400,1848400,1176600,60943985,3510800,2735000,2325100,85549500,2172800,4343900,1656800,2094700,7014900,3308700,1662900,1392100,14073700,3390200,17662900,14038200,3089800,18220800,2998200
2018-07-30,84118000,6466000,,5108300,2553200,5496800,2004700,9305400,160823400,2984700,1963200,131246000,1055500,75275000,4423000,3080400,58721000,9397500,492100,3988300,9844900,16339100,13837700,2422000,3241500,1738500,4801200,23349268,1267200,4934100,1292700,9522000,15300400,4669300,5729300,2908400,2994500,1968247,5199300,1538300,2306900,9488300,1390000,1520600,1812000,2053300,639400,2813000,4795261,35877000,9135500,1212800,8255716,5720900,5746400,9460600,43896000,2454100,9024700,2331100,3453275,3774177,2239000,35696600,2997000,11013100,13411600,1863500,8967900,1268200,5356000,1270500,4518400,34120000,5939300,3274800,4012800,7855700,65280800,1529300,2440438,6430600,4166200,10129130,10123700,34668300,25747800,6059200,3860400,182607000,7275300,1272800,12197000,2654900,340340000,1506926,20167300,3198900,3621800,21981486,7090700,1050600,3523200,5138200,3985900,9547700,1203500,758400,800900,5871991,14448400,4894300,1597200,5816900,3360500,1721400,1484300,1802100,84792932,4374800,1598600,2324200,102211500,3623200,4422500,1681500,2020400,12812400,2930500,2148500,1534200,16725000,2137600,22699900,18032100,3177800,11282800,2174900
2018-07-31,157492000,8691800,,5399400,2722700,2939500,3219000,10816400,118403400,4429300,3924400,114774000,1655200,63860000,4330400,2728400,64066000,7012500,512900,4911700,9438100,13608100,7608700,2921900,3243200,2848900,4741600,23094468,1547400,5422200,1888500,7442900,20900300,9351400,5894400,4510800,4856500,4073321,8421200,1293900,3691100,6231300,2095900,1336500,3021500,2467900,684700,4753400,11907466,38026900,12271000,1886200,14959799,6615100,7127700,16479300,39382000,2503700,10245300,2795900,3015237,5726013,3340800,36581200,2007600,7598900,15843800,4867900,12438800,1673600,4957800,986300,3239400,34177000,4416600,3530000,3518800,9298700,40356500,1251100,4273428,11759700,4686700,16184683,9714900,27655200,29301700,6672400,4952300,140854000,8265600,1724000,15314500,3188500,283988000,3767316,18808100,5069900,4892100,50837371,9878200,1189500,3501200,5934000,3831100,22350800,1663500,961500,1383100,8112481,9228200,5523300,2122500,5986900,5986100,2379500,1590500,2549800,62956068,6127800,2428900,2495700,76153500,2563800,5206300,2355900,2395100,7683300,4034600,4311800,1529400,16924200,3830300,21633800,20124300,3657100,11716800,3692500
2018-08-01,271742800,5330400,,4162900,2060600,3185000,2172700,8326600,75495200,2632800,2766300,83062000,1266700,42669000,3315400,2717800,69070700,7255000,1716500,4004600,5737200,13612200,6364500,1559100,2499400,6259600,4375900,21506025,1529900,5313200,1841300,5098100,21650000,9565900,4661000,4736100,2198500,2426215,6466600,1135200,3478500,4863900,2380800,1328400,2611100,3525500,527800,3613800,7656883,44126700,19388900,1096700,9291368,4246200,5684200,11179700,36994000,2510500,9216500,3086800,3735781,3544266,1954900,28060700,2218200,5770400,13531600,1839100,9904100,1447600,4971800,1392200,2942100,25590000,4614200,4252800,2723800,8114400,34042100,1196100,2471654,8070800,4279400,7949604,9194600,23628700,28200000,8429600,3800600,77905000,6878300,1476600,9885500,3227900,283556000,2109408,22933600,3417600,4169000,32734605,7556700,1453600,2862000,4657400,2679300,10706200,1864400,675200,1093300,5982744,11952400,15252600,1675500,4834900,5303600,2071300,1531700,1980500,41515609,5472600,1736800,4099300,151941000,2236700,5303000,3006700,1913000,7087700,3411600,2804300,1384500,12789400,1988200,19192700,15150000,3581500,8936300,2775900
2018-08-02,249616000,6023200,,4706200,1774700,2395400,2404500,9371700,52867100,2500400,1877100,87094000,907300,40312000,2481800,2655900,46427200,9387500,1637700,3269900,6269200,13248600,4195000,1256200,4946000,5071800,3607800,20529400,1350500,4669400,1904800,3779200,18033200,6806100,4639600,2893700,1343200,2723894,4027300,1207800,4075600,3535300,2127000,938800,2852200,3510600,476500,2317100,7132535,40318900,20206500,1030000,7631879,5629200,5298600,13066100,34704000,2579700,6558300,3543500,2368972,4018104,4277400,26452500,1716000,6563300,11058100,1623200,12009700,1597600,4321000,820400,4253500,18192000,3615000,6245900,2476800,7936100,32400000,1112400,2032841,6375400,3785000,7226379,7882500,26104300,28708000,7048800,4546000,71313000,5313800,924300,9166000,3081900,269668000,2336861,14227400,3355700,4167200,31879284,9261700,2425500,2718700,2781600,2627000,10618500,5626500,2148400,2549400,3547919,13636400,7535800,1701300,4985000,4906800,1711200,1750700,1413500,41306020,6055400,1562400,6327000,348225000,3536000,4516700,1854400,1653500,12300000,2588100,1223300,1684300,12337500,2288200,13489100,12918300,3273300,8364300,4942800
2018-08-03,133789600,4876100,,3945000,1478500,2100300,1563900,7032700,53232100,2176200,1673000,69210000,903400,24832000,1830400,2285200,50153800,7585000,824100,5028000,4425900,13680000,3594100,1305700,2644900,2852300,4324100,17590349,959300,4028500,1195700,3463500,13394300,4805500,5299400,2555100,1873700,2508898,4747500,1076200,3122300,5456500,1077300,767500,3682600,4117700,643000,1861800,6203710,25925100,11971000,962300,7354316,4628600,8204100,9374800,21264000,3053100,7336300,2309000,3282687,8424066,2829100,22008200,1593300,6498700,11016100,1247900,11462800,1050100,4572100,945400,3546800,15075000,2722800,3673100,3382400,9908100,24763400,702500,1554680,6341800,3075100,7333066,5426100,18659600,22958900,5184000,5108400,88484000,3762100,703900,6409500,1589600,214288000,1515286,14295800,3281600,3934500,27368375,7102800,1308400,2101800,3485100,1692000,7809400,2241200,1312200,1692100,3093147,8246100,4219500,1577100,4588300,4288600,1190600,1032600,1068000,35197746,4275200,1215900,2603300,204847500,7965600,3337900,1422300,1912900,4617500,2583000,1240000,1118000,7769900,2129300,13720400,17241600,2865600,7811100,4377700
2018-08-06,101701600,5134200,,3690700,1135800,1535300,1622200,8555000,83579700,1913800,1272700,67836000,1031100,22638000,2004600,3251100,41261500,10092500,639300,6673100,5421800,10121400,3125200,3334100,2456400,2211900,2542400,12897042,1106600,7177600,1285500,3247300,14345800,4738100,4455900,2425700,1472900,2823610,12715600,844200,3285600,3366600,1155700,808700,2640300,2396000,539800,1830800,5557808,22247900,16632600,1209700,6779285,3955100,4034300,5266800,22114000,2259600,5123500,2515700,3401357,4093730,2445100,26669000,1350600,5840000,9857400,1151700,10056100,3928400,5090900,1736700,3247200,17930000,3061300,2375200,8112800,6513800,49716200,542000,1272305,6938000,3837100,8600202,5086900,20265900,28776900,3531200,4999200,81981000,4280600,997000,5734500,2436800,207508000,1706825,13529300,3224200,6704800,27479572,5669200,1509900,3236700,2770300,1542600,10878400,2501900,769100,1118700,3091876,6505800,5060200,1311000,4348800,4468300,1316000,1013900,1232400,39835585,3398800,1412400,14881000,128464500,2998000,2970800,1398100,1603400,5143000,2401100,752400,761500,10768400,1480000,13360500,13954800,2375200,10041800,2644900
2018-08-07,102349600,8890900,,3329000,1415700,1885400,1781600,7530600,72822600,2349800,1418100,67550000,740400,29798000,1852800,2267400,43946200,9960000,1000900,6160100,4189200,12991100,4813000,3557400,2708300,3638900,2181100,11685997,1011800,5631400,1428100,3928300,18040500,5716400,4542000,2988100,1549900,2439751,15466900,671100,2629400,3858900,1090200,591400,4945400,1774000,492400,2823800,8595522,27961200,11081800,1144700,11811088,5759100,4347400,7652100,42506000,2399500,6557700,3052500,1803187,3670205,1504100,28322700,1381200,4664600,10562100,1414300,8632900,2552900,5095100,1088500,2754800,27277000,2422200,1929300,5529600,6774700,33398600,843400,1572262,5661900,4145800,8471298,5632300,16080200,21918600,4073600,5070000,79709000,5418900,1082000,5238500,1502500,258132000,1577515,11608000,3933400,6919600,18928575,6418000,1164600,3565500,3086600,2058100,7810900,1387200,477700,1386100,3491669,5869400,4598600,1051500,5745200,4575700,831500,1594000,1127200,36200146,4524800,902900,4777600,463137000,1753100,5234500,1462800,1957400,10034500,2606700,883400,1097800,7106900,2151900,13810900,13580100,3726200,10698100,2051900
2018-08-08,90102000,4535100,,4103100,1123400,1585400,2040000,8458800,52081400,3145900,1060300,79260000,573600,15801000,2228900,2333600,43689600,13892500,535200,3869000,9790800,10178900,3435100,2289300,2232100,5734000,1910500,13121646,1187800,5784400,2010700,3026700,13917100,18507400,5957200,2774000,2329000,1552805,11722900,945600,2429900,2740000,963500,772300,3590200,3146000,631700,1499900,4807178,22600900,13128800,888600,8429823,4400600,6007900,6759900,34344000,2522400,5250800,2176700,1878905,3745831,1502800,21990600,1055700,3721500,8997100,1241200,6810000,1740900,3901600,922600,1816100,21288000,2697900,2988000,3700800,4744600,22205200,555900,1258312,5302100,3171200,6821746,5884100,15487500,18074700,3776000,4406700,53947000,5327100,674900,4213000,1196600,262100000,1223746,10849400,4532100,5172900,25837440,4891300,726600,1721100,4319900,1411600,7912200,1328200,1161000,696600,2900720,7257200,4679600,984900,3549300,10954000,771700,796900,899900,29064448,4771000,792600,3106500,368568000,2162900,2890800,1494300,1603100,5389500,2009600,779300,903500,9457300,1630600,13778600,15123300,2910600,7275000,1918000
2018-08-09,93970400,6176100,,2578500,1722100,2092000,2057600,9514900,46653400,2766500,1231700,97208000,588100,27563000,2435500,2301800,38219100,42005000,634600,4685700,8309200,11044200,3338500,1743600,3606600,2981800,2979200,18270028,886900,5975600,3637100,3572600,14098900,9074000,5218300,1484300,3782500,1443502,7042000,1084900,1658000,4261100,891500,697100,2071000,1874800,963700,2096100,6420179,35682600,15046400,1115600,6778847,5835400,2498100,12413800,27326000,2951900,6172500,2466000,2772141,3235801,1335300,23795600,1107600,4057800,9694200,999100,8924100,1003300,3298100,1048200,4206500,32915000,2444900,2764500,6251400,5395000,19732100,594100,2167870,4646700,3027600,7495086,7583400,13677200,34538400,3419600,5400500,48203000,4558500,1654800,6053500,2159000,204280000,1332106,14708000,14625200,4115400,20121282,5167400,1100200,1652500,2600500,1897600,6629700,2041000,1000600,806600,5203657,7175400,3993700,1293600,4760800,7202200,1188500,732000,805400,22388046,4639400,856800,2317500,257757000,1558400,3505200,2315000,2050100,5679300,2175600,953300,837000,10768100,2465200,15859500,14183700,2870500,9828500,2347000
2018-08-10,98444800,4446800,,3841200,1354200,1789000,1796200,8088800,65821100,1769100,1260000,72798000,923800,37017000,2473800,2745700,55679800,23410000,646600,4383100,4486000,20240100,6268600,948100,4521900,4442000,2936600,12669238,1146200,4855500,2830800,2748500,14322100,5918800,6128000,2573900,2413100,1989454,5740200,1029100,3467100,5190400,838300,700500,3101100,2268000,675400,2144500,6257266,39180500,13921800,1483100,10110158,5564100,2566300,9325800,26602000,3863400,3932500,2873000,1707431,3141243,1940600,28712400,1158300,4324000,12630600,2340600,7535400,1303700,2783800,1081900,3068300,29623000,2567000,3343200,38479000,4491500,21500400,861900,2264267,4284200,2708400,7796806,14321600,18183700,31340800,4484000,3537700,43284000,5036700,987700,4131500,2980300,256396000,1001659,10502200,8380600,3711900,18194148,5566000,871700,2430300,5087700,1847400,8736000,1611700,633400,959600,3825676,10539300,4341700,1521900,4851200,6840000,1214700,843700,764300,28441506,7651000,1151300,2241600,173280000,2666900,7652600,1625000,2341400,6523500,2059300,1116000,568000,7979600,1933200,16170100,24734700,2286200,12954300,1684600
2018-08-13,103563600,5920000,,4407400,1590100,1532700,2018800,6436600,81411300,1802900,957900,110630000,1862400,29842000,3389200,1877200,63960600,16462500,382700,3837900,4552800,16926100,3879400,1397500,3623000,2085300,2725100,16976610,1161900,4322200,1518900,2880400,18113200,6795300,4360000,5385500,2155200,2500099,6080900,803800,4051000,4636100,983500,913600,2882500,1581900,425200,3273700,6212963,66586200,16222300,900100,14001101,4903400,3489500,15573600,27500000,2662700,8411800,5294400,2253291,2989991,2269300,17070600,1249200,3778000,10336300,1582200,8143400,1337500,2816400,790300,3399300,21843000,2014000,2879600,10821200,5502800,17423300,590800,1898291,5962400,2307800,9973606,11445900,18472500,24609500,6452000,5416900,68889000,4101200,894600,4349000,2836300,375208000,989894,12152100,6056000,3170100,19860627,5068100,1733700,2565600,4733500,1989100,7092400,1329800,590200,910200,4015721,7911300,4798100,2430000,4563400,4918200,948300,949200,759800,30159926,6956600,1158400,3222200,156958500,1869700,3989800,1635100,2339100,4817500,1875600,959200,810400,9919400,1453400,19541100,17637600,3156400,10308500,1439300
2018-08-14,82992000,5580800,,3246400,2083200,2100300,1174500,6879800,89195500,1240200,1433500,79722000,1617700,36327000,2327100,2017300,42521200,17215000,408600,2774500,7462400,12668200,3537900,1345300,3590400,4180600,2532400,11180986,1208100,5223300,1450600,3474700,15981300,9902200,3622200,4524300,2808800,2091876,4326400,645600,2379000,3052900,777500,931100,2933800,1469900,638700,2878800,6097298,37657400,16722600,1038800,10349974,4399800,3093900,7326100,28080000,2359000,5138900,11488000,2861586,2991560,1555100,23061600,1570200,4542800,10597600,1094400,6846100,1612000,3283900,974500,3754500,19201000,2076600,3111600,14471200,4532500,19102000,506200,2055924,4028800,3413800,6912608,8695500,16788300,32050200,4366800,5081000,58052000,6079700,949500,6433500,1345700,466220000,1376482,11513700,5701600,3836700,17336824,6226900,901400,2439200,4281600,2703100,7844200,1824000,517700,807400,5073359,9385400,3485100,1872000,4851000,4402900,959400,511700,973100,23881650,9137800,686100,3311900,104796000,1041500,3109600,1941600,1914800,5888700,1440200,798700,566700,11454400,1823100,14860400,17510400,2308300,8005900,2385100
2018-08-15,115230400,6861500,,3724900,1669400,2744700,2352900,10296200,86355700,1900200,1413900,154014000,1381400,41132000,2219600,3798600,59747900,17155000,721000,3547200,16216500,18952300,5682200,1854000,3590900,2922200,4245700,16397229,1651000,7944500,1844100,4476900,27902200,6965600,9476700,4535900,2563100,2005246,5183200,785600,3683400,5484700,798900,913700,2851400,4184000,524100,2158200,8227637,36298600,35976400,915300,13501919,11810000,4976800,10720400,37052000,3218500,9293400,6049300,2512328,4436609,1409400,26739900,1569600,5377300,10152100,1722500,9686400,1352200,3143200,1321400,3979200,29154000,2955700,3355500,9769400,5594000,33020200,847100,2426564,6894100,6162800,11413873,9496100,29982800,57746200,6485600,11054700,117845000,5057200,1056100,6305500,3765600,591136000,1287317,14091000,6489500,6513300,22428488,8753500,955000,2898400,4767800,3985400,13524800,1288600,551100,793500,7253626,9566000,4024500,1744500,9831900,6350100,1964000,846600,677200,39232106,6394400,975600,2408500,136519500,2267400,3532600,2017700,2619100,5288400,3452500,984400,907500,16473300,2162300,17378400,25850700,3259900,16307800,2017300
2018-08-16,114001600,6332900,,3714900,1957000,2420400,1803100,13733100,69733700,2361700,1154200,79142000,1169200,29239000,2290400,5867900,44015400,23535000,681600,3576500,7195700,13439600,5539400,1694700,3494500,2625000,3163000,17492932,1311300,5453000,1657700,3704000,48648500,9037100,5455200,2838300,2996000,1781902,5082500,579600,3104900,4673400,649800,1073700,2056400,3702300,820700,2360400,11589633,28857700,17867200,1031200,10847153,8742100,4127700,9413800,32176000,2438300,6828300,5690100,2325357,5492232,1970200,24358000,1153800,7861500,10118600,1482000,10600700,1102400,4427200,1195200,4325100,26004000,2894000,2822100,7668800,5676800,31351800,476900,1961679,7166700,4075600,19378358,8264500,21384300,33663000,6614400,10189800,66897000,5475800,935000,3728500,3865100,801260000,1245108,11874300,5470600,4504600,16457472,12368000,943200,3046800,3953800,2747800,9958800,1060800,595400,885500,6771365,8721200,3501200,1742700,6080800,6024400,1378500,642800,1160200,49497475,7578400,817200,2549400,90960000,1173700,2916300,2115900,2126800,5931700,1875800,2213800,732500,16265400,1949100,19992500,127893900,3997900,11519900,2462400
2018-08-17,141708000,6307300,,4768200,2717500,2744200,2134300,52584200,60616600,2183800,1542000,82086000,1290400,39093000,1950800,3069200,39843500,15382500,472800,2749900,5113900,10329600,6611700,1850900,3421700,1805700,3523500,12888827,1729300,4435200,1980900,2865600,23153900,7145900,6112900,2850600,8811200,3398438,4764500,883900,3090200,3805600,830200,940100,2862500,4492900,486600,1664300,11614448,32742900,21904700,803800,9795746,13337900,3374000,7796700,33092000,2107200,6072300,3885800,2249417,2801816,2785100,26382000,1654800,6700900,8505100,2816400,8885700,1662800,3824300,1397400,2575800,42193000,2308900,2527400,9127600,6394900,24893200,328200,1912284,5438300,3374300,8223761,5854500,18061500,34464200,5126000,9395900,104079000,9001400,1127400,8280000,2155200,1143188000,1566782,11412000,4795100,3391600,25910693,8409300,791800,6319500,4124100,1774000,15170500,1068900,669600,887100,6773271,8166900,3627100,1217700,5657500,5421500,1211100,649700,1315500,34647226,6324200,1051000,3088400,284379000,1078200,3744800,1969700,2384200,7699600,1791100,845400,981700,19102700,2311900,13737600,49389900,3478400,10178400,2712500
2018-08-20,121150800,6172500,,5075400,1285800,2901300,2279900,15056100,62983200,1747900,1496300,57240000,1342700,54489000,2267900,3018200,40011000,12332500,465500,2527300,5244100,11233300,3311100,1818700,2674000,2449200,2151800,10625079,900700,4659000,1783700,2882200,19288500,5873000,5403600,2071900,3509600,1370294,5167600,779000,2643600,3625400,607300,870100,2697900,4020600,509300,1741700,8970136,25252500,12683000,1031400,7878350,9137800,3717700,7072800,22218000,2604900,5479600,2956700,2369747,2614686,1655700,24334000,1151700,7935000,8618700,1242800,6392000,1161100,2765500,877400,3467000,25374000,2469300,2659500,8978800,5168200,21518000,337600,2501673,4488900,3352300,10919426,7898200,17914200,33022900,4678800,6189700,135911000,9345200,1170200,8307500,2766100,854388000,1111567,11936700,3119000,3676000,22521029,6795800,920900,5981600,2854500,2461600,13966900,1204600,543800,628700,8489074,9791200,2728700,1272300,3670300,4245200,1779700,586000,950300,31105394,10065600,820000,2621400,261034500,1829100,3238200,1786200,2272500,4662200,2072200,862500,946700,10747400,3840700,11403400,38037900,2384200,8152100,1175900
2018-08-21,104639200,3528400,,4045500,1291600,2168900,3703300,15570800,55629000,1666900,1520000,62112000,892400,29952000,3218400,2967200,53510600,13935000,640100,2665300,6883900,12261100,3021400,3458600,3207800,2626400,2323800,12171269,1439500,3717600,2066700,4063700,18617300,5072600,4875800,1956800,1945200,2152111,4770400,645900,2623400,5814300,545700,727700,2526100,2548800,467500,2936600,6152116,46413900,15806000,1263800,12091467,9139900,3774600,10048500,23082000,2437300,5361700,4124600,2730185,3249817,2953100,19254300,1333500,5832100,10976700,1453600,13986300,935200,2775500,1167600,5599900,27194000,1979600,1920900,10125600,4496600,19578500,556300,2044801,8386400,5733400,10285701,9632000,22881900,38572900,4931600,4545800,147832000,6337000,1653100,7775500,2835300,673988000,1398154,10187600,3282400,4667700,18633244,8534500,1817100,27503600,4993600,2479700,12181400,1604300,553500,809400,3551733,7990000,16320400,1893600,6092600,5648200,1175300,1311200,823100,37627153,18130600,1121000,1973900,197583000,1315900,4714300,1559300,2594900,6854300,2021700,1028800,919200,11961200,1989100,17943500,31593900,3311200,9192200,1220400
2018-08-22,76072400,2963300,,5203300,1184400,1895400,2680400,11214300,62002700,1709300,1134400,61610000,842800,26890000,2761300,2682900,33062900,11537500,603500,2454600,4153100,7297600,2209500,2589900,4190900,2227300,2099900,8484571,707300,5019300,1267900,4245300,13202900,5259100,3636900,2088600,1277900,1441697,3213000,670100,3050000,6609700,476300,661200,2501400,2104200,339700,2307600,4234320,30803700,12230400,1168200,9065575,5083500,2936200,8871200,22296000,1870900,4564500,5007000,2256391,2498894,2150400,23182500,1044000,4688400,8314700,1158300,7159100,1229200,1964400,690600,24973400,17181000,1905300,2361500,5461200,3936000,16894100,448700,1747715,4580600,3838700,6176178,4952000,18000600,26740400,5132800,4961800,89307000,4308300,984800,10251000,1454400,749856000,904342,11639400,2948900,3860900,15001687,5132600,632600,5330800,4210700,3889800,13860300,1291500,464700,887900,5965265,10369600,4539500,1323300,5134400,7524100,898400,696700,766000,45223736,11654600,1136500,1750200,89190000,1770800,3999200,2148500,2272200,4191700,1670900,896600,616400,13911400,1323700,20829600,23297100,2746700,10098200,2831000
2018-08-23,75532800,2137500,,4428500,1299200,2984300,2421600,9504400,113444100,1351200,1206600,71260000,672800,35578000,1866800,1833400,38259100,10675000,579200,2363000,3732400,8310000,3905300,1116600,3340900,1494200,2460400,12257163,1048200,3995500,1337900,6196300,15379000,4299600,3962500,1602900,1414700,1839542,4257400,802400,1828100,4468200,564500,761900,1608700,2074800,325900,1846600,4735535,31511800,17069100,1205400,7940552,4737500,2788000,8742400,24666000,2064700,4873200,3595000,3866849,2322538,2536800,31343200,1282500,5057600,9265400,766300,13144900,840400,2043400,717700,7492700,22220000,2247600,2755500,5882200,5435700,18053600,647600,1635291,4137800,3392100,5806654,7699300,18167700,26832000,4972400,7476200,113364000,4156900,1409400,7606000,2074700,720684000,975653,11026700,2313600,4508800,21032148,4323200,602600,5477600,4094500,2062700,12038100,1223900,438900,1115300,5603132,8567600,4859600,1540500,4430200,5877300,917700,759500,668400,28404566,8616600,1054600,1564500,77209500,2036300,3038700,1603500,1263600,4426800,3151100,911300,681000,8354400,1799600,19655600,18289200,2914300,7203900,1899800
2018-08-24,73905600,2996100,,3831200,1768200,3862300,1626000,8294700,164328200,1358500,1339900,56018000,512800,20541000,1844000,1954100,43585000,10285000,580800,2415700,5511100,8760000,2565400,1479400,2324800,2266800,2046000,26143527,909000,4934000,1453200,4882000,15575200,5499700,4415400,1423300,1945400,3762106,5049000,579900,2296600,3483300,757800,883600,2499200,2147100,501800,1139000,4731049,18380000,13288900,1066100,8068963,4767100,2231400,7278000,24454000,1948100,5121100,3054300,2745573,2904324,3120400,18214700,1200600,4809400,8845700,853800,10952900,708000,3089900,773200,5107100,20123000,2722600,2199400,4979600,4805800,14631600,380900,2005214,7705000,6091800,5194098,5620600,17234000,24785500,5074800,5403900,147291000,3453000,975500,13825000,3158000,531512000,759242,14011700,2580800,3677700,21661703,5356000,1505800,4020600,9451700,2959200,16001400,1245100,421300,896600,4575684,9849800,3753300,1879500,6418000,6664300,1108600,553700,616800,21492889,10367000,934400,1945600,54039000,1928400,3191900,2238600,1969600,5714000,3448400,685400,905200,8499900,1236300,14366600,25782900,2015100,6545200,1655600
2018-08-27,82100400,2456000,,3498900,1406800,2433000,2205900,12581300,325058400,2034400,1072800,71380000,650000,28213000,1972000,2279500,47729300,8517500,607000,3166700,4225400,13545300,4770900,1531200,2647100,1665000,2078100,12759506,1337500,3389300,1904100,5814800,17209900,4770800,3901900,1517500,1902500,2887906,4767700,720000,2559200,2404600,694900,815500,2093000,1816500,391600,2144700,3817225,49769300,10476700,1650900,9324212,5355500,2179700,17968000,28580000,4106900,5127000,2521300,2054143,3652214,2272500,17170300,1170600,4325900,13768000,1106400,9581200,674200,2452500,737500,3119400,31687000,2550200,2627100,5525400,3897500,17921900,562600,2125531,6103200,4305200,5327822,13317400,19662300,29134100,5547600,4579700,174273000,4012400,636200,8557000,1587300,505776000,1233962,12253300,2242100,3155700,24485896,3941500,1229700,2938100,6102200,2328800,12578000,2014900,847700,579700,4819596,6443200,5548900,2661000,8459200,7225400,1165600,877900,836300,23296972,6968800,1059400,1629300,196189500,1200000,3686200,2614000,2641100,7194900,2038100,1435300,825600,9539600,1634500,19915200,21120900,2661500,6671900,1536900
2018-08-28,91107200,3515400,,4089300,1668500,1867100,2020700,13190500,215771200,1644200,1192400,62014000,706700,24340000,2275000,2475100,38539000,6627500,517400,2885200,5539700,9688600,3234000,1429200,2923000,1821800,2012100,11539818,1046900,4072200,1882100,5266900,19147300,5535100,4685700,1820900,1535200,1815629,3131600,699800,2307900,2418700,696600,691500,2423000,1970700,324400,2764000,6395784,33845500,12144200,857900,12325524,4737600,2499700,9638800,27330000,2951000,6639700,3516300,3327521,2568244,2286000,13472400,1098300,6037500,8302600,824200,8476800,1078100,2516800,820000,3794600,35476000,2240200,2138000,5742600,3811400,15910700,660900,2555493,5691700,3222900,6219251,7419100,19151500,26198800,6960800,4710500,92226000,3788800,797600,5935000,1225900,475384000,1177409,15475700,3173100,5229400,19871694,5405200,754300,3429900,6437900,2237200,24952700,1203000,657900,646800,3571913,7171900,4616900,2238600,9470700,6929800,1502100,1207800,732800,21825743,4490000,886100,1697800,114736500,988400,3214400,2603900,2126400,4925700,2062600,941100,1257600,11864600,1477800,19330200,29949000,5221000,8823400,2129900
2018-08-29,109019200,3637100,,4446000,1370800,3155200,1702100,14226400,143223200,1775100,1309000,130636000,801300,18125000,1896200,1850100,46401800,6785000,634600,3176900,6682600,7146800,3369900,2493400,3879100,2502500,2322000,14318180,1638800,4887000,1793600,9018600,20220600,3781100,4101700,2693900,1687800,2247427,4001500,493700,2322700,3138100,617400,650300,1576500,2070900,324100,2092700,4282409,37336400,10064100,981700,9971648,4570500,2275500,7223400,36926000,1911700,5691600,2488000,2394212,3298875,2229400,13479100,1226100,4648700,7221700,1037800,12410900,685700,2949500,966000,3297800,23196000,3172100,3168200,5558000,4799800,18494100,509400,2523919,3895600,3624700,5753206,7856700,20818000,31450800,5860000,4871800,81187000,5712400,1233400,14963000,1571100,420108000,1414562,17307700,3149800,2403200,15785020,4520400,699600,2320800,5499600,1956700,11874300,2180800,1234200,614600,6034704,6604900,5642800,1209900,7611600,6845900,1298500,1107500,774200,33315018,5676000,781700,2411700,111711000,2015600,5113900,2880600,1528000,5192900,2525900,811900,1277500,9801900,1578200,14436600,23588400,3634700,8004800,1667100
2018-08-30,195175200,3434400,,4140500,1480000,2409300,1765500,10122300,103607300,1992500,1034100,145546000,583000,26529000,1868300,3257700,47358900,6672500,559800,4737900,4220000,13197700,4773300,1385200,2068000,2245400,2754000,11271361,1229600,5141200,1272000,14441000,16238500,4036500,3353000,2994500,1491800,2258933,3481600,535400,2738700,19585500,674800,769400,1543200,2096800,339500,1418500,4021357,48539300,15530800,1171400,9320414,4459100,2681000,9765400,30104000,1963700,7597600,2825400,1684738,3494058,2615500,16418800,1815900,4821900,8991800,1100600,9716500,805700,2928600,1409700,2533300,21550000,3083000,3038400,5781400,6186200,24216500,680600,2679997,3901100,4420500,4972341,11399900,22798700,32416600,6477200,6160800,109810000,7122100,1012500,9026000,2276200,346608000,932206,15154900,3216600,2119100,16015425,4549700,983200,2106700,6338100,1847300,12027500,1037600,956700,625400,4610801,5576400,4274300,1422000,6300100,5573000,1070400,906700,1276000,33840646,5216800,660500,1965700,108250500,1853300,5688600,2976300,1314400,7804600,2648100,801700,968900,9696500,1431700,14800900,21176100,2806500,7450900,1443000
2018-08-31,173360400,4703100,,5893900,2803300,2944500,3109600,9982200,65206400,2981400,965400,84088000,762100,27623000,2115500,3462700,49266000,7617500,506700,4526200,5012800,11898200,4552200,2181000,2477800,1809200,3257200,21782698,1391700,4152300,1881300,6210500,24904200,5644700,5287000,2687800,1181300,3275261,4642800,685900,3837400,9652900,942100,1149100,1967700,2020100,442800,1887900,9152256,76424900,14284800,1476000,10517216,4311900,3628900,13713300,42308000,1965500,6108300,4023300,2667640,3648971,1980200,16484000,2070300,6139500,13065700,853400,19834100,1057800,3278900,1055500,4263300,22122000,3020000,3649700,4496800,7662800,18065200,765700,2324426,4278000,6666800,6018978,7698400,23222700,29937300,7193600,5266400,79434000,5177100,1040800,6126500,2203100,306592000,1290929,17844100,3227800,4248800,20983559,6674900,841100,3306800,7001100,2575200,11166900,936700,484400,1227900,4381668,10892800,5005200,1313100,7953200,6210000,2267000,1031200,1408400,41386784,6886400,816200,2375200,80626500,2403900,6550300,2961500,2188500,5786600,3722500,984200,1302100,14605400,2080200,16720200,18974100,3434400,10700000,2018400
2018-09-04,109560400,4456100,,4898900,1676900,2158200,2150300,15147400,192541300,2293500,1171000,114422000,925800,36663000,2941800,2699400,44745600,9737500,499400,2775800,8512800,10108500,3955600,1197600,2379100,2098100,4515900,20442440,1721900,3447600,1858400,5310900,19122200,9709000,4590900,1995300,1698900,2527848,6391200,1196400,2887100,5245500,1018600,1164200,2021100,1703100,486000,2861400,4386017,54111100,19908400,1891400,9355782,4842300,4056400,12821600,41458000,2083500,5145000,4612800,2585944,3479205,2968600,15682900,1721100,4406800,10174200,1694800,11138500,1577700,3107000,947400,3883800,26060000,3776500,3296300,4314000,7181600,29809000,907000,2521766,4734800,6036200,6045178,8548700,22634600,28975100,6797200,7235800,76052000,18565800,1099600,8464000,2841400,391720000,1358938,17289000,5131600,4576300,15274779,5800700,660600,1926700,5932300,2477400,13024100,1585000,627100,1224300,4653387,8235200,3872900,1287900,8287000,7283500,1565100,1140100,755000,33314753,8690800,1368300,2103900,125257500,1172900,6160300,2097300,2396900,7638100,3372100,858400,1371100,19898600,2825900,19003700,24842100,3267700,8855000,1939000
2018-09-05,133332000,5188800,,6545100,1869000,4203300,2121700,15022100,257349000,1809000,1667200,164412000,840100,37194000,5511800,2959000,48516700,13252500,544700,3708900,5798700,13138100,4579400,1247800,2980300,3997300,3977800,17926774,2587500,5080200,2126000,7287400,20818100,14728800,4619400,3156000,2232100,2153916,6388300,787400,4884700,4311100,1015300,2045000,4056400,2081600,663700,2506600,9857742,44561900,17341700,1889200,11491355,5069400,6033200,12763700,53988000,2092000,20306500,3667100,3546927,3270319,3740100,20857200,2715000,6174800,11462400,1566600,10554900,1736100,3366600,892700,4722900,29233000,3869500,2749200,4665200,8690300,31226700,515000,2333994,6635300,5718900,6664337,5527500,32872400,39125100,7756400,6077500,130928000,12269100,646600,13524000,3208100,393156000,1492891,16437700,3851000,4392100,21819908,7651900,763900,4423600,6004000,2324700,15310700,1143100,541000,2063000,4185108,7966300,3995100,1689000,10127200,9068300,2039200,1096700,868900,35382046,6934200,1312500,3141100,115812000,1698700,5369300,2230600,2368300,11363400,4506400,895800,1027900,15301200,1898500,22332300,28423800,2771300,13878400,2167200
2018-09-06,137160000,5416300,,7269700,1813000,2810800,2113200,22590500,143942900,1797300,1304000,149774000,598700,62509000,3623900,3585900,42666000,10297500,670900,3601800,5033000,15207100,4588100,1132000,4005000,2712400,3295100,19557043,1470700,5443700,1853200,4190300,16537600,9470900,8191100,2972800,1446700,2041229,5267200,589400,3213600,6382600,870000,1502600,3288600,1982400,432900,1631200,8841152,29519100,13986300,1069400,8475812,5404900,4913000,12913600,46854000,2651400,13673200,3490400,4525291,4444245,2706800,19318100,1958100,6562000,9877600,3692600,11439400,897600,3180700,1326600,3621600,56661000,3032800,3133800,8450600,5725200,41514800,397700,2826746,5806000,4468200,10099995,7990500,23477600,94413400,8914800,5304100,130502000,8576900,1171000,9206500,1750200,322796000,1525606,18456100,4084200,4808300,18356780,7541100,844300,2521200,4687200,1943500,11997700,2366500,483900,1114400,5728345,7803400,7570700,1284600,9684100,11908100,1710500,1020500,1290300,33955436,7569400,1078100,2277400,112212000,1351700,4813100,2556100,2282200,9589200,3406600,793500,890700,10521900,1745900,20756900,18452400,4676600,13320600,1883500
2018-09-07,150479200,4051700,,4060700,1826600,2894300,3034100,11910100,123348700,2604100,1510900,97852000,641100,104703000,2498400,3921900,49103800,8705000,666400,4050100,4512500,15180600,4173400,1236600,2365300,2255000,2980200,19372772,1399100,4370600,2722400,3866800,17229700,9984600,6637800,2142500,3136300,1698881,4754800,813300,3113000,5742500,873900,1824000,2038700,3288600,318900,3133400,6662584,51229900,26776300,1217300,9570746,6891900,3982900,13209300,32658000,1952900,10740900,3672700,3063059,4908983,2161900,25958300,1367100,6375200,10955600,2120100,10208100,1225600,3822900,1292000,3826200,31932000,3298500,2868300,7008600,10937700,24300600,473500,3276083,7558900,3589100,9971930,7285200,22498600,47114300,7582000,4473100,91058000,6633900,740700,8158500,2100500,295420000,1665958,20513900,3317500,3833800,21221658,11110900,656800,2534700,4986900,3032400,24421900,1166800,503600,1151000,5056834,10231700,7999800,1641900,11056200,9198200,1114700,831600,1144500,34103327,8610000,1149100,2843100,337378500,1378400,5349300,2958000,2530000,13626200,2498200,815700,1204400,11746500,1330900,21482400,20017200,3178100,16417800,1987000
2018-09-10,158066000,3156800,,3483300,1888500,2633600,2481500,15560700,162253800,4310800,1312300,90896000,568200,60880000,3337000,3065500,34156200,9775000,453000,4137200,3765200,12353600,3069100,1915100,3134500,1828300,3353200,15249884,1071100,5188600,2817300,3872300,16597200,5329200,5870900,2017900,1872100,2342066,4636500,859700,4512800,4424900,839700,1984500,2269000,1778700,536100,2214100,7126506,30421700,11848900,1229900,9050656,5009600,3285900,10682100,27670000,1948100,7632100,5586600,2574984,3784742,1957300,21522400,1212600,4892200,8276900,1680100,8568900,645300,2950800,1424000,6210600,22927000,3326300,3080100,3666000,4862900,20197700,1152500,2870041,5694100,4067700,7616759,4925000,20727900,33078300,6013200,4148600,57522000,6965600,1775900,10738500,1300100,220140000,1022299,20390600,2732100,3289700,21482206,6783000,580700,2592400,3773000,2543800,14636000,1399200,355700,1291100,6670304,8621000,5688300,995400,6954600,6248800,869200,755800,1070800,34780156,9585200,956600,2171600,214252500,1340600,5138900,4146200,2458000,5362700,2451800,2089700,797500,10781900,1809400,15623000,24997800,2883600,10817900,1289600
2018-09-11,142996000,2638500,,3185100,1963400,2866000,2095300,14716700,159902500,3386000,1194900,100672000,620500,60755000,2795800,2731800,53071000,9405000,495400,3601500,5396400,12650000,2583200,1996400,2268400,1603600,2985000,21981160,1082200,4172200,2185700,4151000,17291500,4980800,5605300,3059700,1152200,1909930,5488600,1075400,4085500,4217300,754800,1294200,1479400,2370900,370500,2259900,7466071,27158400,15438400,1151500,8378597,5265100,4303600,8521300,29254000,2719400,12547100,5969500,2819188,3529936,1732200,32455300,1193400,7856800,9333800,1790600,9278300,1247500,3516400,798200,5757700,35012000,2728500,2946400,7363800,7440200,20457100,970200,2353130,7138800,3835400,6094644,5011700,24301800,48980700,8125200,4991000,61981000,7166800,1253100,8825000,2107200,243112000,1205273,14877200,4164700,2807300,19658786,5210300,616700,2324600,4306800,3772500,9501100,1335400,346000,1062400,3257450,7873900,5720600,1944900,9782200,6197300,1740800,644900,1180300,34892431,6416200,1122000,1375400,137550000,1654700,8165600,2283300,2260400,9895900,2708100,1541300,1077700,12298800,1090000,22160300,19390500,3382100,11891900,2094600
2018-09-12,197114800,3304700,,3233600,1743300,3365400,2167900,17214800,197889600,2133500,1359900,88280000,459900,53077000,4103100,4003800,59482300,12590000,579700,3463200,5704300,17434900,5630600,1515800,2517800,1982500,2623100,22276186,1010800,6137200,1912000,5180800,16649400,6154900,5067800,2033100,1949800,2996870,5236700,928500,4646300,3068300,763400,873700,2113100,2236000,412900,2872900,6541171,25450000,25530600,1558200,8385211,9589000,2651300,9342300,35716000,3577700,11335300,5660100,2489746,4714008,2845300,29778700,1030800,6767700,10800800,2236900,13216400,799700,3926000,1326400,5515400,50018000,2291300,2613300,10794200,5613100,24078100,496300,5904652,18202000,5581900,6382320,6231800,18891100,66916000,7226000,6621300,104808000,5384300,899500,8026500,1536600,419092000,971318,17058700,5535700,3651400,17508205,5925200,1138000,2452000,9206100,3762800,12638300,1467600,684200,1194100,5549741,7297300,5571100,1412400,7931700,4486500,1562300,937300,1087300,65719388,8262800,1081700,5019900,150231000,1079400,10182300,2236300,3243100,6964100,3195200,1070800,860800,13130800,1198200,23868800,17700000,2794500,11556300,1631100
2018-09-13,166825600,4850700,,6052400,1586500,4774000,2201900,13402900,304147100,2780200,1676600,72430000,515500,43757000,3429600,3166500,59219500,9835000,528600,4071600,14332500,13569000,3670700,1779500,2817500,2989200,3093200,24534491,1101400,4038600,2078200,6213500,17972100,6847600,6297700,2694800,1502100,2513410,5119400,919800,4725200,2506600,906200,1204400,2482500,2336000,527200,2016100,6302691,29315700,15259600,1717600,11408558,5607200,3015900,14848700,40068000,3003600,9940500,4701100,2316833,5592439,1981800,18657100,1361100,6456100,12470800,1397200,8294800,867900,5167400,1294800,4856500,31504000,3898000,3663600,7187400,6232200,25453800,545700,2596875,8938300,4575900,10750594,8380100,26055600,59922100,8164800,5274500,83661000,5382100,1192000,7363000,1430800,305536000,1552954,22124400,7684700,3808100,18666129,5328400,795100,2313600,4132700,3368500,24617700,1729200,538800,1066400,4450789,8566600,5870700,1080000,6006300,5140300,1253000,703900,2388600,45818079,8158400,1659400,3797300,95104500,1101900,6311100,2734500,5029200,5803400,2081500,617800,830400,12559900,1897800,26954800,22958700,3153400,11162700,2277900
2018-09-14,127997200,3446000,,4217000,2212900,6182500,1866000,10359200,217762800,2504200,1182700,72840000,823800,28095000,2999800,2835800,33743900,9800000,416700,3279000,8119500,9653300,4699600,1541700,4399700,2357700,1843300,16010015,886200,4618500,3875300,4615300,13937000,5019000,4947800,2280800,2002200,1538705,6012400,845400,3102700,3207500,726800,1030200,1829400,1536600,473200,1544100,7391484,30013300,13819800,1253300,14600045,4959800,4884200,13652800,24176000,2228300,9220400,3622400,2173255,3610897,1370000,22998700,2554800,4534800,10337900,1386400,7612900,1675500,3103100,1312000,5294700,24852000,2638000,3939800,6226400,5270500,21770400,335800,2059034,7372500,3294400,7792928,6955500,19122300,40610300,6674800,5619900,47564000,4884400,838000,6127500,2479300,386936000,2150172,20066100,4672700,2698300,16800655,5004100,748600,3185800,3353600,2774300,13450700,2517500,493400,1314900,8720432,6827700,4528200,1174800,8059100,5383500,966400,1082100,1349600,43936675,9089600,786800,3161700,101484000,985200,6485000,2084600,3730600,4928300,1724500,700200,847300,13454700,1778100,20997600,18958200,2318800,9442600,2607900
2018-09-17,148780400,3987200,,4255500,1770900,3080900,1706500,10794500,180410600,1950100,1507800,141004000,731200,36739000,2383100,2554500,35026600,10440000,443300,3076900,6155600,11323000,3827100,1738300,5740000,6532300,2874500,14210840,944900,6010100,2884600,3899600,14430200,8987800,5560200,2393700,2131000,2340487,5592900,1012800,3052100,3516000,657700,970000,1518800,2537200,509700,2562800,4174455,29544400,13739900,2226500,10573242,5757200,7788400,10905300,34096000,1918800,6988800,3074700,3125162,3715287,1541400,17603200,1638900,5295500,9561300,1494000,8527300,1529500,4972200,1117300,4780000,19409000,2500900,5360000,7492600,5999000,21005300,530700,1926038,6050000,3510200,7018770,6726500,20736500,28205300,6198800,4716200,70719000,4861100,1115400,11567000,1310100,205528000,5237090,29225000,3000600,3092600,16904263,7098800,680500,2714400,4276700,2773400,11558300,1636700,525800,1100400,7567136,9277200,5916000,1796400,6825400,4496000,990600,1006000,1443500,33820653,7939000,1613800,2757300,103314000,1236800,5598300,1940400,2945200,7708600,1876000,784600,878100,11013700,2210700,21959500,15989400,3091400,8403300,1667200
2018-09-18,126286800,10240500,,5018000,2078400,2684400,2099800,9846200,176673200,1982300,1108300,85374000,612600,50511000,2173200,3003500,49921700,7467500,557500,3576600,5847800,11457100,4496400,1282400,6360200,4442100,2625300,25014641,1122500,5989500,2000200,3749600,16469600,7718000,4966300,2379200,1529700,2094922,4937800,635700,4191000,3448400,684500,1080700,2335300,1868100,349100,2353800,6237218,57055400,21543100,6941200,8950101,7251800,16268000,8868100,32314000,2498100,6657800,4338500,2883394,3796352,2208000,20528100,1469400,4581200,7944200,1474200,9847400,1104600,3668800,1149100,4439400,15270000,2851000,3722800,5605400,6323700,22465200,431200,1976868,6420800,4563000,7126819,7082500,22170900,36507400,4172400,3992100,104140000,7277700,1310200,11477500,1997000,299520000,1874628,33451100,3789700,4081200,20464991,6022800,1010400,3184800,4255700,2521000,11692000,2187400,644600,940600,6855105,7569600,4134100,994500,6779700,5845800,1384500,716000,1485100,44568356,9306000,1122000,4113100,248212500,1172900,5654900,3557000,2851300,5692100,2028300,990200,964900,13891100,1768000,22055200,20279400,3176500,9219900,1722300
2018-09-19,108495200,8451400,,3424200,1531100,2801400,1976100,8213400,124287000,2204600,1247500,81136000,1047000,31160000,2365700,4753400,92666300,6707500,418700,4288000,4633100,21766100,6000100,2120200,4030200,2835800,3017100,18621497,1156600,3952800,1581400,5546000,12721900,7808600,4855300,2964000,2373000,2320860,5964600,1004100,4469600,3013200,789700,1101000,2744100,1767300,283300,1798300,13966303,40111500,24725400,3288700,12958354,3662800,10130000,10938200,25962000,3716500,9132400,2579100,1632488,4441525,2253400,15918900,1515900,5049900,16052800,1647500,7119000,2689100,3270400,1771200,3587400,21014000,2883000,2822000,4632000,5093500,19629000,422200,2253862,4490800,6867500,8325522,12489100,21728400,29264700,9291600,5752500,118768000,8053100,1823300,19650000,1666400,224860000,2118077,20904800,3785000,2844900,23783088,6157600,1781900,1883900,4147900,2934800,12383200,1354700,610500,659100,6344400,7451600,7506500,1989300,9367100,7345600,1290400,1060600,1512400,41038704,4317400,816000,2847100,124423500,1466300,6588900,2274300,1944800,7432300,5033500,1178500,732200,17471000,2714800,17046200,17025300,4486900,10413600,2273400
2018-09-20,106435200,5991200,,5036700,1818900,2560200,2111000,12464200,123116500,2225000,1021400,63098000,666100,39986000,2844800,4011100,83357400,8210000,480400,5340200,4742100,23550500,6774100,2274500,3687400,2499900,3428700,21862723,912400,5220300,1910100,4655600,17007800,6736700,5846700,5144200,2762200,2027016,7121800,1034400,4074900,3747000,983500,1267700,2596400,1997500,388100,2787600,8510701,46314400,23289900,2379900,18430204,5883700,6018800,11394200,29244000,2503000,7675700,4020800,2262369,6226001,2428400,21999300,1353900,5019300,15590000,2379100,9736700,1624200,3762000,2003900,4663800,24502000,3108500,3218700,5453400,6520100,18936000,590800,2481820,5076800,6500000,6435454,11810000,23714500,75144100,8137200,5490800,67681000,6620300,2468000,14419000,1730000,430584000,1492891,26973500,3752900,3375900,18419809,10053000,900600,2368000,5431500,3175700,12013900,1626100,680600,711100,6158646,10582600,4990500,1494900,7364100,10364700,1426600,836700,1346900,32803159,6284200,1016800,1875200,110241000,1573800,5562500,2095000,1905500,7172700,3135600,1483700,784800,14473400,2465500,20308000,16656900,4345400,11198200,3428300
2018-09-21,384986800,9953500,,9331100,4743000,6186500,4336800,20729500,129792900,7314000,2793300,137118000,2393200,135321000,5662900,7144000,85992100,14935000,700100,13363200,7887700,28874700,5932100,2906200,5272700,3695700,4687500,61495691,2100200,15114300,3717800,17991600,59664600,12104700,13703600,5587200,2514000,4975608,25753600,1905200,15566200,7421800,2139700,2717000,3093200,4784400,658300,3942700,13290680,74488600,52922200,2389800,19910349,9578700,8076200,27172000,91222000,3760300,12451300,9749200,3476744,20865085,4292300,52650600,3215400,13283400,24788200,3195300,19240300,2323000,5333700,1875700,9171800,41910000,7177800,8805500,8202600,9146000,45994800,1046600,6654185,9754300,8531600,17850689,21450400,71229700,97053400,16923200,11595500,119306000,13852700,1692800,14403500,3230200,435128000,3785170,50751900,8385900,6989500,37092579,17402500,1084800,4507800,12837800,5963200,23465400,2411600,1147800,1174800,11648482,25800500,10145700,5647500,21545100,13119100,2263100,2015700,3222400,172328000,12975000,2225700,4046100,75757500,2887100,10923900,5671600,4348400,15628100,4044500,2365400,1642000,48954100,3686900,36158500,28590300,6911300,26639400,3448400
2018-09-24,110773600,5910300,,10111900,2074700,2619100,1838000,10678400,118332600,2642000,1258000,84274000,791000,45326000,1871600,2800200,45587700,10962500,433600,4539500,6910400,14023100,3844500,1918300,3609300,2839400,2734100,72399578,1247000,6377300,1530400,5082100,21819300,7129400,6534100,3196700,1713500,2210316,9232300,2695000,3633700,2831500,866200,1047000,1962300,3593400,453200,2157900,6310963,43170800,20775200,1716600,31005079,4926300,3365600,9971000,31150000,2057000,7406400,4623700,2155433,4461190,1794500,17847000,1241700,6708000,12492500,1126600,10778900,1609000,3095500,1176800,5647500,19800000,2520000,4375300,3490800,4536700,19222800,479800,2445581,7323400,6853000,6747862,7917600,27334500,36918900,8995600,8393900,93225000,8770400,815900,10324000,1368700,293912000,1810850,23906100,4700600,3387400,18089591,6389400,1533000,3019200,7696700,2757500,15446100,1462600,372800,1005800,4023825,10616000,3408100,2667600,8715200,9173100,1211600,699400,1227300,48180625,5432800,1014000,2749300,72645000,1421400,3531200,2699800,1889400,6706700,3069900,1204300,706300,14029600,2205200,19604700,16011000,2933900,13549500,1526200
2018-09-25,98217600,5303900,,8257300,1979900,2298000,2529800,9222500,118570200,2556200,1127500,90768000,498700,47037000,1910600,2969200,40949900,9500000,382800,3280300,8731800,12324300,3454600,1513800,3043900,3064000,2347700,27244245,1459400,6145100,1889700,5699600,15810800,8941600,5396400,3672000,1400000,2214715,12169400,7784300,4748700,2591100,754600,1172400,2673500,3873600,428300,2542100,7877277,44406100,15317800,2921100,27896911,5926500,3735500,14805300,33152000,2003200,8039800,4443300,2544542,4599785,2851200,23389900,1557000,7982800,9308300,1260800,7919100,1273900,3775700,1360500,3999100,34302000,2181300,5282900,10137400,5128800,27622800,762300,2500358,8229100,7512100,6770499,9007500,22668000,32547500,7246400,6117900,67998000,10519500,1167400,10530000,1817300,280388000,1589383,18665800,5316300,3538700,15318520,5657200,924600,2821100,4876300,2819800,20741900,1565900,442200,792100,5196666,9445500,3002300,2160000,8517500,9874500,1257100,1400900,603800,40622306,6972600,1207700,2610800,67225500,1092400,6523800,3789700,2108700,4230700,3219300,1353500,835800,13604900,2437400,15207400,18579600,2897200,12200700,1800500
2018-09-26,95938800,4656200,,8854900,2623900,2027700,1975900,10927600,79347300,2162600,1378400,86270000,913900,33428000,2944200,2368600,57882400,7590000,416700,4122100,8444200,15060000,3096100,2141900,4701500,2256500,2288700,21102059,1403600,6148000,2008500,4079700,20080100,6001000,4231400,2960500,1784900,2260061,11141500,2666300,5169800,5062600,848400,786600,1874700,3106200,579200,2315900,8775679,58597500,16234500,2270900,19483739,7527500,3669500,18074500,37650000,2372700,10391200,2965800,3075125,7742387,2392200,23957700,1746600,7133300,14023600,1490600,10162600,1309300,3707300,1159900,4293700,34514000,2963600,3092600,7343800,5248700,25252200,693200,2006529,7455300,7955000,7260963,8443100,19352000,30299800,8836800,8672800,137997000,16357100,1495700,6661500,1934800,268548000,1394438,18131000,4221400,4053500,18384817,6581000,680400,2317700,5867400,2692800,11306000,1838200,406200,853700,3763388,7757300,4720900,1619700,10408600,10275500,1130800,1132100,1216600,43533782,6463000,1234900,2577700,117648000,1395900,6478600,2238000,2220600,5852400,2492600,1279100,1712100,13308300,2025700,22025100,17755800,4015100,10275500,2336200
2018-09-27,120724800,3028600,,5493900,3112800,1735200,2318800,7146400,87934400,2571200,1530500,86588000,763200,29572000,2121700,2355900,45879700,8645000,344400,3053500,5881200,11420600,2674100,2020900,14342300,2573900,2498600,18198005,1017100,4367000,1421400,3930300,15910100,8946000,4533400,4478400,1494500,2322439,5195300,2002200,3256000,3290000,539600,916900,1541000,2925500,518400,1694100,8389848,57272200,20502600,1422300,17151231,5451000,4580400,11659300,36274000,2451500,10919700,3218800,1931930,3637570,2752300,15415500,1611900,6450500,13283000,1228900,10826900,1314300,2093700,1170000,4419900,22384000,2645200,2390700,5018000,7603300,27266900,875700,1925321,4213300,8087700,6315458,12204900,19091300,26952400,9672400,7219900,73262000,6080600,1285200,5598500,1522200,214428000,1212290,17993500,5241400,3841500,14887434,6277600,766900,2526100,4945700,1943900,12498300,4393100,813200,1012600,2917881,6606200,4687100,1935300,6553000,9961800,1042700,958100,1006900,32880878,4517600,906300,3661000,127636500,1293500,4704200,2761400,1599800,5868500,2281900,1482600,1381100,13348100,1303900,19991000,16090200,2949900,7895400,1411300
2018-09-28,91717600,4527900,,6572100,2384500,2784500,2740200,11751200,165453500,3238200,1523400,81702000,884700,26739000,3931500,3600500,74707600,10415000,532200,4482500,6482500,14341900,3599900,2375100,6356300,3330600,2491400,18465822,1439800,6190100,1602800,4607700,15474300,6317400,5202900,3095800,1737000,2202420,7366800,2010900,4540900,3904900,1153700,1053800,2034200,2724600,651400,2304900,10065519,30987200,16080600,1837700,15978112,7604800,4950000,8836700,35612000,3097800,9517400,3966100,2429304,3457867,4184100,46223500,2063400,6638500,15815100,2777800,9071900,1302400,2812300,1827500,5745200,21552000,2955000,3390200,9762600,8076800,34265600,1160700,2990239,6649100,39153800,7135622,14187300,21647800,28080400,9424800,4704400,71149000,7452700,1015900,6025000,1825200,709396000,2246870,16234200,6414600,5945300,15454591,5125800,1767400,3617200,5286200,2540000,20080800,1525200,841600,827400,3935317,8975900,8910900,2406900,7206600,7748800,1740200,2557700,1368700,29197113,6800400,1538900,3703800,504745500,1770800,4556400,2875100,2641800,6035900,2787400,1223400,2148200,12634500,2040200,18588600,18918900,3773900,9884900,1710900
2018-10-01,94403200,3763800,,7208800,2336700,3553100,1806600,10337000,94742900,2518100,971200,69210000,595600,27709000,3361300,4755700,53900900,7775000,395500,2993000,8289700,11263700,3736300,2121400,4563500,2407300,2116300,21799557,1041900,6407200,1673100,4297600,13669500,6452800,5348200,1725100,2670300,2259497,8643900,1471700,2727200,5741600,530700,1015300,3218000,2024600,407900,1960100,6513692,44864700,15925600,1427100,64290209,7820400,5797200,13737600,33164000,2451300,6731100,3670500,2399697,3930240,3171400,23796200,2231700,4871800,10146300,1400600,9364700,2329700,2707500,809500,4430100,23595000,2955500,3118200,10320800,4216900,26407700,712900,2187245,5885200,6696600,7994668,9710100,18883100,26693400,5196000,3437300,83766000,7876400,829900,6692500,3059200,622060000,2923140,19217800,4169600,5064700,16872537,4899900,990700,2261100,3718300,2021600,9340200,1207500,866700,745000,5268965,12726900,8177300,1976100,7667000,4762300,1155600,1744100,1293700,29813567,7203400,1850800,2684400,326664000,1790100,3661800,3314500,1820200,9802100,2404600,816800,1841400,10682000,1590100,17209000,14982900,2696600,8566900,1891200
2018-10-02,99152800,6792200,,6251200,1762700,3254400,2966700,9626500,145276500,2172100,1043400,108014000,661400,24888000,2223100,4622600,42940300,7432500,363700,2934800,6064800,12746900,4344000,1830800,3726100,2269600,2722600,26713839,1704200,4534600,1647600,4137000,15671600,3929600,5445400,1905100,2149200,1950650,6441700,1344200,2509500,4160100,732300,922500,4086500,3278200,350000,1903300,6789045,41806400,14328200,1223700,31029263,7468700,4008900,22731200,40180000,2272700,8534000,4428000,2950348,3169275,2256900,42121100,2352900,6439100,13753100,1279100,7462700,1652300,3787900,960500,5055600,28033000,3060700,3071200,8353000,3767700,36031000,818200,2092282,9370200,7100100,10894589,9589100,20787200,32397000,5572400,7426700,86387000,8446900,757400,6585000,2318200,383964000,2202288,22406800,3474200,6702200,18167693,7390900,1226200,2625900,5404700,2884700,9221200,1193900,586900,1208800,5877870,12680800,5372800,1820100,5660200,5066700,1111000,1203100,1126800,39724502,6995800,1417900,2272300,176152500,1932300,4718400,2777300,1336100,8047500,3240600,701600,941200,12482900,1419800,17509600,23263800,2038700,8453100,2170100
2018-10-03,114619200,4796800,,7477900,1655500,2726400,2514800,7441700,190137200,2258800,1910000,105062000,816100,19607000,2505100,4794300,61080300,8770000,645800,3275100,5930200,11977900,6043300,1757500,3515400,2100400,3764500,30908536,1128200,6825500,2322300,3561600,16737500,4825100,4479500,3053900,2973700,2706862,6111700,1218400,4127400,3632600,891600,707200,2593600,3172400,459600,2880600,7536030,47023100,20127400,1269000,17311880,6560100,4350500,28301800,26246000,2573900,8876400,4162500,2515105,3467804,2407100,39211900,1516500,5411800,17142000,1279500,10542300,950500,5097200,1237500,6153900,16745000,2662400,3830300,10387000,4868000,23109500,613000,2558483,7324000,8331700,10037325,8985300,16648000,29505100,9156000,5430300,57986000,10046700,877500,7912000,2066900,320552000,4892712,21207600,3871200,6107500,23957631,7958700,1414600,2607600,5948600,3310000,7079800,1099300,516200,702800,5461711,7383500,6494800,4476600,7315700,6818000,1093600,1289100,1124500,35349608,5260400,1401200,5562000,119925000,1623600,5353400,3002200,1802900,7521100,3683800,835200,1000900,14939100,2136600,18444900,18982200,2652600,10206700,3142100
2018-10-04,128168000,4425400,,6166700,1779100,3780300,2174500,12199100,95831200,3219800,1507900,145140000,772500,25660000,2478700,3822300,72325700,11085000,917200,4428500,6461000,18956800,4130800,1280000,4576500,2321600,3707900,24667333,2360800,4457100,2862800,6206400,22110900,6577800,4824300,2421300,3882500,2114436,6442800,1245900,3620300,5235500,885600,693900,3271600,3223200,267600,1936900,9000560,38889600,23346400,1101300,15631315,7705500,3368100,18912600,46576000,2903600,6341400,5996200,3262519,4432843,3107700,30108300,2307600,4738700,16357400,3039700,9582300,1720100,10940700,1203600,5750200,26982000,5664900,3230400,19029200,7889100,25739600,1000200,2012270,6229400,6911300,10837054,7722200,34821700,34579600,9448000,4330300,90744000,9161100,787600,17445500,1632000,391220000,4123459,19034000,3960700,4930300,18960406,7029900,816400,2384600,5888000,2576400,8599500,2297700,627500,581400,5409274,9722000,8713300,2236800,6920100,8156500,1950400,1613400,1226200,36434097,5773600,1593500,2890600,147213000,1972600,5846500,2186600,1799800,9208900,2214000,1824500,935500,15788400,2541600,21417500,18135900,2310200,10204600,2433800
2018-10-05,134322000,4190100,,5426200,1485800,3098600,3535300,9790200,88008500,2481000,1625900,136446000,837000,33860000,2399800,2899700,51931000,9690000,712000,4075700,5306100,11481400,4955100,1232100,4292600,2401500,2972200,21802865,1672400,6535600,7379000,4963600,19103300,4540800,4318000,3557700,1948300,2164858,5835700,1528700,4824800,3571400,935400,655900,4116300,2244000,670100,2365600,4803532,36952200,19861600,1520500,31541445,6083400,4341100,10748600,31852000,1722400,8358000,5016600,2669712,4813901,1935300,28901400,2384100,4309300,13777600,1472300,8734100,1538700,8330300,889000,5278500,23365000,4268300,2822500,12238000,5568000,25744000,597000,2559799,7176800,7580800,7790308,7938900,29068900,35367100,8373200,5168000,135230000,7019100,1086300,11225000,1790100,426636000,3872580,16900200,3254500,3438100,18112568,5454600,883300,1929400,5448500,2572200,23411300,1744800,453700,882300,4578227,9734000,5824700,1848900,7358200,6106900,1759200,1080700,1161200,37956167,4762000,1858200,2933600,269167500,1370100,8778800,2045700,2039200,7085700,1834100,1294600,859800,14044900,1671500,14793000,20080200,3210300,9217400,1723500
2018-10-08,118655600,3305500,,5520500,1693600,5109200,3168900,10259500,103789500,2878100,1760800,147864000,864100,33397000,2723400,3324000,47471600,8087500,560400,5641200,6896500,11958200,3463200,2149300,3125500,2701200,4090800,20193402,1227900,4034400,3863500,10238700,23791400,5256000,6267700,3755300,2863700,2369815,5652300,1291300,4450200,4784400,1128200,833300,2712100,2115500,514400,1750700,7969248,43657700,16162200,1527800,36025406,4507100,4931600,8405600,46190000,2522900,7125400,3731800,2044823,3388308,2265200,19376800,4074300,5174100,14370900,1203100,9808100,1109000,6002300,825100,4187000,24404000,5611000,2560500,9690200,6107300,24046000,659500,1993373,7689200,9552200,9279830,7054500,29640600,27426600,6803600,5122300,123755000,8058700,776000,13128000,1567200,408612000,3318706,16295800,5287700,3994100,24679621,7192300,1037000,2513800,6380300,2306300,10104600,1180300,371500,943900,5042692,9623900,4978900,1512300,4725700,5947300,1537900,1500500,1483000,37166931,5167400,1274800,3656400,202090500,1755000,7458500,1865000,2867100,11637300,2722600,1154800,852200,16703700,1971700,12858200,17287800,3184900,13242400,1589200
2018-10-09,107564000,3625600,,4812300,2027900,2597500,3228400,13392700,105461800,2509100,1782200,95458000,1051000,24675000,2604400,2862700,58868600,8195000,875400,4516500,6492100,15654500,4996900,2330300,3078000,1764000,4603300,18573269,1543700,4869600,2502800,5593300,17008400,3701700,6797900,3694300,2107400,3438821,6761400,1320700,4204200,5238500,966700,923800,3638500,2453900,519500,3364500,7742124,58356900,11831100,1668700,23046331,5367800,3639200,19919900,33690000,1862900,9496600,4466800,4018364,3809950,2008200,23285700,3027900,4475300,14069500,2344700,10824500,1510400,4716000,986100,3425800,39021000,5659400,4157900,13803600,4161000,18844400,486200,3525090,5837600,5322700,8249122,9999500,26198600,31576400,5881200,4048800,87550000,7643400,873600,11989500,1747500,273500000,3064214,19009800,3328600,4105600,21486844,6268100,682600,3117200,5369100,2263600,10329200,1042600,422000,985400,7576670,24855700,5211700,3801000,6410500,5865400,1198300,1606400,1020200,36894716,6138600,1397600,3237200,180909000,1602300,6041500,2510100,4652400,10798000,2400500,1002700,1087300,16962400,2086800,15918300,34796700,3519600,10177900,1987900
2018-10-10,167962400,5310800,,10559200,2972300,5309300,3005400,23974600,147682900,4148000,3517100,219778000,1234900,56327000,4555600,6033100,88454400,15882500,2075300,7922100,12220700,23679600,9419300,3186700,4235100,2564400,4789000,27479518,2406400,8332100,3021400,13660600,33055800,14047100,6504400,3663000,2861400,3819408,9006500,1370400,5042100,7443800,1657900,1997600,4197300,3450700,579300,3974100,9947751,54104100,26419400,2575300,19185019,6719900,6114800,17224300,58980000,3955500,9084100,6157900,4972615,5802894,2981000,43109500,3671100,7265600,23086400,3576500,13917000,2222200,5602900,1792500,5258200,45539000,8455000,4190500,19449800,8494100,30610000,1384000,4216139,11685300,10626500,13259191,14143800,61376300,48452000,7882800,6746100,171831000,12977800,1451200,17718500,3776900,684940000,2480618,20885400,5059200,5796200,33746234,9295800,1036700,3068500,6532300,2576500,22296800,1694400,673300,1497400,9112597,14190500,10251300,3026400,10393700,7005100,1697500,2092100,2092700,60268612,6799800,1759800,6295500,192229500,2616700,11243700,4267300,4669000,15450100,3083000,1644100,1565400,22025500,2298800,21875900,27008400,3044400,16573400,2140900
2018-10-11,212497600,9994400,,11932300,4752800,7042900,4735800,31702100,147013800,4175000,2484300,278718000,1075000,37424000,6069300,6266800,111417300,15325000,1737100,8322700,11330600,28890800,7608300,2324800,5871600,3605400,7242600,38715028,3358700,9326500,3650900,10499300,36496300,17094600,8589900,3424000,3309500,3967176,10045400,2357100,6074700,6251700,2256500,2016100,4347100,4761000,640200,3285400,10199410,66170800,31623400,2739700,24238585,8486100,5175900,18015300,67696000,6217400,12017900,5831400,5321138,9111183,3567600,43648800,3923100,11603200,33705600,2129800,17677900,1977000,7226300,1937900,6025200,39716000,9185200,5430700,15483000,9004000,35338900,1356100,4182651,9076200,9010200,13491952,21746900,63904300,48197000,8446000,12410800,160821000,11532100,1375600,17537500,2474700,725436000,2843986,26387600,5673700,5755100,44299198,12560300,1971900,4632500,9617400,3565200,25852600,2018500,761600,1757100,12920318,15316900,11334700,2781600,12620400,8222900,3494400,2010700,1354200,84334960,8031400,2316700,5098300,122515500,2595100,10100300,4558500,5239800,15657200,3478600,2417900,2395200,26336200,2715700,33147900,29779500,4821700,20320100,3134500
2018-10-12,161351600,5709600,,10431300,3376300,4779900,2864300,16781800,111059400,3231400,2219700,188892000,1195400,32589000,4855900,5509700,102279200,17465000,1593400,5734700,8744300,29024200,5596200,3033400,3059200,2621600,4297100,33545733,1766700,6296100,3130500,9371700,35424000,9479700,7450700,3111700,1881000,3272554,5963900,2431300,5821700,5384500,1491900,1326700,3600900,2955300,690900,3586800,9633002,59308500,31107300,2869200,25708943,5638400,4272300,14950700,49370000,4161300,7816900,5450200,4864981,6865316,2668600,32087400,3099300,6998000,32075700,1482000,12420100,1840700,4519100,1294000,4504400,37654000,6160300,3446100,10817000,7255300,25293500,895200,3346528,10604200,8179200,10648938,16049300,47742100,32851100,6944400,9036300,148708000,10393800,1370700,14701000,3151900,608236000,2302805,23152800,4274500,4543000,30417070,9878700,1130800,3532100,6419600,3078200,15760900,1260800,810200,1257200,8156496,13980500,9760400,2586300,9737400,6174300,2415500,2266700,1161500,57132718,6610000,1664900,3870600,108021000,2571800,6889100,4006300,2993000,12993300,3502500,2073500,1257500,18866600,2462500,32067300,25661700,3559900,15216300,2436700
2018-10-15,123164000,4827900,,6674700,1945100,5106400,2101800,10151000,70523500,2091100,1289600,128744000,817300,30099000,2780900,2979800,114636100,10177500,992900,4541100,5792700,17661300,3741700,1871100,3188600,1791200,3439100,24410079,1534400,6125000,2441900,6040800,26160500,7383700,6047300,3378200,1678300,2526382,6628800,1196300,3018400,2602000,938600,1305300,2559100,2277500,305900,2135700,7822599,40183200,19083600,2276300,13070635,5198600,3148600,13621000,30074000,3333800,11180000,3642800,3636993,5193913,1672800,21633000,2217900,6398700,18903200,1564500,11608500,2161500,3884700,1003600,3802200,26998000,3969200,4265900,8467200,8538100,15433500,689700,2168109,8122900,7960600,6896783,11986800,32068100,27697300,6965200,6878000,112150000,5789000,896700,7313500,3280000,449760000,2249760,15693400,9755700,3805700,24002742,9691500,1612500,3366700,4556500,2670600,12314700,1517500,444900,827200,5177121,10175100,7733800,1985100,7302100,6543100,1407500,1370500,790700,44013202,5064400,1246100,3014000,93000000,1375600,6637400,3583400,2648300,7953000,3741700,1303800,1064200,13022000,1931400,34118900,24916500,2683300,10558800,2550900
2018-10-16,116736000,3787100,,7638700,2830200,8679600,2692600,11705500,92529000,2261500,1303100,117198000,970400,30355000,3121000,2822500,87887800,8985000,2053500,4776200,9195100,15453500,3573400,2210500,3061400,2788200,3226000,28043107,1626600,5726200,2541800,5383100,22669400,10207400,4846100,2163500,2124500,2648093,7619000,1689500,3333200,5441900,1159800,1417800,3476200,2426900,374400,1911500,8721421,36772000,20373000,1722100,18046308,7455100,4004400,11876700,38378000,5924200,7822000,4057400,3107255,9095493,2666200,21472000,2184000,9592800,19302800,1624400,10442500,1297500,4192800,860300,3637300,45363000,4694900,4094700,6254800,8909600,19180100,698500,2319642,6829000,5907500,10719992,24174900,31610200,28827400,4700400,4732600,201564000,7744200,1185000,13974000,3462700,408712000,1999913,13600200,7987500,4061600,22353654,9462600,1664700,2847200,4232800,2644000,15931400,1159000,684500,1100500,5576913,11731400,12448500,2589900,6310100,4487600,1255400,1275800,1359700,37136479,6195800,2034400,2422300,142896000,1792300,5894100,6453600,2681100,11059500,2209400,1317600,1136700,15981200,2277300,28227200,33725100,2943800,9781800,2337600
2018-10-17,91541600,2857400,,11014700,2687200,4405100,2607900,15149200,89466900,2459700,1737000,105904000,730200,20262000,3792400,2238200,79068700,8165000,1821100,3807800,9311700,16774200,4807500,2465100,3000100,1456700,5446700,21752502,1748600,7302700,2129300,3377900,17803400,7234000,6978700,2153400,1516000,3972252,7120600,960600,2670600,3196200,1271500,1067900,3635300,2576200,345900,1806000,7119356,48795100,23013100,1377800,17409325,5455000,2857200,9099000,35652000,4953700,8723800,8985700,3796746,20359344,4180300,23124400,2388300,8261100,18794500,1937800,11055800,1540700,4402100,1181700,5960100,87861000,4431200,3608400,6590200,10388000,17592000,1198300,2181743,6192100,5630300,9793036,22121900,26548200,27759000,3537600,5330800,326109000,6816900,1098100,9551500,2446200,329668000,3127682,15071100,5399200,4495900,23154167,10375300,1245300,3681400,5048700,2214700,14779100,882600,440000,1072200,5924587,14631000,9183900,2503500,6484100,4176200,1140700,1119200,1108700,39605606,7907200,1713100,2662700,129832500,1225300,5061400,3985100,2104400,9170600,3378800,2239400,886900,14528100,1319100,23524200,28618200,2787000,12247700,2127100
2018-10-18,130325200,4422300,,10959400,2196000,5378900,2053300,12345600,79623700,2433600,1515800,117480000,988400,37442000,4538200,3254900,77369200,8795000,1735800,3144900,7009000,18168500,10250200,3933100,2714100,1875100,3947300,29775489,1497100,7800900,2624600,5338200,19044600,7315700,7391600,2239100,2491800,6239419,6056300,1729200,4274200,4731800,951900,903800,3092500,2096900,356500,1952300,6244788,59669200,21377700,1906800,17010175,6185300,3092900,14349100,46152000,2995400,16491600,9262000,3979056,10472238,2769500,26638800,4508100,7583900,17582500,1584400,12716900,3739600,3619600,1323000,7071800,43263000,6264500,3378600,8544600,5286500,21675100,1372300,2797922,5979400,4859600,12812848,14873900,32506200,33560800,4088400,6171900,184610000,7622200,976200,11188500,3846100,524020000,1782058,15084800,5417200,4093700,22498368,9869500,1373900,2743300,11167400,1841100,12218600,1629000,553500,1223300,5420079,12184700,8541800,2580600,11215300,4606600,1160600,1309200,1203600,40679900,6845800,2235200,2954400,81318000,2414500,9668300,3132100,2270000,10222600,4018900,1716000,2643400,16865100,1310900,22533300,34195200,2875000,17448600,1663700
2018-10-19,132314800,7059400,,7351600,2426100,4070600,2638900,14616500,130799900,2692500,2450700,118144000,935700,32231000,5726300,3491600,64305400,6552500,1029100,4814500,8448500,16721900,7055100,2567800,3208100,2055300,6907700,26040455,1735600,5658000,2099800,5141600,21356300,7274700,7944400,4303900,1901500,4805280,10431000,1312800,4395800,5432300,913400,1054100,3182100,3547500,435700,2107500,9085661,59831100,15817300,1691000,18108844,5036500,3852000,12754600,41286000,2759100,16521400,7004300,7436476,8150014,3423500,28368500,6433800,5924800,15234500,1961500,13989200,3012000,4224000,1101200,4686600,41175000,4832500,3510000,6449600,8480000,19761300,955100,3788091,5398300,13322800,15210043,14931200,32785500,28641400,7297200,5932400,167172000,7301200,1398000,11299500,3484000,613608000,1587526,17768400,5693600,5109000,19564875,30276400,1216800,2393800,6814600,4013500,10673000,2438700,728900,1856600,7269198,10180500,9329300,2690100,11347900,6466500,1734100,1161700,1707500,46516092,9622600,1792700,4744300,140632500,2095200,10492500,3336600,2460000,8696900,11818100,1223100,1905500,19103300,1667300,19521000,26852100,2748500,12098700,1735400
2018-10-22,115168400,7621100,,6924900,1958300,3487000,2471300,13210100,114158900,2717500,1996800,90000000,1545100,25619000,5003100,2263500,89942900,6730000,1036000,3252400,6492800,17890900,7858900,2462500,2913700,1396000,3051800,25930127,1477900,5385700,2007300,4234900,19195400,5390400,5644900,3175400,1702300,4116072,8406400,1408600,4275800,4983100,931800,955100,2686800,1593500,263000,3526500,6539769,39803500,12401600,1366300,10483914,5351400,3436500,11052900,27116000,2736800,15887600,4866700,4930240,5982597,1917800,34508800,2618100,4864300,16199100,1996100,14283600,7591100,2938300,1407700,3770500,27412000,4045100,5703500,5885600,5366000,15424700,796700,3902907,4550000,5154000,12486186,11166700,26545600,34441200,5971600,6233800,170972000,7042500,764400,13661500,2767900,368844000,1602799,16480200,4341200,5477700,18026878,14124100,1179100,2525100,5273200,4927100,12890400,2320100,643900,1034000,8711216,8680200,7684600,1754400,13371500,3815500,1210500,1568500,1920200,30573676,8609400,1872800,2647300,84004500,2229800,6881500,2618100,2358900,6099500,4663000,1297800,1513400,21737500,3560600,17621500,21368700,2980000,9474100,2750200
2018-10-23,155071200,8096200,,7446400,2204000,5006300,4869800,16111600,101763000,2553500,2179100,134478000,1345200,35990000,4223800,4389600,102392500,10120000,1300500,4705700,10958100,32809200,24113300,3149500,4782700,1844000,3766000,21446913,1534900,7502000,2656700,6462000,21836200,5862800,8095300,3225500,5166900,3816926,8607400,1609500,4882800,6842900,1559100,1654900,5546200,5023700,401200,4793000,6401812,55443300,24002400,1953800,17086295,5738500,4377600,16580800,37686000,3318200,14431300,7004900,5880549,6760926,3028900,38590300,4132200,8282700,21407500,1412100,17483900,4959200,3757000,2995700,6968500,38654000,5076800,12918300,10410000,7299200,19095000,1797200,9873698,5563300,8640000,12116871,15095300,43770400,46364200,8898800,9212500,149073000,11423800,1336800,15125500,3619000,626436000,2008685,18921500,5664700,4484100,23073114,16269500,1937000,4310800,7462200,3292200,13441000,2646700,778000,1259400,11171623,12834200,13935000,2438700,13516700,5034600,1801500,1899400,1460500,70738937,8655800,2668200,3113000,285417000,2289300,13925900,4081800,3120200,10736100,6303700,2140600,1960500,29328700,1784500,25529800,28217400,5230500,15465100,2941800
2018-10-24,163702000,8689100,,8126500,2473700,4859500,5070900,14457700,134489100,4288300,3056300,138568000,1933000,37810000,4056700,8442600,86386600,13337500,1229800,4705900,12603100,23420600,15304200,4904400,5367100,2877700,6235600,31983218,1810600,9260000,3100200,7251500,29588800,6936900,8035200,3834500,3731500,3740222,11630500,1613400,4890200,4851800,1584000,1753600,5158200,5540900,359200,4325800,8692961,58895100,45767700,2168500,17394134,8949100,4000800,18781400,49286000,4152700,15161400,6791700,5063496,5972974,3764800,33631800,2889600,8279200,23168900,2312600,21626000,5610900,6739400,2396800,5724500,39102000,4415900,7866400,13701200,7630600,27744600,2180400,5984186,6561000,12254700,15348170,15067400,63897800,53096500,8558800,6791000,190393000,8333900,2415600,18969500,4707600,884288000,3175154,20028200,7294200,8222900,36927206,26703500,1925000,4449400,7649000,3379100,23384300,2977700,1416600,1702800,13442463,12189700,11439200,2993100,16957500,7469400,2465100,2198000,1841700,157361240,7752000,4875800,5758800,300874500,2730000,25121700,5265600,5794600,13849600,6376900,2188400,2053400,37435600,2358400,31161500,31094100,4474700,16085700,2909600
2018-10-25,119423200,9173500,,9062300,2313700,5283600,5291300,12494800,189173700,4983700,2628100,205714000,1293800,35193000,3378900,4003500,73780400,11760000,1393000,4571900,8974900,19510300,13568900,3272000,4876700,3653800,6263100,36106853,2932600,8727300,2218900,7792900,27054500,9234600,5734000,2758100,1854400,3909310,7406900,2456400,6787900,5610900,1836100,1893000,3657700,2926600,458800,4193500,9130385,90399200,34417700,1632700,18412572,9388600,4140800,16763600,72956000,3179700,11681300,5228000,3069588,10778298,3162500,48255300,3432000,9720700,17464700,1619200,14220200,5105400,4114800,2352500,4534900,31346000,4940700,4646400,17007200,8908300,22105700,1840000,4228099,7975800,8315800,21553692,13838500,61646800,39625700,8854400,13657700,133469000,7648000,2738500,25768000,3944300,951720000,2494034,19349300,5413800,6712900,38600642,14647000,1630200,3851200,6933700,4015800,20385700,5415300,2351700,2182000,7501351,9569600,12270600,7341300,9850400,5570100,3018800,3652000,2080000,101822750,9646000,3652600,6795200,312610500,3890900,21038900,4675600,4269800,14985900,5189800,1557100,2800100,25270000,2094900,29366100,32211300,4033300,12315500,1745300
2018-10-26,189033600,6181500,,8379000,2472500,4505800,4161500,13317000,119689000,4580400,3639000,299276000,2298600,53324000,5395700,4073000,91103500,13145000,1006300,6734600,9468100,24066300,10820400,3148700,5669700,2859000,9628700,45278252,2027000,8193800,3995400,7457000,31806600,8538100,8035500,3841200,4771000,3080117,7984700,4733000,5326900,4263500,1936400,1653700,3507500,4332300,1076000,4471600,13135478,100639800,28577600,1678100,24541312,11006100,5142600,18038600,106438000,3557900,12585400,9472200,3810871,9170282,4018500,67280400,3407100,11371400,19174900,2685600,21458000,35352000,4464500,1909600,6600000,37699000,6523600,4741600,16485800,11109500,31303300,2663500,4241255,9740100,7837700,17764229,12997100,55523100,41257400,8519600,9291100,196160000,8371100,1971600,15626000,4610100,664784000,2980622,23088700,6326500,5872800,30295333,14335900,1833200,3131100,7656700,5267700,17049300,3701500,1038700,1713300,7456541,13367600,13460600,6425100,11131300,7821300,2013200,3146600,3169900,102825150,8174800,2096600,7111300,411382500,2604300,15855200,4830600,3965200,12034900,6921400,3301100,2659500,24973300,2351800,30053800,44776800,4737800,18160100,2284700
2018-10-29,183742000,4343900,,7530600,1909200,4725000,3024100,14150400,94479600,3829500,3072700,277322000,1417000,28636000,4238700,7462000,89367000,11667500,952600,4936400,11133700,20036800,8069600,4762700,4332900,1988100,9710000,34542525,1518700,6853100,3801400,9212500,28214200,6262100,8598300,3443000,3274800,3604862,9234100,2787800,4157900,9957000,2317700,2257600,3496900,4307400,701200,3191500,9814701,92275100,25835200,1356400,25007880,9183400,5483700,19548100,81290000,3278200,11743300,5918400,5030519,21391118,4264000,35732200,2713800,6783000,18445200,2113200,20932200,14032500,3587800,3262900,4245000,37667000,6623800,3485200,7482400,9576500,31336800,1768700,3429650,9684000,6307400,19743901,12869800,55162000,34176400,6566800,6416300,216988000,9874200,2520700,12689000,3574600,758016000,3367106,19248700,4507400,5706000,31847559,12878900,1796100,2370700,8138800,2752000,14778300,3127800,947000,1157900,7856334,14412800,13380700,3220800,11125100,6919600,1831900,2852000,1661700,65233480,14275600,2161500,4654800,217290000,4546200,9869400,3697700,3355100,12768200,5884300,3795300,2700800,22103700,1592300,30541300,38118300,4911400,15707000,1965600
2018-10-30,146640000,5243100,,7994400,2296400,5626800,3254800,15142300,99049400,4040600,5553600,249202000,1774500,29697000,3778200,5774000,79004800,10825000,1489700,6054300,8167300,19951900,8057600,3117100,5164500,1994000,8210200,39063510,1750900,6506900,2410500,10037900,25924600,7205900,7523800,3824400,2347600,3585348,7365400,2880000,2996000,6678700,2967200,1904100,2895200,4274200,851200,7647900,8842274,58062000,22696200,1302400,71983559,6632500,7296600,16287500,59768000,3897400,10404400,5657100,4461081,22445696,8262900,43975200,3394500,9646200,18019700,2899600,20895400,57375600,3325900,2870000,4913000,40181000,9239200,5582900,6554000,15431600,50528300,2607600,3491842,11658500,6470600,19845976,14780300,65350900,35319500,7572800,6532300,236857000,9470000,2453000,15656000,3865200,807192000,4022117,24438200,4770700,4900400,35424202,13844000,2261300,2414400,6472300,2554400,18865300,2928100,1086800,1368100,7725400,14230100,11310800,3907800,12235800,7970200,3125100,2255600,1356300,65072879,9714800,1848800,6077300,136900500,7151000,8734300,4169200,3047400,15107600,5477000,6538500,1441900,25231200,4266200,24910900,38125500,4216400,17758200,2446800
2018-10-31,153435600,14068500,,7795000,2414900,4423000,2713200,12942900,110463700,4541000,3841200,187804000,1490700,28146000,4511300,4175600,92296300,11592500,1415200,5663000,9220600,20450300,10341300,3168200,5108400,2817300,8714200,30070194,3117800,6591400,2674600,6666400,26023700,7671300,7429800,3774800,2018200,3231946,9196700,3302000,4084000,17510800,2396300,2621600,3606500,4010900,804100,5767100,12666229,68507100,23361800,1721800,42124411,17316000,6805400,37775200,70916000,4369600,10625500,6339500,5022668,22640670,7718500,33369100,4845600,9968900,20860000,1687800,25309400,18032200,4349200,1980100,5792000,28055000,7683500,5424700,9935800,16335500,60101300,1921300,3402740,9911700,9638900,16624529,16928300,51062400,44055400,9051600,8680500,203603000,8755500,1550700,20065500,3923000,745772000,5005716,21082900,4994800,6449500,28193235,13362400,1822900,3803500,9509300,2688200,12917500,2585300,890300,879700,9773145,11560400,11654700,4759200,13260600,8395700,2197700,2926200,1597400,59387755,9776200,1982900,9212400,114364500,3394500,10301100,4230200,3620800,13205300,5501700,3474500,1607500,24214400,4077800,23667400,37064700,3788400,16629100,4295600
2018-11-01,233292800,10671700,,6250800,1771600,3192200,2902400,14184200,136896500,2827300,3963600,162710000,1466800,36830000,2786800,3760700,49827300,8730000,1021600,3895100,9581200,17744100,10138900,2540500,4028200,4115300,4764100,25391933,3398300,7826500,2095000,4668800,24662100,6424100,10572000,5079500,2954000,2560447,6779900,1375000,6994300,5444200,1564500,2286900,3935400,3771700,577300,3604600,9433217,59794400,21668100,1537700,49320916,8060600,4365500,15233200,40132000,2557600,10371000,5225300,4023312,14253528,4054600,28335300,3097500,6913500,13065000,2951400,16494500,11423500,3639400,1526900,4626900,57921000,4439000,3701200,11146600,10329900,25640800,1034900,2682389,8897000,8070900,14507988,8679900,33384200,43981400,9389200,5395100,151215000,6117800,1808900,7692500,3035600,566528000,2543467,17764900,6132700,5736700,24278152,9732400,1954300,2981000,5630400,2147700,11003900,2176300,997300,1331400,8884576,18772400,7161300,3300000,10799400,5398200,1393800,1807800,1741600,46842988,6602000,1794100,4194700,120001500,1818000,10972500,2771300,2897800,16024000,4340900,2289100,1369000,22533200,2412700,17654800,23205300,4392500,14159300,4277000
2018-11-02,365314800,12781500,,5314600,1998600,4335300,3054500,11959700,123788000,3696300,3978700,139110000,1427300,40241000,4322200,4029800,69010200,8850000,869900,5060000,4560900,21214800,7683900,2817400,3138900,2281300,5253500,26241158,1795800,5725200,2167200,4481400,25581300,5894700,9890400,4719200,2938000,2934830,6377900,2346000,7038400,5325300,1269400,1430800,4625500,6607500,1086300,3366600,8565379,48499200,19501300,1808400,54985507,6061200,9583100,13268200,43438000,3699000,7762000,4730600,5156991,11079964,2648900,30759800,1976100,7673200,19009200,1578800,17584900,6835100,3577200,1597200,4535500,29116000,4261500,4190900,7012400,11262900,24708700,1374500,3671242,9939600,5685500,13517838,10478800,37680200,33645700,11806400,5260800,134046000,6995100,1835100,7635000,2868200,452960000,2773397,17289300,6663900,6705700,24223028,11336000,2272700,2396200,5850200,2726700,13707900,2129800,663600,1152200,9839247,45573000,9786600,3701400,8458000,5800200,1453500,1590800,1100600,44376640,9024800,1781300,2606400,117120000,1565600,10088000,2593600,2854000,17063100,3424200,2141300,1338100,14734400,2160200,18285600,21909600,5610000,19350400,2685300
2018-11-05,264654800,10315600,,8558700,1705200,3224100,2188400,7785300,108016700,2713500,2301400,112494000,1467100,27609000,2697700,2253900,41103100,16987500,761400,7667600,4764900,14823900,4844200,2731300,2907000,1355300,7833700,20038260,3390200,4955500,2513900,4629900,17525200,6413500,8758700,3363200,1576800,2332253,7920800,1937900,3057700,4163800,829800,1066200,4503900,5029700,709900,3648800,8939012,41274300,9791300,1257200,25955269,6087800,5852700,11477100,45358000,2565200,8974800,3885300,4436678,9565252,2775100,23751200,2377500,5601400,10276400,2469000,16543500,4477400,7368600,1650500,3309700,22178000,3110800,4747300,5986000,7154500,15971200,1112800,3452254,7185200,4841500,12922364,12318900,27922100,22904000,8274000,4309400,102830000,7143300,1296400,6937500,3617300,379332000,1961522,13125800,7969800,5270400,21628396,12270100,1664200,2243100,4633400,2226600,13373800,1363200,819100,622500,8702953,23242600,7046000,2103300,8644900,5316900,1011400,1137500,974700,36206766,5950000,1118500,2743100,117465000,1571300,6189400,3287000,2445600,6280000,3339200,1810300,801400,12733800,1719300,18990000,22850400,3379300,15815000,3133100
2018-11-06,127531600,7945500,,3676400,1364700,2446700,2662600,6816400,144995700,2139000,1285000,85148000,1813800,29464000,2856000,2471900,43514400,22525000,882100,3879800,4151000,17049600,4728200,1365400,3252400,2136800,5171700,21001654,2595400,6150200,2101300,4667100,15446700,12828500,5273200,2464300,1729500,2776685,5036600,1111300,2642900,4121700,1144900,984400,4589900,4336700,548400,2897900,7245957,40928600,11479300,1252700,23563834,5699000,3773300,11187700,28660000,2275600,7199200,3338800,3372282,10038880,1749100,23839600,2297400,5798900,10825000,1585600,14373400,2510600,6803700,1123200,2432200,32368000,2916000,4864700,4289000,8077900,16667100,2335300,2272639,6977400,6809800,10737913,10737300,24340200,19316600,5963600,3806800,97104000,6424200,1926800,5924500,2166800,299012000,1913947,12362700,11077000,3913400,22194183,8857800,1486300,2056900,6557200,2185200,8774100,1433000,981400,1120600,5171083,16065400,5272600,1752300,6433500,5054200,1024300,1887600,990600,32187234,5561600,1271900,3891400,101443500,1774800,5413100,2582400,2582900,4732700,2609500,2810500,920200,12371200,3163100,20696800,19106100,2571600,9063200,2478900
2018-11-07,133697600,10378000,,6404500,2278400,3790600,2781600,11028800,121115800,3077800,1803400,163844000,1068000,29004000,3606900,4015300,56679200,15412500,1078300,4741900,6746000,15529300,7551900,1844600,4124300,3238600,5777500,22995877,3069300,6585500,2603600,5804000,19990400,12356200,4848800,2829600,2161700,2323567,8249800,875800,2981500,7249200,1259200,2393500,6514300,3424400,533300,3514300,11857555,37347400,14378300,1289200,25878418,8635900,3631700,9457800,43388000,3514300,8772700,4673400,2318285,12952304,2184600,29913200,3885900,7173600,12679600,2255900,12239700,7626300,5875400,983000,6632600,25775000,4922800,4363900,6673400,7138300,21877400,2031300,2923502,4793100,7305300,19566684,9951200,37901700,22957200,6530000,5072200,133283000,5403900,1527200,14972500,4019600,483812000,1917456,14329800,5995300,4219600,36794929,9019800,1756000,1753500,5779300,4212300,18493500,2107700,823600,1378200,8579329,16465000,7716400,2089200,9417300,8829300,1014000,2208200,1261900,40827261,5858400,1830600,3639600,110617500,3921000,5525700,5796800,3720900,20502100,3672900,3319200,1536000,14891300,2177000,20668500,26017800,5141900,12699800,2613700
2018-11-08,101450400,9333200,,4676100,1294400,2389300,3465900,9029900,92387600,2636600,1707900,130698000,954300,29796000,2896700,2751800,49421200,10465000,698800,4166000,5021300,18908100,6269400,2177200,4268200,3756800,5212800,15287122,2188000,9826900,2140600,3986700,21002000,7924300,9532400,2045600,1899400,1826683,11074800,1074600,3002400,5045800,1000300,1763400,5343400,4150100,755800,4239800,7819795,55810100,14289300,1039700,33760858,5007100,3676800,10807900,33694000,2404800,8076600,4054000,2971861,10874634,3599700,26581700,1607400,5497100,11662500,1430500,9762800,4010000,3666300,879000,4918600,12459000,3922200,3318600,14473200,5376300,24145800,948700,3030664,5698400,7182500,13634690,9484100,25644100,15609300,6676400,3802100,110239000,5425000,1461900,8922000,2922300,511352000,1689590,11966600,4441400,2925100,25696520,6614400,1699500,1542500,3600800,2989400,32155200,1960400,536600,1392600,7543778,14081700,6938300,2431200,10936000,5475600,811000,1524700,855200,39121022,5783500,1061900,2763700,106360500,7484000,5948300,3809100,2566400,5927400,5813300,1741900,1101800,12482400,1139000,22429200,17884200,10503100,16865500,1760900
2018-11-09,137463200,9169800,,4247600,1882100,2765900,2419500,11136200,85900700,2344900,2279800,118044000,797600,33611000,4444000,2590300,43270600,9262500,617100,3971700,9208800,27125800,7248400,1495800,2587000,1794800,9735400,19013086,2460000,9190700,2256700,5252500,22015400,5761300,6565700,2682900,2581600,2943967,16878200,1579400,4432500,7236500,736200,918300,4236000,3486000,741200,3027400,8239694,52203600,21444400,1695000,57077908,4568000,4825500,9037500,34860000,3721700,9356800,4761100,2523482,7282043,2842400,21761400,1909800,5343100,10432200,1649000,12398100,3249100,5054400,1294300,5187000,18722000,3229700,3237000,8716800,7150500,17326900,1188500,2905443,14986300,6340500,15359802,10017900,32039200,26102800,8160400,4082800,134808000,4737600,786500,11030000,3217000,413240000,1512809,15316100,6984100,5026300,26042654,10713500,1952500,2671400,5182700,2096700,21745200,1614300,544000,1541000,7956282,8637200,7085600,2014500,13347100,6378300,1262100,1327800,1423400,52952983,6533400,1358400,2263600,76482000,6327800,6256400,2904300,3377000,8339800,4760400,1284100,1845500,17365500,2133900,18972200,25351200,9454700,15070100,2137700
2018-11-12,204542000,9344700,,6272700,2263800,3498300,2245500,10618000,95948200,2109100,2059600,136124000,719700,50306000,3154600,3088700,50307500,10022500,577400,3355200,6556700,16424200,5870100,2334100,2340600,1983700,8800800,18184027,2446300,6766600,2301400,7571200,25913500,5682500,10550800,4031700,1562800,2637602,9170600,943900,3250900,5123600,1060100,863300,4731200,3267000,487700,2161200,6432937,36317200,14531600,1577800,51161628,5300800,4211500,10062100,34002000,11019400,9957400,7590400,2399133,5626539,2317100,24412800,2505900,7013600,13279700,1959800,13918300,1990800,5078900,1117800,6183400,24391000,3507300,3080800,5655800,9283300,18542100,780000,3312920,16509200,4588800,14679022,14302000,33621800,24822400,8538800,5148500,109248000,5204900,910800,13335500,2603600,617116000,1532004,14374400,5204400,4781900,21853847,12522100,1608800,2462100,5233400,1677300,24447800,1212700,657100,897600,6669669,12789600,6605100,1938600,10256900,5580200,916300,1597500,1254500,34338337,6583600,1689200,2471500,104122500,5024700,8688700,3140600,1810300,11335100,3901000,1095700,1754100,13236800,1732100,19003300,26829300,6129200,11906600,2375400
2018-11-13,187531600,7237200,,6570300,1486700,4017100,2860100,11847500,76126000,2232200,1496800,118666000,920300,26697000,3021800,4960000,57423400,10260000,582900,4089600,3622100,14121300,5820200,2137300,3567600,2883400,5982000,18746657,2683500,11213800,1548100,6176300,26196700,6657100,6846200,2821900,3540500,2240659,4650600,1333500,2833200,3732300,723900,1109400,4877800,5175700,490700,2402900,7580053,33098000,17216400,1086500,42945997,4437600,3719500,8594000,25750000,6984800,21537000,14274000,2623747,4272282,3250600,29315900,1783800,7432300,13746100,2476500,13872900,2507100,4239700,1121000,5196700,28856000,2852000,2358100,7564600,6624800,15141700,753200,2593885,11639600,8936000,16587430,12346100,35374600,25870500,7297600,5414300,122322000,4584600,1467700,10721000,1990400,644712000,1382261,13550600,5500400,3609900,20159015,13438700,1162700,2472500,7054500,2990200,20883800,1741900,594100,911200,5454719,16637000,6032900,2666400,19044100,5165700,1021500,1924800,1173500,33948684,7612900,1300100,4005100,81729000,3145900,5930800,2516900,3578300,6287000,4393100,1131000,955700,13047900,1489300,28102000,23870100,4129400,15530200,1804700
2018-11-14,243204000,7268200,,5400800,2819900,3261300,3578400,9513500,106344300,2850300,1940900,129738000,1018500,25411000,4978100,3445800,69213300,7525000,746900,4409100,5520800,19754600,5516300,1837000,3835900,2754400,6798800,25018589,3257400,9708500,1896500,5729600,36613500,8673300,6783500,4401100,1824100,2130792,7109100,1506600,3860600,3591300,816200,1537600,4789700,4669900,438700,2843500,10060331,46677600,16141900,1380300,35507986,4397200,3837600,10883400,34666000,5742500,15648700,7561100,2999765,4981366,3141200,25632700,1822500,6433100,18361400,2093700,12106800,2338700,5392800,1192800,4380800,24399000,3218600,3407500,7178800,7989100,22068400,1101500,3346049,9124400,6395600,9936193,13265200,39495100,23706400,12378000,6549200,168536000,7984200,1530000,7215500,1903900,526580000,2185157,16094000,5873800,4423800,28398871,11623000,1986100,1554600,6219100,2933400,14071900,1454800,935300,930700,9136432,13350500,7682200,3978900,17285400,6180800,1025500,1915100,1376900,41432594,9181700,1318900,3665500,75604500,2577400,4975200,3511900,2964400,6613900,5663100,1175300,1502600,18288700,1611100,24788400,31445700,5545000,18552100,2244100
2018-11-15,185915200,10365700,,6849000,2561800,3383500,3031100,15175700,97715500,2607100,1987800,168546000,1299000,36694000,3742600,4863000,66174800,9172500,685200,4258800,9055200,19202300,5815200,2648700,3497000,2405100,4688600,22163831,3680000,7782600,2722300,6468700,45983300,6859700,7218100,4769600,3015400,2555146,7088700,1323100,4481100,3827400,856500,1945200,4314800,4217600,497000,2648700,7495092,57170100,23687300,1285900,26807841,9249300,4013400,17675600,41584000,4260000,13292400,8663100,3213769,5447463,3167700,29581000,2317500,6657900,19100000,2026800,12080100,2759400,4796800,1233100,6747700,32110000,3424600,3351100,9987000,7895500,30320300,843100,3776370,13850900,6149600,12549171,14057400,38505200,30046100,10935600,5725000,99671000,7858300,959900,8012500,2041700,840708000,2785162,24922800,4813100,4045700,25936305,12506000,1034200,2231300,6377800,2618000,18856300,2467800,796700,965300,7307811,15246500,10269000,2204400,16015200,7808400,1731000,1618700,1187300,51526638,9144800,1398500,2826800,69385500,5046900,7689000,3657600,3303700,8565000,4288100,1239400,1648100,17147100,1430900,23220100,48247800,6645700,18976000,3887900
2018-11-16,147713200,8691100,,9860800,3218500,2897400,3309100,28075300,112376600,3862300,1987400,121322000,1370800,36005000,3486200,4425200,52456100,8367500,738100,4347900,7537500,15995200,5957700,2328900,2779800,1797000,5368300,22985741,2286900,7993600,2822400,5126900,31327400,6568400,6706900,3683300,2327300,3121966,7141900,1958700,3351200,4585300,986600,1378700,4732700,6065000,650100,2379900,10946115,54582500,15981800,1240900,36851582,8059100,6056400,11681500,35366000,2829600,7905100,6834900,3349789,4263810,4531600,31670600,2391000,8494300,13798600,3026300,13405800,2726800,4766400,1319500,4090600,37911000,2939500,3759500,9482000,6467700,37250600,775500,3133998,11827900,6373700,14384010,9775000,33502100,25445700,7948000,6020500,90995000,8064200,1022400,5546500,2989500,1963520000,2181235,20929600,4761900,4484300,24604576,13013500,1136200,2358000,5196700,3468800,57303300,1500700,768300,760100,8238012,9287900,9703100,2403000,11775800,7552000,1609700,1100700,1747800,38302658,13371700,1620200,5257200,108093000,3867000,6767000,3857800,2583900,8628000,3448100,1341400,1924100,19471000,2006200,18872500,42705600,14212400,13704900,1883000
2018-11-19,167701200,5971700,,7224400,2194400,7642200,2681100,15053300,93578200,2629900,2171500,155800000,1602200,35326000,3161200,6782800,46000000,13962500,725500,4321000,10485500,12227400,5385600,2006900,3106700,1397500,4480900,20556609,2029700,7793900,1949500,14284700,28370400,6155700,5328300,3159500,2912400,3227546,9714600,1246300,4114400,4461800,1225500,1579500,6012200,4309300,438200,1911000,6539068,56292500,16917600,1106200,30898119,8814700,6875900,11595800,45684000,3419100,12194600,6203400,2394571,4321235,2957600,26859000,3343800,8714600,13987000,2501900,13575800,2464700,4869800,1558900,5898000,25399000,4488100,3745900,5570600,8330000,44362700,853200,3851598,10301600,6337700,17210675,9856700,44773900,31039100,7018400,5785500,129938000,6744900,1751600,15973500,1785800,1697820000,2137994,19520500,5149600,4673900,23671575,9458300,1144800,2916000,5402600,1987200,20321400,928800,827800,922900,7928633,10855400,7900600,2545800,9449600,5301300,1184800,1494100,962400,37015995,17398800,1729200,3387500,145633500,4352900,8265300,3670800,2932500,16253000,4040800,1144600,1362900,18405700,1411800,20215500,27643200,5332100,9430800,2195800
2018-11-20,271300800,5372900,,8222500,2224800,6180500,2694200,25487100,109869400,3288800,3449900,217576000,1312600,32123000,3779000,6875900,92330600,20747500,632300,7680900,19874400,21024000,7746200,2550300,5681500,1800500,3866400,31238132,2652900,7453900,3704800,13829500,28430600,10232600,7983500,4930500,3701400,3128734,11194600,1895600,6879300,5388800,1791600,1051700,3350700,5704300,813400,2043300,10198709,35159900,21391200,1620300,29903260,8511000,3717300,10332900,54458000,5513800,12667100,8661000,3796789,6520555,4050900,29200800,3134100,8937700,18936200,1625400,16255300,2151600,4877300,1281100,10061000,52282000,7892900,3708300,5953800,9174700,41939500,920400,3201931,10165700,7603000,14240014,16035600,64052500,38728600,9752800,4627100,166938000,9053900,1493300,20491000,2426800,1692032000,2524788,19389600,4476500,5087800,22968557,12074000,1053300,2359600,4949200,4553500,20658300,1920000,552500,930500,6969831,11208900,10363900,4481700,12276800,6324500,1223100,2151000,1474300,54806053,16289600,1463500,5081100,120070500,3263300,8230200,3617700,3485400,12720200,5786600,1787500,1658200,22028900,2505800,22999200,37861800,5892000,15533700,2606200
2018-11-21,124496800,6532500,,5789400,2525600,4846400,3341300,11659600,81585600,2173600,2009700,114336000,862900,19926000,2791000,4401000,40364400,9220000,673700,2840700,6972100,12380200,4759500,2112900,3616000,1839000,3935300,17632602,1834000,6392600,2036500,7311300,20117400,6889400,5624400,2795200,4987600,2398805,7242500,1116000,3640300,3272900,1143600,924900,3089200,5253400,440200,3035900,6227123,25882700,17056200,1019900,17620011,8866000,4111900,6555600,29698000,4111700,5358200,5752100,3041463,5581247,2861100,19011400,1796700,10275400,10619600,1192400,13559200,2070900,3619700,1355600,7344500,22895000,3950200,3410600,5327400,5380800,25469700,529500,2191909,9007700,6438600,9489116,7961900,28130600,22728400,5978800,4663300,110230000,7326100,1328400,9108500,1981200,1025496000,1871326,13859500,4505500,3245000,19665848,8911800,798500,1882200,5915700,2447400,13015500,1198000,481200,719500,4335904,10978100,4814700,2163000,9262500,6920800,1379300,1396900,1294700,40125806,10857300,1904800,3274200,70302000,2069000,6437700,3234300,1660600,7416300,4244000,780500,874200,18482200,1766900,16946300,28052700,4026500,9685300,2271100
2018-11-23,94496000,1612800,,3262200,938800,1691000,915200,5203200,54611300,1349200,746900,54152000,310300,8066000,938800,1599400,22974100,4015000,299400,2274000,2313400,7316500,3130100,684700,2044400,535400,1367700,6128741,1084900,5361000,1007500,3009600,9372900,2439700,5577800,1316500,1192500,1037873,3242300,301800,1448300,1906800,704500,564700,1888800,3373700,193700,1260600,3583091,13520800,7880800,498200,9070771,3072800,1114600,4231400,14178000,1862600,7920200,2711000,1605611,2442096,1179700,8906900,739800,3404900,6488400,693300,4792500,963600,1897000,434300,3008400,8669000,2601000,1747700,3120600,2774200,11886100,309900,1195880,4674300,2695000,3690846,4822400,13823100,11257800,4360800,2598300,52451000,2582300,413700,2888000,1019100,411968000,910121,7807300,3248800,1444700,8844009,4399600,367900,660300,2521100,2169900,4671900,746600,199500,507400,15454773,7779800,3013000,879900,8001400,2805400,330700,558000,570300,17742924,3968900,772200,1215200,63039000,641600,2066200,1159300,835900,3676000,2105200,562100,346800,7009100,586000,11139400,14670000,1270100,10875400,836300
2018-11-26,179994000,5227900,,6129400,2127500,3603700,1586800,11741200,83211000,2194600,1447200,125154000,867000,28714000,4488500,3362300,53210700,11297500,815000,3973900,6987600,19065100,4696600,1539900,3274000,2187800,5082200,14173815,1742200,6355100,2205600,9321200,18275900,14719200,6953000,3143000,4361700,2282395,7002400,1189300,2169100,5383800,1251800,1679100,3213700,3664200,572100,2784400,6078511,46304400,10586300,1165700,33103782,9451000,4636800,30361800,31558000,3143300,18206600,6140500,4274875,5241611,3217800,20723000,1921500,7590900,13948300,1311500,9341900,2678200,3296200,1375900,5151100,15651000,6917200,3843300,4734000,7938800,24263600,1139100,2775916,12202700,5448300,11407061,8862900,32336200,26569700,7455200,4285100,124986000,6458300,1034100,8733000,1936800,814832000,1671014,21603800,4534300,2972500,20147948,8171400,692600,1884900,4347600,3324200,10373700,1289400,706000,882900,16858972,13066800,8136300,1795800,11263600,5739300,1618800,1362400,1631700,47387946,8434600,2123500,3285100,119881500,1837700,4687400,3879800,3400000,9144600,4315500,1053600,1604000,12308900,1479700,20581700,30103800,4587200,13741100,1908100
2018-11-27,165549600,4338300,,6759000,1930000,2882400,1789800,11117800,119230100,2329200,1390200,115664000,1144500,30406000,2837900,2946400,43617100,9925000,626000,4050600,7797000,12867900,4049400,2016200,3890600,2278500,3708900,14637640,1684100,6116400,2369800,10558800,21472700,11905200,6339200,4646700,1753800,2117143,7357500,1474300,2383400,3372200,1159300,1591300,2156900,3554900,334300,2316100,5647536,34283200,20866200,1122000,23037755,8001500,4094100,25559100,33048000,2345400,12510100,7084200,3882305,5129375,3418000,27621000,1743000,5962100,9238200,1160100,9180700,2525900,3263200,1477400,5608100,20098000,3976300,2194200,5537800,6531400,20750300,585600,2487202,8955700,5096700,15325533,8035900,29124500,21397300,9084800,5086800,111495000,5008000,1699100,7455500,3437700,738060000,1794442,28054600,5545900,2884700,19765873,9023400,740000,2098300,4975900,2675900,9719000,959000,558600,879600,26805953,13169100,6842000,2560800,11644400,6882000,1721500,968800,1001500,42574147,7457300,1124400,2393800,95374500,1480000,5044700,3497300,1933800,7877900,4435400,742300,2327600,14115000,1645200,18044600,27126900,2920600,10344500,1879300
2018-11-28,184250000,3953600,,7915900,2784000,6447100,2142200,12038400,134425300,2617800,2332200,169174000,1124900,31080000,3995900,6117600,61388100,8712500,701500,4013400,8455200,17719000,5745200,1865100,3608400,2605500,4940700,19009672,3366200,5602100,2765600,25705400,24293800,19884000,6841700,3555700,2421700,2459040,9039800,953100,2950200,4197200,1301200,1317800,2258200,3580800,618400,2207800,7196186,33199500,29088100,1311500,25938200,6463100,5269500,12439900,46042000,3762900,9467700,7133600,4557313,5339307,3682100,28003200,2871000,8411400,13977300,1358500,11368700,1808800,4814500,1282700,6964000,31957000,6203000,3279500,10498800,8109400,29847500,1164400,2612542,10652100,6229200,12625675,12380800,46788500,42293700,7868400,4735200,148013000,6167200,1218700,15560500,2360600,804524000,2361629,29352900,4660100,3989400,19892669,8093700,1592200,1723800,4754800,3525700,17483500,1488200,651100,687700,13559890,12867600,7123500,2668800,10630200,5182600,1299900,2178100,1364700,45639472,12062300,1901700,3272000,61914000,2003300,5659300,5044300,2322000,11265100,3914000,1020000,1445100,18663000,2162700,23713300,30212400,4555000,11482100,3411200
2018-11-29,167080000,3838000,,6447700,2414600,3723500,2298800,7934200,79853700,1937800,2063300,132264000,860600,17920000,4249500,5331900,46824600,8952500,616000,3960900,6152800,12914200,4999600,2647000,6206700,1890000,3239700,17458467,2697500,4606000,1478700,7763000,22650800,10092000,6656900,3841200,2236700,2594851,10834700,826300,2940100,3527300,1025700,1289000,3108900,2661900,486500,1716400,5860220,29207600,19450700,1162900,25745417,6468000,6458000,8251200,31004000,2665700,8943300,4329300,2808361,5439305,3218500,23592500,1615800,6900000,11144300,1041700,11564300,2901300,4688300,2788500,5398800,19321000,5447700,4617100,5479800,5649300,24238700,687200,1876763,15437200,5096900,11429174,9202900,28123200,23631300,6867200,3673600,154315000,5436700,1661300,8717500,1658700,549172000,2740786,17052100,3615200,2878700,26065315,6126900,1018300,1589200,4269300,2290800,26949000,1722300,555700,493700,9781407,9605500,10844300,1713000,13565000,4810900,1061600,1053900,1530900,40881545,8099100,1378300,2814600,46210500,1518100,5938000,4177800,1998400,8751500,3701900,869800,976400,14763700,1780700,14978400,18723900,3162800,10255200,1457300
2018-11-30,158126000,12031700,,8030500,5832800,5156700,2814600,13387000,82370700,4537200,2741400,115236000,1153100,40083000,3949500,5374000,64284600,9025000,1066400,5153200,9795100,14207800,8458200,3752300,5744700,2440900,3568700,40626238,3245900,7175400,2764000,9401400,41619100,15921500,6712500,5397600,2534900,3698148,16857800,1724000,4829300,5395500,2510600,1707200,3467100,5268900,786500,3137800,9631179,36269500,17146000,1588900,39037109,8673300,6085200,18108900,59668000,6220000,10940700,8942400,5723034,7585174,4717700,43313700,2964300,12517600,18652700,1499700,25538200,3944100,8965600,3666200,6881000,36878000,7944700,6635700,5718600,12994500,25732600,892100,3793592,13911300,6236800,22380669,11282500,33665600,28176000,15807200,7679800,118601000,7947300,4006300,15723000,2403200,729564000,4244719,22884500,5947800,8051100,45054495,16291800,1187900,3558700,5651600,4393700,18197800,1574800,696800,789000,15312716,27308900,13690700,1809300,16183600,7133600,3131000,2376100,2590300,106538705,17529300,2201700,3470700,84436500,2562100,8685900,6143200,3564200,11362800,5685700,1254700,1096000,31142800,3284400,18939000,31992000,4589000,14040100,3143500
2018-12-03,163210000,6673900,,6430400,2319800,4286200,2504200,14371100,139607400,4035300,2651600,137246000,1856300,35241000,3399400,6573400,59908700,13387500,998600,5153200,8315200,14255500,9365800,3640600,3997600,2704100,4878600,24949341,2571300,7497100,2481500,7358900,24690100,16494800,8237600,4425400,5132000,5096868,9273300,1085300,3904800,5052200,1406400,2139600,5009600,4061400,487500,2002200,7957472,64668600,27171000,1465900,27268484,11239300,7978500,17168900,57532000,4017000,11352800,7610600,4582777,6115334,3486200,30870400,3264000,8827200,16034500,2311900,14877200,3177200,4290100,1764700,5645500,36837000,6599900,4401700,10028600,6953700,24819200,959500,2982106,9370000,9307900,13183106,15437000,34732800,35830000,9724800,4446500,141174000,10211800,2152000,12040500,2519600,890804000,2817876,21966600,5019100,6112600,26771178,13934700,1425600,3210100,6580600,5780700,17114500,2069100,1100700,934800,10925328,13834300,10053900,2961300,12790700,4647500,1597000,1447600,1880500,57899712,11667200,2266900,3641200,124597500,8217000,7828500,4178800,3529800,11285600,6462800,1485700,1692900,27800800,2116200,21261700,27246300,4301300,19415100,1969000
2018-12-04,165377200,7008400,,7620100,3108900,4041700,3457900,21733000,127392900,3881100,2468800,173890000,1824200,36455000,5238400,5199100,103565700,8885000,859700,7689800,8966200,27104500,8113400,2907900,5198400,2547900,4237100,32221479,2626200,7532200,3418600,6978400,30802700,13333700,8288100,5453000,3549300,4726320,10806700,1225600,5598100,5129500,1263800,2707600,6547400,3153900,753600,2632900,12366481,57930300,22402700,3819600,27820875,9935000,8535300,14234700,45630000,5797500,13617600,7059600,4364530,6276732,4654800,35397700,2932800,9803500,23555900,2642900,19059900,2746100,5676600,2208100,6114000,52282000,6628600,4436200,6110000,8628200,30307400,962600,3227645,12359900,7711600,15482942,18401400,45197000,36616300,10024800,6370900,128006000,8800400,2892500,12722500,3068300,812112000,2422826,24643500,4455900,7018200,28703898,11123600,1243000,2787700,5325100,3191800,15836500,1634200,1012900,1354400,12213849,13555100,11956800,3169800,12979400,7202200,1337100,2417600,1703200,59356641,10420500,2185600,5329700,126928500,3848800,7487100,4635500,6865900,13988900,6217800,1325700,1316200,21727400,3178800,33280500,31278900,4034700,18540700,2557700
2018-12-06,172393600,8734300,,10269100,6012000,3950600,3118900,17391700,103434700,3437300,2809300,175788000,1826700,57859000,7455200,9297400,133294200,9920000,1383100,8386700,9679700,37802600,6595200,3247300,4443600,2854700,5080700,29294592,2886000,8412000,4029800,9186600,40133000,15678500,10715700,5493500,4595900,4043090,10546200,1335000,4758300,5747500,1408100,2292500,8001900,5046200,663500,3913000,10213430,53963600,25177100,2248100,23571659,8099400,12064800,14533700,47436000,5275500,18911100,7571200,6308812,7257148,4963800,31661700,3022200,11572500,27213900,2194400,17674900,4785400,5064400,2793700,5954300,55664000,6558900,4878000,6466400,10941800,28218100,1430300,3578193,12456700,7501300,17329518,17552400,49107400,37494400,11354400,9165900,130743000,9693700,2693000,13391500,2284600,692308000,4083108,39877000,7532700,5191700,32188528,14199200,1185700,4211200,6413000,4165300,18203300,1597600,896700,1590400,14831249,17222200,14379300,3864600,23678300,8745600,2413500,3663500,1594900,68847073,12052300,2023500,4899100,117637500,3470400,7329300,6694600,4269600,16391900,4711100,1607400,1906300,26880400,3320000,40310200,31101600,5951900,23218100,3006400
2018-12-07,169126400,6737700,,7945500,3090000,3971100,2495200,15636700,105764500,3152400,3357400,151522000,1169400,78396000,4419400,4526300,107477600,10235000,969500,5483500,7395800,24282100,6413700,2308200,3104400,2556400,4072700,21985748,1821000,8095500,2881900,6225300,38298000,10556300,9114400,5232800,3005600,2755817,8305500,916400,4985100,4589100,877500,1675500,5232300,5226600,450300,3322200,6467286,43534800,21263900,3101100,23887657,5657500,10226800,9236700,42682000,3921200,14265700,6226100,3866815,7342502,2590200,34016400,2771700,9444500,19248600,1191500,15565700,2518700,4128100,1407200,4968600,30846000,4968100,3088000,5336000,6915900,21195500,1419000,2696382,12371700,9721900,13228799,15499400,45044900,30619800,10121600,6958000,124667000,6133700,1755900,8745500,2205700,681676000,3706325,23978000,5494600,4615500,27963885,7996800,951500,2702100,4780800,3880700,17054700,1419200,835800,1050000,11923220,11057500,9727400,2209800,14196900,5786900,1472000,2728400,1268400,49616370,9689200,1564800,3340800,172668000,2899900,8837800,3506900,3172100,14007700,4669500,1363000,1627300,16948100,3167400,28510500,25489500,4082900,16224700,1768900
2018-12-10,248104000,5229400,,5828600,2280800,3194300,2020800,10337700,77984500,2718300,1908700,149896000,1038000,43344000,4110000,4400500,110166900,10792500,876100,5593700,5739000,30695800,5970900,2188900,4973400,2017900,3903500,17323172,1946900,8750900,2650000,5897000,28682000,10798500,7674300,5784400,1791400,3484166,7337500,860400,3904000,3888400,871100,1696500,4061000,3368700,403100,2213600,7104775,56499700,17917900,5887300,23545806,8927200,6664800,12320000,33652000,4528300,12882700,5373800,3312230,6850777,2185400,23289000,2217600,6848100,23636400,1156800,12331100,2540400,3832600,2417900,3262700,27340000,4101000,3084900,6574600,7251700,26422200,859600,2368439,10323000,8768800,16163618,16323200,40801500,33979700,10441600,8010700,96056000,7235000,3010000,7836500,1887000,629472000,1983607,26375500,6135500,4150600,26187895,9307600,926200,2850600,5431900,2610800,20484900,1540600,876100,1274600,8448713,12148300,11550200,2130300,15376600,5023500,1269900,2256800,1106000,54352980,7120400,1130700,3012500,99202500,1812500,7549500,4061300,3993400,15744300,7407500,1349100,907100,16603400,2208900,34524600,21830700,3523000,17946200,1930100
2018-12-11,189126800,5098100,,7567000,1786300,3179400,2037900,13436900,88027400,3047500,2033000,124894000,975500,57730000,3132200,3566400,78545000,6605000,793700,4483700,5806500,23712500,4449900,1732600,2909300,1332300,4703200,25922765,2745600,5569200,2466800,4548700,26048500,10488200,5929400,3991700,1818800,2254759,6861800,1289000,4707000,3876700,1016200,1367700,3220500,3713800,449400,1597200,7281427,42294500,19184200,4584600,25995248,5867000,6570100,12531800,33852000,4713900,13488600,5229400,4376413,5275083,3155100,23851000,2060100,9857400,16860700,1682800,18083600,2552900,3806800,1764500,4137000,22135000,3582400,2889100,5161400,10176200,20300300,585300,2187364,9348000,5555100,13867660,13619400,42381900,26238800,12055200,5322100,98432000,7794500,1924300,11123500,1578100,671912000,1707134,22680200,6031000,5545100,23904931,8743800,861200,3210700,4989000,2535900,13116300,1364600,814700,1151500,6883230,10903100,9064100,1608300,19863000,5526400,1608400,1848500,1385600,65621809,6308400,1597700,2475300,94632000,3398100,9942500,3102800,2382600,12466300,4749400,785500,1023600,14991400,4902200,32388600,19357500,5644100,15742400,1684400
2018-12-12,142510800,4185100,,6883600,2423400,4067900,3317700,11895500,100340700,2665600,2675000,131960000,1159200,68703000,4183800,3424800,87191800,8147500,736800,4164200,6993700,24941600,5544100,2173400,2505900,2026600,5902200,25169570,2265700,5544900,2891400,6794300,23157200,10141800,7891400,5076300,1863500,3062633,7723900,1826300,5225800,3400500,1189600,1221900,7496900,3443300,525900,2304300,9518879,40602700,15313400,3684700,22080622,6447900,9250000,10324900,28960000,3677300,10506100,5912500,4457367,3724283,2550100,31305000,2429100,8869200,22621500,2107600,12316900,2402600,3758800,1121500,10837300,30169000,5160100,3024600,4457600,7562700,23696900,616800,2295124,9310400,5484100,11219678,14207600,36183000,26642500,11912400,4670500,114567000,6950400,1467400,11448500,3010800,654136000,2332836,21404000,6621400,4889700,20180938,9644000,913100,2522300,7762200,2570700,13246500,965500,601200,1144000,4905720,11115800,11777100,1359300,13509300,5418900,1688100,2106200,1477000,54156499,6825600,2087300,3279600,75405000,3947200,4945000,3167900,4453700,10387200,4089000,925400,905000,18892200,2234000,42820000,28917600,4603100,14559800,1630100
2018-12-13,127594400,4078600,,6264900,2227100,5395200,1832400,9675800,88108300,2129800,2153800,105426000,1153200,54355000,3542600,2247700,64860100,9040000,595200,4508000,5070800,27670700,4544100,2153400,2813500,3082200,4066900,19640589,1908300,6417200,2170200,5122800,20051700,10693900,7030500,4938400,1733900,2694115,6661500,764100,4180900,5011100,1017200,1444900,6478100,2685200,429000,2180700,6210720,34200400,17063900,4194800,43251895,6198200,7061000,9001000,24986000,4008600,15027300,6102200,2505552,4177306,2078900,19526000,1857900,6008300,17250900,1105500,13766200,2456700,3609900,1125300,7984600,16696000,5246200,2737500,4226800,6102000,18148600,687800,2190713,8120000,6501700,11272498,15964600,31333400,23825400,12916400,5358900,83793000,7454800,1737300,7218500,3120500,471384000,2772365,23295400,6730400,6181200,23613921,18541300,683400,2786100,3992800,3040700,8949900,816800,478900,1587600,9081135,10016200,8997100,2412900,15276200,5298800,2518100,1765100,904700,65005487,8450200,1197000,3209600,110488500,2291300,3647500,2350400,3490500,8780900,4508700,1114100,971200,15454700,1738400,35227100,24126900,3315400,13749700,1908500
2018-12-14,162814800,5461600,,5670300,2336100,12189400,2828100,10822900,84713600,2981300,2193400,127344000,996600,42727000,5245400,3298400,92762600,9977500,678700,4995200,6822500,22839300,4483300,2231100,4024800,3632200,4976000,19362742,1606900,6445900,8822300,5354400,27364500,10624700,6195400,9081600,1967900,2898622,7601900,864000,3651900,5227600,1052700,1307400,6152200,3088500,505300,2818600,7477427,35613300,26978300,2558200,26875823,8253600,6719500,8415300,36358000,5078300,17021100,4265200,2756266,4763693,2363500,26372100,2265000,58140200,19879500,1900100,13835900,2360800,5306100,1881600,7103900,33849000,3801700,4450000,5684000,6502000,21785800,1046000,2957947,9411600,8583000,13896375,17332200,47043100,28922100,9227600,5086300,99153000,7221200,1105600,8316000,3614800,471820000,2426851,21434300,5090200,7404200,33024982,12657300,1015200,2179800,5676800,2867100,13551000,1503600,758400,1051700,6374432,16834000,7750600,3093900,18278300,3710600,1681100,1813100,1463500,56589614,6990900,1752500,2872700,95064000,1762600,6318300,3360500,4532200,9351200,5021300,1584600,916900,13960900,1657100,25913000,34480800,6684500,12669300,2350900
2018-12-17,177151600,5958200,,7257500,2755000,7059500,3581300,12262100,115437900,2919400,2743400,176596000,1756000,56238000,7345500,4968400,98602800,15822500,900200,5991600,9913200,26212500,5662300,2837500,5204200,3935100,7167600,22113895,1925300,7018300,4739400,8392400,36610300,9481500,7132400,8619700,2504000,5055470,7731800,1780000,5527300,4083500,1306200,2178900,7234700,4816100,832600,3079400,10030609,44469900,16416800,3402000,27069962,11671600,8633300,10674200,49932000,8395800,15925500,5631700,3324325,7713727,3893700,26598700,2946000,36933100,25113500,2065400,18482700,3148600,6121700,1649100,6047700,24680000,5459900,4566700,4924200,7848900,24334000,791300,3046930,10744000,9197900,15831822,15786300,56957300,30891000,13147600,6937100,96347000,10647700,1032900,11578500,3694700,662868000,3462463,30441100,5665600,6015300,38651866,12427600,1006400,3696400,8359500,4396800,16648200,2144500,833100,1147800,8063381,15143100,7481400,3198600,20140600,6726300,1691200,2424500,2355100,58284731,10883400,2030200,3999300,115110000,1840500,8260200,5806800,4649200,11796200,4508400,1327000,1765100,18902500,3204300,29443300,27005400,4883600,15464100,3374200
2018-12-18,135366000,5288600,,8392400,2692600,5265000,2818800,13636700,101512900,3164300,2475300,130460000,1403900,51849000,5220800,5881100,89046300,9797500,997100,6593100,9258600,27302000,5377900,2091500,5103100,3720100,4294400,25277550,2152000,6806200,3308500,6668400,30513800,9711800,9658600,5676100,2846200,3987818,6682300,1361700,4224100,6191100,1198900,2249300,6674400,4658700,527300,3025700,9871622,38263000,29402100,4300800,30626065,9325600,8108700,8492400,43640000,5150800,15300200,4462200,2798706,6579549,3543300,29014300,2135400,24640100,20837200,2340200,14765700,2147000,6864400,1707900,4574500,25001000,4345200,4269000,6722600,10439500,24709100,723900,3153015,11108300,12023600,16163828,14538300,49319200,46135400,11764000,7394100,103501000,7533300,1006700,8412500,2841700,564372000,2308171,42855600,5804700,5846200,31125779,12250600,1008200,2957300,13641300,2708700,12384200,1828300,804800,1117900,6003560,10523500,9218600,2797500,20384400,6184700,1443500,1906100,1394000,58914160,8398700,1592400,4068400,106500000,1367400,7675500,5065500,3404700,12761900,4295800,846000,1593200,18895800,2452300,26740000,28820100,5344400,18681200,2972100
2018-12-19,196189200,5510800,,7339700,3261000,6110800,2473100,14660000,120644500,3995400,1912300,175844000,1596500,59728000,6195600,4871500,121887600,13102500,997400,6278800,7302900,31483100,6416500,2324300,5866000,4751800,4225400,34505500,2850700,7699800,3369600,7350700,34820100,11042700,10472400,7216000,3173200,4805393,9416900,1109700,4832800,6416600,1144700,1807800,5091700,4046700,795500,4465400,10494250,75272900,26465400,15288500,45795945,9488300,14213500,11882000,58264000,5316100,18010600,6996900,4104691,7300871,3055300,39717600,2248500,21232100,28767900,2504300,17903800,2618700,8362800,1716900,5188700,36244000,6100600,3883800,7229400,11258800,57404900,993900,3906734,17742300,15030100,19765594,19412300,68198200,106669600,13437600,10052400,137884000,8426100,1312100,10698500,2614100,745364000,2948630,34397300,6612100,6915400,36937957,10825600,1746600,2921900,13595400,3893400,17376400,3020600,827100,1013400,16601078,14390100,12819400,2316300,25769400,8112000,1833900,2527200,1276400,68079550,7474300,1674300,4204100,124113000,1906300,9854500,5468500,6326000,13819000,4913100,952300,1877600,20968400,2492900,34287600,36694500,7468600,21679600,2922800
2018-12-20,259092000,9453300,,11689700,6409200,6099400,3489900,16178300,119394500,3806200,2570400,199836000,2107900,75365000,7110500,5368600,112594000,11845000,1107200,8976100,9200700,39800000,7563500,3422400,11301100,8708800,5552000,29054837,2657900,8372900,4250900,12265100,38810900,12921400,11612800,8028100,2822800,6051833,9387300,1621100,4622300,5567700,1394700,2777900,7058300,5743800,762800,3873000,11574632,58926200,23589600,6552700,38050283,10462600,10024600,14957400,53674000,6488200,13922500,7675600,4794553,8843302,3594800,37750900,3519900,16609600,31825200,2140100,21130000,3398900,8362300,2327700,6819300,43698000,6562600,5775300,6701800,11418300,40297900,1299500,4316603,28763400,11900600,20321454,27520300,70334200,60427600,13112400,10694100,167929000,14488500,1523800,15992000,3036300,749588000,2415602,35165200,7295300,8468300,34494680,14439200,1405100,3198300,19218400,4929700,21742300,3822200,852400,1772700,22699660,20264600,13919000,3437100,24543700,8836400,2304700,2970900,1778200,101572381,9826900,3775900,5126900,136078500,2230600,9235000,7311700,5200000,18091700,6304500,2372200,2213300,26897000,2610700,43969900,49121400,7293800,28723700,2850600
2018-12-21,382978400,16044700,,14240800,6236900,8828100,6388600,24879500,132246000,7829800,4385700,272806000,3393600,102138000,11005300,7641700,160800400,26092500,1722800,14907700,14305300,52323000,10034100,4839300,8078800,7237700,10032400,42979187,4926700,15043600,5080200,12568600,77915100,19254500,19912800,9307300,3931500,7098053,15530600,2420500,6798600,7829900,2722400,2980700,10205400,7468800,1277500,5798100,16933636,57542300,30525400,6969400,38738388,17586200,13092200,21381100,104656000,8960000,21135400,13034100,7324826,10864279,4875100,52768300,5487900,19732900,41313900,4273000,32477700,5452000,13154500,3738600,8070300,39131000,8374300,8536900,10553000,17481400,56901500,1130000,8012243,34460600,14239800,37919994,21528400,111242100,54630500,24148400,16320500,213976000,28487900,3054400,13998000,5453100,863740000,5746073,58768400,12543000,13263600,61928192,24030000,2070300,7768300,21310100,5015200,38202300,3293500,1514200,2627900,19808474,23524900,17656400,3852000,30594300,12739700,3190500,3928900,2747300,105470767,13766000,4062800,7669100,120252000,3389700,14349200,12209700,7889200,25448600,7720400,1897000,2677600,55406300,5608700,55577900,44764500,9386100,47287300,4091700
2018-12-24,148676800,5097900,,4026200,2305400,2940500,1762300,10464900,62933100,2205100,1968500,144400000,880200,28494000,3190900,3435300,64859100,9680000,499000,5020600,4005000,21970800,2986600,1501100,3631600,2589000,3872300,14288624,1211000,3842800,2031700,4721500,24069400,6314200,5619500,3515200,1444700,3495898,7133000,1361200,2752700,2556900,850600,1013600,3719800,2773400,339700,2060700,5799373,38709500,9724400,2935200,14608516,6162600,3958000,9110200,36360000,3783500,8496000,4547400,3011967,3997184,1485700,19241600,2041800,7531900,17009300,1700200,10733700,2086800,3284000,1515400,3121700,13052000,4351900,2400900,3102200,6641300,22066000,299700,2690402,9548700,4508800,11565833,11444400,43935200,23771800,6630000,4266700,95476000,8551400,814500,4482000,994100,463840000,2456986,17230400,4131100,3354000,19778205,7396300,677500,2049500,6647000,2322100,8275000,1390100,463800,605100,6793611,6323300,6655100,1065600,14037400,5339800,1176600,2034000,998300,54429772,4140400,1715000,2581800,83398500,1305900,5621600,3091000,2728300,8617700,3265100,681600,1158200,15077200,1128900,18049900,18330900,2810600,14262800,1551400
2018-12-26,234330000,6225000,,7576500,2488600,5897900,2461200,13325600,108811800,2868200,1981500,208236000,1218800,36741000,5383700,4843400,100877800,10340000,873400,7158200,6578000,32005600,5093700,2234500,7955200,5037100,6616200,24452652,1827700,7263900,3268800,8110900,33335900,9480400,10779400,4576100,2267400,3092750,9422800,1782700,2616900,3257300,1492200,1624400,5450900,4488200,594800,2643400,7592110,58810000,19614900,3503100,27092394,8824400,6692700,12490400,46318000,7054700,14755100,6141500,3650052,6951507,2884400,28677600,2652600,9253000,22542900,1664000,14342600,2591500,3792400,1797600,4335100,32388000,5261400,4065500,6066000,8640100,39723400,1043400,3498898,15019500,6036400,14074011,16814200,51634800,45711000,8393600,5665200,144027000,10019200,1635700,15253500,1776600,695100000,2070708,21428900,7171400,4537000,25437131,8630900,926400,2593300,9326100,3493300,18451600,1594000,832700,914000,11301604,16646200,9391100,1957800,19950500,5686400,1542500,1992400,1937900,75985949,8182400,2067200,5088100,122446500,2041200,8075200,4159300,6259400,13499500,5828300,1024000,1638400,17970500,1835100,27770000,30084900,5029800,24887700,1869700
2018-12-27,212468400,7272800,,6713000,2684100,3931100,2161200,10920200,111373000,3137900,1641700,194440000,1386800,37507000,4226600,4341100,91575400,7912500,784000,7386800,7353600,28573400,4599000,1690600,5078900,4623600,6546100,18626192,1847200,6131000,2705900,7967700,28404100,8673300,10655100,9444000,2457300,2977130,8201400,1901300,3081700,4261000,1039000,1449600,5717000,4305200,569700,3272000,8850265,49813000,20161100,2880200,24993253,9548200,8036100,13653000,45996000,4973000,12775500,5069300,3447826,6323698,1997600,29970700,2253600,9918700,20304700,1521000,16966500,2867000,4101600,2201400,4700400,18137000,4695200,3934500,4619200,11149900,31202500,681300,3359564,13388800,5766200,13577154,13897900,49498500,39858300,9961600,5537300,122352000,9004900,1252900,14687500,2062600,637044000,2161008,19048700,6814700,5175900,28894672,11360100,749700,3251700,11009700,2737800,15804800,1278500,690200,1016600,10412081,11308100,8412400,1804200,16779100,7048100,1661600,1572700,1623500,77548269,6101500,2067600,4353500,128626500,2067800,5882300,4295800,4335500,10883000,4872800,1022700,1485000,17531000,1960500,27005300,29644500,4759500,22077000,2244700
2018-12-28,169165600,6037700,,6209600,2015600,3160200,2027000,13042900,109214400,2477500,1740000,176580000,1324400,28702000,3225100,3725200,78693800,7025000,619100,5420600,6441900,23176900,3813500,1575600,4797200,2820300,5655700,17318797,1315400,5053700,2037800,7276200,22447300,7627600,6445400,4643500,1597100,2827783,7620500,1386900,2447500,2733600,841800,1004200,4261700,3325200,569900,2190600,6978455,47331700,20165600,2876700,25388083,6785400,5779600,8678000,34398000,4110500,8990100,4552000,2927511,5352905,1617500,24758700,2120700,6537200,17963300,1256800,13218200,1586100,3984000,1983800,3825300,22876000,4830300,2896800,3807800,7463500,22627600,733000,2764434,11424300,4563500,13180696,12854200,38196300,29873400,6924000,5419500,109928000,6197000,1272100,12210500,1860400,628728000,2043566,39141200,5029100,5410300,25480977,9611800,760800,3606700,8260000,2248900,12749600,1704400,522200,832600,8925413,7711900,6725400,1665300,15785500,4722700,1408000,1135300,1245900,66978909,5045200,1728600,4098300,149085000,1897500,5022200,3312700,2972200,7381300,4265700,1294700,966700,14771600,1757200,23635000,29622000,5728300,19710600,1797300
2018-12-31,140014000,5722100,,6094300,1826400,2866400,2203300,9697100,84732200,2764800,2044600,139090000,1065400,26590000,2821100,3557700,56257300,7005000,612300,5451900,4434600,19317500,3455200,1375800,3970700,2871000,4271300,23061284,1459600,5290800,1729400,5467700,20581200,7627200,6309600,11807900,1954600,2233778,7241700,1024900,2240100,2942400,1199400,978300,4149400,3571100,384400,2281300,6006028,57816000,16811000,2175300,22610937,7584000,5292900,8455500,33110000,4550000,9885800,4206000,2334094,5212009,1728900,20490400,1870200,7409900,13237200,1044600,10576300,1853900,2731000,1184900,4034100,15972000,3658500,2482600,3148200,9114100,24625300,603900,2158062,9726400,4357900,9687502,9518100,33173800,21392100,6417600,4149100,135089000,5519100,1111700,8277000,1681700,465140000,1816526,14932600,5126200,5019100,20534028,7239500,830700,2311400,6663800,2580600,8877000,1879200,680200,610600,7049281,7689800,4546400,1544400,19349800,4394000,1225400,944800,1186200,69988626,5582300,1640000,3112500,94534500,2169900,4113200,3123200,2656700,7976000,3817800,678800,1375400,15331800,1421800,16544500,21017400,4485400,15807000,1485200
2019-01-02,148158800,6908400,,8737200,2059300,2784100,2679600,11106300,87148700,3009100,2030600,159662000,956900,30346000,4175400,3292200,71836300,7815000,926800,4802100,6336900,21646300,4783200,2127700,3926800,3478200,4559400,18107417,1771500,5735400,2143100,4783900,23833500,7322400,6384800,6378000,1987700,2703929,9723500,1411800,2857400,3176600,1429900,2180300,3341800,3863000,664600,2766600,7574585,47494400,17940900,2125700,26991297,7839400,6478900,7662300,31868000,3999400,7805400,4242900,2924116,4434935,2274300,18774600,2396100,7631700,15670900,1225000,11603700,1716400,4247100,1064700,4198200,17126000,4294000,2571500,5305000,7300800,28146200,647800,2960339,9412800,6608000,15120125,10648000,35329300,26004300,10549600,4094800,116795000,6762700,1637900,12807500,2707300,508752000,2567306,14320400,5355300,4835400,26430315,9843900,1097600,2476100,6471200,3147800,9896600,1352200,599600,948300,9361752,10094000,5835100,1522500,15926100,5756100,1439900,1362200,1750000,52025256,5939100,2725100,4418600,174879000,1947400,6478800,4063600,3297300,8788000,4271900,1062000,1465400,13969700,2328100,20295200,24458100,4476100,16727200,2665600
2019-01-03,365248800,7653200,,10570700,2801300,3663500,3063500,21580700,117277600,3973900,2467400,139512000,1114800,68580000,4776600,5705600,66599600,11130000,781000,8540600,10488900,21183000,6165800,2288000,6128200,3614700,4156100,30676677,2274100,4727300,2877700,6365700,29606700,7001800,6496200,6264700,2047200,3631145,10594700,1511600,2959700,3747100,1238600,2156500,5843100,2961700,779700,2803500,6607906,39172400,22417600,3033300,25654795,14631300,6359800,11618300,41960000,4060200,11693600,4810500,3378224,4546648,3066300,32267300,2799300,8654500,16286400,1868400,14714400,1775500,4203300,1165600,3798900,21111000,5070900,3728200,9572200,7454600,22717900,717400,4016407,9835100,6290600,13910628,13034500,42579100,29145500,9260800,5763200,149696000,8007400,1703900,12344500,3321900,705552000,2740270,19868700,5465500,5975900,28503533,9820200,1281800,3606700,6178200,3182000,14422200,2807800,750200,1190900,8884258,14390100,10236000,2587200,20007900,9405500,1559100,1569500,2320100,49787166,5887800,3125000,3390700,104478000,2301100,11667500,4623200,2705000,9428300,3300800,972900,1690900,19245400,2369600,22262000,24831900,5287600,13866100,2390900
2019-01-04,234428400,8910600,,8299100,2296400,4043400,2857500,15631800,111878600,4193400,2530000,183652000,1082200,54248000,4637200,4448800,83829100,13525000,647800,6611200,8072500,24205100,5456600,1591300,4568300,2936200,7087600,24374335,2250800,7700100,2761600,6650600,27515000,7214800,7952500,4567300,2549100,2883958,10122800,1474300,3278100,7254400,1238600,1787300,5663500,3874200,543700,3801600,7767921,43039800,25597600,2938600,25056937,9639500,6326100,10784000,46022000,3788300,15701000,4762600,3802200,4683779,3760600,35447300,2759700,8831700,16935200,1692200,13013700,1801300,5795200,1443800,4107400,21270000,4452900,3194300,7479400,7770200,29002100,820200,3582140,10464000,6297600,14753115,14371600,44060600,28557300,10848800,8622600,193301000,7844200,1127800,10978500,2662400,585620000,2569474,20984000,6367400,6293900,27145348,10565700,956900,4063500,7220700,3307200,14177300,2261400,1207600,1045000,10083317,12694400,7058600,3172500,19506600,5680700,1056100,1946800,1785200,55703858,6325000,2865400,5490200,110911500,3610800,7707600,5367600,3347300,11065800,4364500,1146300,1874500,17035800,2673200,23343600,24087300,5535600,16043600,3383500
2019-01-07,219111200,7281500,,9503000,2315600,3638500,3218400,13868800,107157000,3032500,1708000,159864000,1349500,53433000,3289000,4030300,57016300,8370000,714500,5423000,6473900,20634100,4653400,1431300,4694900,2340700,4575200,27934914,1544400,6272200,2226600,9064800,19488100,8908100,5712700,5009200,2947400,2657794,6714700,1382900,3060200,6611300,871400,1485300,6251100,4453100,730300,2342300,10576968,40729400,16813100,2989400,37493322,10504100,5695600,10722300,47446000,3152100,10997300,4928800,3124221,3923755,4822800,22736800,2177400,8404700,15430700,1333500,13135500,1830200,7749600,1465200,4885000,13940000,4219200,3283000,5781000,6095300,20089300,689600,2585991,11432900,6333100,15795142,11812400,35656100,44841500,9478000,4868600,186201000,8184800,1388500,9124500,3021800,709160000,2815915,17967900,5771600,5220300,20995469,9012500,922400,2952800,7807200,3474000,12352000,2150300,959400,864900,8314601,10337600,8543700,2589900,15736900,5397800,1571100,1820500,1617600,54377872,8441300,2931400,4786900,113268000,2501900,5023900,4133000,3795700,12928000,3833600,1177800,1294600,16349000,1643800,21858000,23369100,4208100,10844200,2360800
2019-01-08,164101200,7478300,,8905100,2647800,3685900,3605700,12485300,121271000,3290300,2502700,177628000,2100300,36795000,3227200,4736500,67339400,16310000,642900,4476800,10263700,18840100,4202600,3250600,5776400,3097300,5614400,21810227,1596000,5774900,2366500,9057300,22071400,10335000,5674900,5453500,3124800,4116298,8730700,1771600,2350500,6468300,1092400,3164700,3952900,3437800,680800,4316500,6458593,45644000,22809600,2610700,30669237,7527400,6609400,10532900,35414000,2692700,8621700,4722400,2796902,4982726,4845700,22749200,2241600,9351600,13578800,1847000,15420700,2207300,3428900,1791400,4663500,27463000,5069700,2941400,9193600,11029300,26263800,663800,2965841,10725400,5884800,11896686,11398200,31514400,33434100,10599600,6457200,153592000,8809000,1082400,8046000,2835600,786016000,2882479,16255700,5420100,6407700,19677231,9551300,1086500,3482700,7257700,2357300,12110000,1882300,963500,924400,5951282,10809700,7784700,1773900,13070200,7246200,1616000,1426700,1499800,57683105,10044300,2876600,6052700,105127500,2402200,5863500,3618600,3034300,9243000,3087700,973400,1653200,21424600,1794000,19702900,21602700,3128300,11439000,2250300
2019-01-09,180396400,9971900,,6091000,2181500,3594200,3100400,11757100,163944100,2869700,1797300,126976000,2292400,52971000,2954500,4213900,69707200,19657500,640500,3607500,7518100,19359100,4865600,3213600,4083400,4118500,6284000,17120122,2993000,8350300,1862900,5445900,22640000,14981000,7097000,3986300,3134300,3401597,5931900,3241800,3264400,4178800,902700,1458000,3662600,4739600,1024800,3184000,8783530,48404900,20616000,2750900,24268716,5770000,4521300,9917600,26998000,3321400,10328500,4922000,2114467,3800850,3301900,22554500,4309200,7403500,14230300,1471900,18032500,2099900,5820100,1235900,5692200,33367000,5471500,2680700,8838000,8532700,22205900,541000,2587666,9824200,7195800,11916284,9223000,32280800,54147900,7047600,5259700,133432000,8591000,727700,10480000,2145100,617260000,2389699,19100200,4515800,8521300,20107580,15015600,1050700,2609000,5924000,2588600,10971000,1454000,615600,678100,6726873,13080300,5166100,2947800,17909200,6687600,1022700,1280100,1216200,58660217,8048300,2989000,4498600,81493500,1765800,6909400,3425400,3678200,9987600,4280200,887300,2298500,18136000,1911400,18837700,18816900,3625600,13473500,3158400
2019-01-10,143122800,6527700,,8051200,1836300,2704600,2285100,7573600,115629400,3131300,1986600,130154000,1502000,29594000,3523800,5358100,65235800,11492500,487100,3627700,5123600,16910000,3418500,2277000,3918500,2646300,3983100,17786463,2585100,8811100,2340700,5116900,23277600,15503500,6078300,7266500,2693600,1889851,6160100,1942300,3758000,4745600,957200,1705500,2836400,3480400,1033200,2261300,6189129,39490400,19481400,1958500,23441412,5715900,8279800,9143700,26598000,2808700,10433500,3605300,2280832,4089860,2758600,27202600,2943000,6224400,14376100,1131000,15976600,2093900,4282300,1842500,4494000,20094000,3693600,2498500,5767600,7680200,16125000,486000,2319403,15910200,8083300,19134070,7560800,30067600,24437400,11384800,5008400,134725000,11148600,1063700,8189000,2042400,523156000,2178449,16652700,4983200,7905000,39731162,11102300,723500,2524000,8988200,2323700,10958200,1670800,949300,1667900,5368119,10397600,5205500,1305000,13299600,4634900,1563400,1406100,1015700,42388654,7279500,1885700,3230800,90846000,1637200,6748500,3374100,2432200,12514900,3818500,775600,1988200,14259900,2488400,16208400,28188900,3903700,13151100,1837500
2019-01-11,108092800,5318100,,6583000,2004100,3179500,2244000,6449600,85110800,3379700,1878800,93724000,1047300,20158000,2770600,3158900,63476000,8280000,706500,3535200,5494500,23087500,2908600,1482700,3060100,3923700,2616900,20445427,1326500,6018300,1861100,5185200,17378400,11396300,4491700,5615400,2039000,1745806,4819100,1180100,3082400,3757600,703900,1432400,2250700,3206100,433600,1676700,6705345,41559900,21532900,2836400,16832625,5663100,7417400,32257100,30864000,3182700,11392400,3285100,2005714,3893630,1647700,21751300,2971200,5300400,15439900,793300,11088600,1380400,2648800,1157800,3682100,22813000,2500100,2348900,9098800,4755400,12908000,560200,2822440,11219900,6863900,9878029,8191900,28314200,30469800,8860000,3821500,195004000,10689900,668200,8230000,1619900,874764000,1435512,16397400,3894600,5939000,21064506,7166600,957000,2154500,7150400,2102600,12024300,1305600,758000,1361600,5759807,13805700,4217500,1699500,13330500,6137000,1470600,1018800,1116100,38308086,5301200,1369200,4177300,75586500,1840300,4738800,3967100,5282800,5860100,3607300,667800,2222600,15801500,2054400,20006900,16183800,3491900,9790100,1393900
2019-01-14,129756800,6368500,,5122900,1484500,2606800,2764600,9552400,71350200,3378600,1435400,120118000,1047900,25498000,4120500,2476400,76715400,10980000,919700,3954300,3817400,34783400,4482300,1989200,3181600,2489900,3887100,17722230,1688400,4972000,1523100,5815500,16243600,9276000,6121700,7249500,1364900,1763515,6980600,1079700,3931000,3351500,1241400,1569600,2693600,3504800,638200,1858800,9554490,44833800,16085200,2225000,17043123,9172500,3874400,14361100,28490000,3361700,8247100,3871400,3289737,5469220,3197400,19193900,1919700,7374400,21258500,899200,11514300,2004800,4404600,1388600,2931600,32391000,3336500,1886200,6500600,10366400,20520300,638500,2289622,10563400,4772900,15669486,12336300,28437100,34612000,15355600,28513700,104996000,5677400,982700,9055500,1696100,730168000,1582366,14869400,6604000,5804600,17605173,7952000,720300,2867400,8408700,2178600,9449400,1131700,693300,934600,5049524,9929600,5815100,1699200,11804200,6328900,1093900,1396900,1327200,32395897,7577200,1613800,2691000,78709500,4607700,5060100,4955500,4731000,8666700,4496100,1090600,1962000,11342300,1407300,23827600,21255300,4068400,11012400,1592700
2019-01-15,114843600,7295500,,6306900,1543800,3656500,2279500,6593600,62785800,2859800,1597100,119970000,845700,39247000,5795100,2940900,80625500,10902500,846600,3206700,10873900,42694200,3224100,1271800,3969500,2946000,2580300,14351150,1486800,4504100,1681900,5350400,17744100,15501500,4226100,5780900,1369100,2336201,9800900,1053400,2722900,2794600,588500,1457300,2649600,2452700,721200,1814900,7082483,65311700,26038900,2165400,19626381,7199500,4486300,11999100,37518000,2911800,7746100,5016100,1954256,3668845,1604100,22480800,2603700,5194400,26504900,764400,11342900,2110700,5097700,1193500,4922000,14539000,3783000,3860200,4740600,7624500,24069000,517900,3273811,10655000,4285300,13102096,11737000,31587600,30633600,9261200,15514100,211812000,6212400,965400,12589500,1689300,617012000,1305893,12142100,4499700,4508000,25865371,7834500,979400,2148900,6639200,1953500,17423400,1452700,475100,1257100,4444751,7930400,6481700,7717500,9398400,5433100,1462900,1455000,1700700,35397670,6105100,2375800,5366700,90849000,4232000,4690800,5325600,4777100,7594900,3341400,744400,1330500,10058000,1319800,27447600,21174600,3072400,10298300,2277900
2019-01-16,122278800,4927000,,6357300,2677100,2885200,2727800,6778900,70849300,3302400,1495200,127338000,1151600,24484000,4701900,2731100,163131700,12592500,1331500,5069600,5535800,27628900,3636900,1483500,4697800,2911000,3017600,22234680,1097200,5402300,1455000,3936800,17262500,13551200,5624100,5575000,1457300,3163476,5899900,966200,2279100,6613100,623200,1283000,2644300,2800500,620800,1791900,7811383,73869900,22312700,2342800,17583057,6142300,4905600,17427400,38280000,15194200,10084300,4075400,2384385,4017791,2888900,19057700,1886100,6264200,18533000,1134500,16907800,1382100,2920600,1324900,4579200,19124000,3546300,3375600,4447800,6464600,18025700,679400,2980552,13711000,5277900,15272504,30530400,29853900,24890900,7059200,8730200,153855000,5697100,668700,7255000,2633200,470104000,1887631,14114000,4484500,4953500,30169380,7964500,847400,2070900,7360400,2316100,13856000,1169400,468800,851100,6177238,8091300,12599700,3243900,12481600,5475300,1359800,1995300,1792600,32430586,5984900,1671800,3261000,70375500,2150800,4559500,6069400,4463400,7258000,3957500,1025900,2251200,13411700,1404200,32026400,16230000,3397100,12595600,3880600
2019-01-17,119284800,6438700,,5427800,1814700,2836200,1779100,10260700,85018400,2440200,1322800,84178000,1898900,35154000,5693300,4270400,107428800,9080000,917200,4161000,6405200,22728900,6878500,1488500,3157800,2536700,3549400,27162832,1543400,5997400,1517100,3743200,18826200,12599200,4442700,4184300,2155100,3487889,6392000,1096100,1895700,4283300,1064300,1199600,5191200,2670800,490200,1440300,5801476,56722600,23115300,1789700,22074822,5224500,4664400,13060500,24896000,8177000,12746500,6499200,2734621,5261275,2545900,17448700,2963100,7632000,14247600,1853200,12044600,2176500,4401900,1242000,6947600,18445000,2764100,3061000,4357400,5860400,15787900,579000,2366764,13407100,4533100,16969321,47037200,28393000,29398500,8200800,5386400,188712000,7737300,1438600,10746500,1926400,493436000,1358215,12711200,4767500,4612200,24177284,8044500,712600,2432400,7974500,3069200,18365000,1059200,860200,1129300,5079239,6767100,7783200,2452200,13889800,3578600,1183100,1178600,1164200,34777508,4114400,1799000,3357400,55150500,1602900,6872300,3583600,4004300,5864900,4056000,870500,1605900,15223900,1648200,25738800,16843500,3164500,10141700,2711400
2019-01-18,135004000,6190000,,9404500,2470500,3711300,2437900,11332700,88131000,3095000,1763000,120410000,1447300,34634000,9872500,4256500,97928200,13815000,1031800,5941200,9464800,19947300,6122400,1907600,5684400,2521400,5200400,24188890,1528300,6073800,2115400,6151200,24416500,15600000,9382000,4149700,3879800,3556584,8554700,1180600,2842600,5403600,1202000,1581200,4507800,3299500,638100,2472300,6759603,51127900,31366400,3072100,19350175,8358800,5564800,10494100,44892000,5650900,16457300,6371100,5752318,6284891,3166000,29874600,3112800,10593000,16428700,1516400,12760700,2494800,8887000,2073500,7206500,37802000,4866600,3498000,4886600,7616800,31029600,627300,3284934,13831400,5745800,14980741,20614400,37427600,44872400,7414400,8021500,266210000,10404100,1507000,9653000,3000500,651336000,1743461,15930600,4596200,5142700,38618455,9100300,1200200,2389900,8715800,4014900,28020000,1877500,710400,1490800,7366763,9835200,7954800,4287600,26638600,4015400,1251700,1424200,2022000,57261808,7061600,3125300,4766500,362262000,2567200,6677500,4844800,4249100,10263500,5110700,1499600,2150100,16802500,1921900,36380300,18361800,3451000,15759200,3059000
2019-01-22,121576000,5664600,,6541600,1950300,4155500,2275300,10047400,78513700,3173100,1503900,128336000,982900,37156000,4699800,4336500,84861400,18950000,905600,5397700,5865900,24608700,5188700,2322300,5848400,3701000,5542200,35051910,1677500,6915500,3310800,5203300,21338400,8492600,7242000,5481900,2076500,3026762,6986700,1942400,2693600,4474700,956000,1344200,5795200,4390200,858600,4081800,7380969,47182600,26656300,2105900,22571396,9827000,9260500,12134400,39632000,4648500,16986900,6272700,3391487,10514810,2757800,25940700,2185500,10568100,17083700,1548500,11700400,1699100,4377500,1885100,5950000,37249000,4457700,3190300,4674000,10983700,22378700,731600,3240682,23885200,6166300,10568766,20202400,32371300,37021900,8654400,8188700,179414000,8781700,531300,7532000,3052100,661552000,2012297,13318700,4140800,5298200,29444122,13518500,756500,3443400,10288300,4733500,17867500,2066400,899500,1248200,9039980,16414300,9036600,2798700,21523500,5292400,1192600,4011400,2400500,49859854,8387800,2007300,2971200,181000500,1534200,11068600,4052700,5593900,8102300,7603000,723400,2003900,18284800,1770700,33975200,24189600,6609100,15035600,2782900
2019-01-23,92522400,4969300,,10196300,1989400,2031400,2337800,9560200,77811300,1917500,1700200,104504000,1358800,31771000,3585100,2924900,79425900,10947500,660100,3705400,3862700,16819800,3123600,2558000,4373200,2241600,4038100,39103736,1317400,5938700,2220200,3335400,24770400,9101400,6082300,5005600,1780800,2142862,6845600,1468400,2629400,4085900,686300,1307700,2989300,2679100,667100,2593400,6477240,45196900,25720300,1853100,15104193,6952600,5208600,7752800,25194000,3410700,12503900,4910400,3147244,23078630,1743800,18960700,2279700,9267800,12146700,1361700,12058300,1569500,4012100,1631000,4842300,35068000,3086100,2530700,4922600,8414000,20098400,814300,1976868,15006600,4357700,14369233,15583900,25874300,31011600,9089200,8544500,134801000,5823000,1027400,7926500,2165100,591020000,1809922,15551200,3730600,5197400,24462813,22869000,908800,2507600,6260800,2542400,33788600,1505900,914000,922700,19960859,12372400,6993100,2224200,13765800,4754800,1299800,2519300,1177000,36879490,4649600,1945700,1979500,187950000,3736200,10298700,2971100,4573100,5465800,4507500,1440600,2043000,15109000,1631000,16806700,25037400,2956100,13187200,2073800
2019-01-24,101766000,8372600,,6437600,1947100,3643000,2047300,21529900,97433400,2390800,1275900,81798000,1007800,35999000,3415900,2801300,59492300,17392500,838400,4074800,5939700,14962200,3943600,2990300,4879900,1923200,6024300,43146172,1466900,5789900,1994400,6734700,17360600,7039900,8470700,4967200,1602100,1873382,6716800,1346400,2504400,3167900,793500,1746900,2974400,3128900,492600,2997500,6222497,79516400,66363100,1630100,18848780,7750900,4700400,7809100,29114000,2631800,11264500,3860100,2872339,6613753,2277100,50578300,1964400,9917000,11296800,1843700,10272000,2528000,6946200,1017500,4047200,134214000,2792000,3214200,10098000,9214700,20955500,555000,1893029,27841900,7318600,21986621,13421600,23164800,65094800,9812800,6683400,111316000,4753200,858400,6759000,1884000,708972000,1741810,11442200,4035100,4478000,34394023,12146400,789700,1846200,13249600,3194000,32782700,965800,655100,946500,14356933,29719800,4317700,1858800,10990900,4812200,1345400,1684800,1209900,32297391,3776500,1672500,2849800,120183000,1874900,14260300,2927300,2807000,4924800,5093700,1322900,1825300,12494100,1453000,17862100,22829100,2887300,11272500,2883600
2019-01-25,134142000,21308600,,4824100,1742800,3822300,2682000,17553400,110239500,4383600,1482100,98918000,2060000,30333000,3488300,3185600,72182100,12080000,573000,3823300,3919200,15827200,6417400,2449500,3172800,1988700,8478900,26887867,1508500,4504500,2252300,4600800,24196600,8625700,6261800,5621600,1826400,3158964,5706900,1876600,2472900,4167700,722000,2004900,2060600,2417700,760600,2733600,9430413,53098800,36134500,1968600,23434130,8809600,7013900,8842600,23260000,3275000,10357300,4501800,3401884,5969940,2573000,86455700,6068400,7585100,14369400,1842000,12066500,1242700,4599100,1050400,4750900,71585000,4677500,4405600,5853600,5888400,22237200,696400,2774840,14265700,7914700,14054099,13422700,31225600,61032300,15254400,10288800,111529000,4457100,966300,7126000,3417000,1154572000,1960078,16656600,3474700,5074800,35862455,10618000,1103900,2598000,5211600,2044800,19516200,1214100,668000,1053500,7375185,21885800,7786800,2723700,15921400,4862400,1228400,1070800,1467200,40353402,4996400,2003300,4940400,108744000,1815900,11041700,2809100,3445500,9756300,6462100,868000,1404800,17800300,1938900,20183400,21654600,3463100,8996200,4021400
2019-01-28,104768400,14718800,,5942500,2046500,2110400,2159200,12459600,135164100,4186200,1180500,96754000,1364400,31320000,3185400,3128900,59963800,9695000,640400,3718000,5259000,12683500,17421400,2026900,4511100,1510100,5768200,28229619,1100300,5942800,1999400,4054700,18296700,8642000,6886600,7980300,2199400,2369364,6178800,1454200,2079100,4339500,708600,1316600,4324400,2953000,466600,4635700,4984951,42116300,54798400,1355500,19120938,7120000,3552900,11384400,29334000,2369600,10076500,4091400,3690476,5604154,1412600,35928700,2828700,6927700,12283100,1682900,9966900,1422500,3590900,1166400,3631900,45139000,3277200,4138700,5291000,6437700,15508500,791000,3775294,17772000,11002700,13376672,10396600,29476700,44213000,11976800,10985700,86521000,5452000,761900,9652000,2963200,2511528000,2117664,11799100,3795300,4055900,39329694,9765600,859000,2246400,6605300,2349500,24457600,1470700,761000,1280100,14161009,11537700,7852500,2150400,11225300,3927000,1432800,1763800,1927300,41081866,4803000,1799200,2958100,96349500,1599700,7292700,2837300,3126200,9857200,3662000,758300,1513500,25955700,2679000,19913100,17627400,2412000,13678400,2471800
2019-01-29,166348800,13909000,,5981600,1963200,1937100,2439300,8754600,131202500,3182100,1849700,92656000,1354500,27870000,2827400,3202700,51451900,5307500,602800,2815400,8032700,13472000,8550800,1788000,3152200,1575300,4593100,20606224,1345400,5308800,1636500,3915100,14470100,7293600,5359900,6100500,2199700,4098137,5253700,1441700,3625500,3961400,887600,1442000,3200200,2873300,352100,3605200,7206420,30485000,38234100,1090200,23885070,6989300,3431900,5745200,19704000,2694100,6375500,3686900,2572395,5268807,2140600,20988300,2528100,6669300,9743300,1839700,11998600,1558300,3767400,2037300,3125500,34212000,3661900,3666700,4085800,7462500,17632100,838500,5156076,16785500,5922800,11966693,9916400,31490500,30331000,7924400,8387900,76552000,4187500,1555000,8167500,3435000,1153932000,2079170,10838600,3887200,4301500,51376808,9769800,817100,2977600,4798100,2056500,26266600,2305700,724700,2420900,17208552,10703400,5303300,2018100,8097500,5205000,1817200,1220800,1823100,41497735,4362300,1736800,2340100,69325500,1569700,6153100,2173000,2209000,7457700,3949600,1191600,1024500,33789200,2134700,11927600,15760200,3156000,10513200,1842100
2019-01-30,244439200,9277200,,8145000,1679400,2482900,2449200,12546200,211421200,8089100,2159500,115676000,1037800,28727000,3501500,12705300,66475800,7512500,869900,4519900,13212500,15929600,7181600,2357800,5488900,2719500,6663900,24193158,1547300,8087400,1589800,4653400,18329300,7340600,7941700,5566000,1988800,3973831,7853800,1316200,2215100,3797800,729700,4478000,5843000,3000600,400300,3652000,5308673,29906100,37813200,1562700,18035624,5113400,3140900,11033000,29452000,2773300,7975800,5197700,3302681,4707941,2617600,26931700,2197500,7299300,12526300,2493900,12952500,1113500,4362900,1781800,4965900,38807000,4079500,9489900,5543600,7714100,44613200,688400,2593048,23371900,5745700,13941230,12347900,49471900,32848100,8345600,6900700,92345000,5200200,1346900,21257500,3529200,974228000,2099914,13483800,3894100,5023800,36067880,7750200,1254700,3085000,6093700,3093300,18124100,4819900,867800,1867600,11627984,11702500,7874900,3128400,7961500,3556200,2389700,1215600,5426200,123070434,5408000,2539400,2318300,168754500,1369200,6430200,3659000,4013000,8078100,4688900,1348900,1385900,27260000,3195100,16885100,35547900,3221500,11524700,2097300
2019-01-31,162958400,11563900,,10421900,2115600,5007200,5718900,11588900,182575600,4397900,4046100,218206000,1305600,21063000,4302100,6878500,100201200,7872500,750100,8676200,10807100,19442600,6643300,3463200,3763100,2894900,6182900,33369892,1824200,9927700,4341100,8615900,23693600,10883200,11225600,8457000,3118800,3258115,8351600,1495800,6869400,4148200,2186600,3410500,6009000,2500700,591400,6272200,11248667,39389100,31833200,1865100,72747847,8343700,4730000,11219300,40232000,5604500,7494700,5138000,3685490,5108664,2554500,43051300,3026700,17298100,17520600,2217100,32181500,1645900,5746100,1311100,5400500,30481000,11316200,10440100,4467800,15658000,77233600,1316800,3992726,23635100,8782200,16797658,11163400,55636400,34130500,12519600,8441500,85355000,8599200,2021800,55998500,4474900,842852000,6468782,20403600,5914100,6183400,40927452,16044400,1850800,4867600,8512400,4044500,24736300,2551900,1441800,1391200,9663345,24233300,8322200,5006700,15458100,7149000,2544400,1624000,2909600,69082348,12254500,2218000,5816100,188538000,1684000,8272300,4055100,7327400,20095700,8796700,1538300,900800,28585400,4277400,24934700,44169000,6841500,19876700,2620000
2019-02-01,130672400,6759500,,5016500,1957400,3033300,2630700,11091000,105356200,2488900,3446200,230124000,1102100,22878000,4727800,5625700,64244100,6955000,585900,5992600,6005200,16991700,5646700,1982000,3032900,5566700,5314500,19966024,1495900,7486400,3453700,5959200,16266500,16742500,10934300,5090100,1704300,2919377,6557700,1279500,3207100,2890300,1221900,2444200,3806800,2614700,646100,4160700,6813440,34124000,24240200,1812500,33002372,6502100,5061700,8040300,33116000,3174200,7776100,4513100,5874227,3981076,2589600,37442900,2147700,9575200,13000800,1443000,19130100,1324300,4171500,1358900,5324100,28917000,6470100,6529200,6895000,13278200,30806500,941200,2678322,15596800,5216900,15941757,13322100,35535700,36839900,8934000,6208800,98278000,5351900,1581300,17760500,2904000,625048000,2185260,14849600,5387200,5010500,27239681,12720800,1287600,3646100,7805500,2618100,15533200,2042400,702300,1150900,6572581,10309200,6323300,2394600,8583700,4216100,2204400,1147300,1546800,54384889,9875400,1622500,3117900,109251000,1545300,5615000,3946800,3526100,13248300,5136100,1937800,892800,13778000,2269600,21123500,37775700,3570900,22968700,2111900
2019-02-04,125982000,10205600,,5278300,1666100,3705100,2757600,12458400,70843800,2930900,2846800,98582000,754600,20761000,2578300,4256600,55195900,7987500,534800,3730900,6794000,11515500,4541700,1915100,2468800,3346300,3612600,24423950,2399200,5593100,1630300,5264700,15743100,7151900,7987900,6226500,1907900,2177717,7037000,1149600,3301800,5982500,852000,1181100,6672900,1788400,487600,2862300,8991867,28855600,21269300,1694700,21543088,6913800,3462400,9960000,78408000,2400200,6164700,3050200,4979061,4149064,3107700,20905000,1296900,7759000,9871500,1499300,15105700,2106500,4518400,1328900,2801400,17386000,4397500,4533800,5959600,8774900,20036000,666100,2360426,11725800,5553700,11824165,8715300,31315100,30851500,11302000,5382900,90514000,4236600,1316000,17998500,2545400,528592000,2972779,12221200,3250900,3665000,19426485,11887500,690300,3715700,5362200,2758500,10880000,1402600,474600,1667900,7857128,13562400,5377700,2223000,12786700,4306300,1531600,1502700,1376800,51681413,5626800,1200500,1926200,110281500,1675000,5761200,3398900,3184700,11882700,4448500,1239400,1482300,15818900,2177200,17547800,21805800,2968900,15483800,1977000
2019-02-05,144406400,7965500,,4302400,1985700,3042000,2658000,13240200,122226000,4933300,1671100,89062000,1140500,22619000,2231200,7230400,46622600,12197500,523400,4243700,11034200,13310900,3614500,2352900,2983700,4061100,4255300,26011860,2605300,4483900,2074500,4575600,16946300,6763900,6887400,4041200,1574600,2898847,13619800,1634600,3464300,11931400,2036400,1399900,7144500,1978000,527700,2497000,7111365,26166800,18497100,1670800,21455283,14500600,4625900,12158000,82296000,2601000,6061500,4135200,3143425,5647249,3217800,31641600,1730100,6449800,12763000,964100,12651900,2358600,8832400,1454800,3667000,24743000,3091500,4495900,6837800,5776800,22557000,732100,2436132,17882100,5403600,12955690,9971500,27325400,25094000,7956800,4709300,90466000,6545600,841400,9524500,2355100,542424000,2389699,13345500,2916300,4593400,21127641,9772300,828200,2558800,4760000,2849300,15454200,2070000,629600,1409200,7192132,12781600,11507300,1850400,10662700,5116600,1322900,1420700,1261800,38762616,5408700,1626100,5001100,101142000,3601600,6372200,3597000,3690400,8455700,3918400,1694400,1643500,14124600,2089500,14784900,18299700,2775700,12786700,3263200
2019-02-06,112958400,4907200,,4851900,1375100,2539100,1587700,21058100,78684300,3322400,1422900,78798000,1533500,27064000,3595700,5356000,35606900,6075000,424600,3708800,11376600,13774300,3098200,2007700,3296100,2268200,3474600,21721239,1643300,4071300,1618800,4205100,18160500,6494600,4990400,2893800,1660500,1802206,14229000,3407500,2467400,30198600,1142600,1755300,5068300,2723700,732600,2475000,7175716,32644300,18136700,1485300,25140965,7580200,3527100,16883000,48256000,2063100,5471400,3072500,3339179,5104166,3572500,21647800,1517100,5066100,8745000,1993000,8689100,1124800,7421000,1114300,2952600,33794000,2698000,3965200,20278200,6653500,13281200,722800,2000190,8815400,5484200,8375721,9744000,20609800,47472600,6647200,4864300,67177000,3682800,888500,8314000,3132500,702464000,1708682,9220900,3205500,4209400,16450410,8693900,572700,2297600,4993800,3127800,11052900,2856100,1330800,1047100,5565473,10283400,6299300,1495800,6945800,3224100,973500,1721300,950200,30356937,4790400,1033100,4334500,75577500,18945000,9907800,2570000,4490600,6146900,2783900,1636600,1915700,11391400,1831900,12145700,12794700,1904700,10866900,1968900
2019-02-07,126966800,5877500,,6863600,2109800,2099300,1871900,13395500,86723900,4188100,1113600,92532000,1157400,28646000,3857300,5211400,62289200,9065000,469400,4908700,9183500,17922400,3682100,1521400,3965600,2349200,3145300,24436754,1732200,6230300,2526600,4545500,20331200,6306600,7281900,3397700,2488100,1924819,8658100,2473700,2844600,11391300,698700,1075900,4039900,3459000,402400,2465900,9999905,55161800,25184000,1853700,22682446,6643400,4021200,15800700,38298000,2948800,9466200,2793400,3142364,4580852,5770600,27825900,2123700,6085300,13177500,1476800,10047800,1361000,7935000,1150100,3990200,21664000,2742900,4176300,9428800,9393900,17517600,1076100,2331482,8849400,9498500,9661407,12745400,29760700,40396400,8516800,4099300,78645000,4827500,872400,7397500,2769300,637120000,2343878,14905000,4421700,4227700,24248008,8732500,737200,3189100,6972400,5291500,10623300,1688800,738400,754200,7384719,10109200,6526100,1401600,12647300,4178500,1579900,2398500,1351900,50163315,5264000,1147600,7554600,97809000,7948900,7045700,2458200,3395700,10675300,3114700,1329900,1462500,12436200,2866900,24189700,21030300,2313800,14418900,1594400
2019-02-08,95280000,4598900,,6063700,2300000,2756800,1970300,9891300,78129300,2601000,1294600,113150000,855400,23903000,2581900,4570900,50031300,6900000,567000,4666700,6419700,15770800,3135000,2113500,3609500,3036100,3040100,19281757,1360000,6554900,2013700,3018700,18407100,7754000,5671000,4160900,1628300,1420716,6395500,1760300,3716600,26898500,747200,1735500,4531900,3073000,354600,1903400,12337039,38650100,23718200,2461400,24736786,5522200,3362000,8111500,21766000,2757500,9856100,2792300,4193178,3399291,3863500,18851200,1758000,4436700,12892600,889900,9813300,1557900,16195100,1021600,6217700,17042000,3248400,4051600,5673200,8905300,12561400,409400,1736353,8577800,8276500,9266940,13993900,21461100,35573200,7322400,4209200,75614000,3786500,726500,8018000,2795600,461604000,1714152,11535600,4651500,3868300,27500125,7483200,717700,2506300,12070200,4248400,12461200,2122500,692100,856400,6263679,8862000,6512100,1531500,9173500,4033100,1363600,1845200,1317700,32148838,5760600,794600,4129500,87663000,4714400,5392400,4547000,2951000,5950700,4126500,1226300,980600,12011700,1738000,20641200,18507600,2075200,11959500,2082700
2019-02-11,83973600,4803500,,4782700,1410500,3538100,3914300,9969500,60578700,2867300,1211000,66346000,1206500,18012000,2653800,3046900,47724400,8192500,595600,3600100,5842000,14614100,2648100,1233400,2310200,3930300,4212800,15750414,1086000,5200400,2376600,7125500,19363600,9654800,4859600,3481000,1843900,1860185,11086400,1800200,2428100,38704500,827900,1037600,2706200,2625700,408300,1785400,7935180,27403500,15561600,1644700,14749801,5505500,4027900,9364900,18498000,2056500,7912200,3729200,3159340,3237475,2915700,18004100,2766000,4962200,10978500,1046200,9369300,1128400,7203100,1077900,3045600,16828000,2974400,3216400,6017800,10105900,12811200,1244300,1810146,7786800,9648000,13803942,17058300,18914100,30356500,7404400,3945800,54549000,6158500,1190900,9682000,2602200,495180000,1468020,9714500,5489500,4851100,27102134,8494100,858800,2340400,7012000,4229500,9971800,1569200,587000,649300,6222365,9229700,4456200,1267500,9541800,5158600,1124500,1519900,1480400,38471865,4718300,1233000,2644100,106945500,4459000,4553000,4856200,2765300,7600100,3446600,1992300,2037000,9802800,2220800,15995900,16628400,2413400,10434800,3361100
2019-02-12,89134000,6620100,,7039700,1861300,2518400,2470300,8911900,67595400,2412400,1471600,97172000,1462300,19809000,3238600,3263300,49178100,6555000,617300,3517900,7507300,14347400,4505600,2072700,2758000,2836900,4450400,15606369,1414800,3958000,2091200,5631700,23909200,7868000,5400700,3938600,1894400,2000282,7610200,1262700,2676900,31161300,915200,1042300,2708500,3072400,346100,2658200,6463220,26235100,15617900,1819500,14005879,15927900,4349500,9725800,35036000,2392900,9440900,3773200,2816849,3469791,2608800,18050100,2097000,6262300,12852300,757000,10983300,1772000,6975500,840600,3553200,19631000,3411400,4692800,8304800,8742800,16292300,1976300,3137108,8930100,6478600,13676086,12400800,25056600,43587900,7004800,5833400,104294000,6290300,680000,11831000,2430900,591060000,1984742,14188500,3903100,6765300,30540177,11238800,1376300,3207400,6144800,2486000,16637600,1771400,636900,1094800,5624266,8848900,7018200,2229000,8981100,3926000,1905100,1136700,1372200,39705568,5033900,1189200,2630700,82764000,10361800,5316800,4327900,2881600,6090000,3083300,1858400,1316600,11227600,2729800,22033000,17643900,3126600,12599200,2626400
2019-02-13,89960800,4237200,,5696300,1952100,1899700,2779400,10134200,57544200,2166000,1195900,71206000,1095200,19190000,3182100,3078700,48951200,6932500,803500,3326900,6236600,10710500,3189600,1538900,2595500,2392100,3505500,15286269,2249500,5839800,1703000,5296000,28325600,9738200,5935900,7234100,2777700,2213136,6919700,1225900,5281400,15890000,965700,1149500,3173700,3469200,575500,2120400,6134591,27182900,36169400,1364400,20644401,9047500,2993300,6735900,28042000,2757300,7146400,4146900,2928042,4448638,2701700,17712800,1918500,7902200,10754100,1075800,12748800,1599300,12738600,958500,6576400,20281000,2996600,5283000,6560400,6595200,14205100,1335800,3548891,9106900,4141000,10980106,9528300,18394900,50101700,5726400,5427600,105591000,5032800,1254000,8387000,2166400,605372000,1654812,11342600,7206200,5528000,24757195,11587200,858300,2343700,5248700,2627100,11004000,1296400,349300,1119900,3914660,10264000,6148400,1233000,11036100,3815300,1281200,1410900,1257000,39773092,5948000,1014500,4742400,77124000,5514600,5965200,3066400,2731500,6885600,2725000,1646800,1244500,11884800,1943400,13770900,16375500,2533600,13214600,3698700
2019-02-14,87342800,3436300,,4864500,1552900,1885000,2122400,13938400,64441200,2611500,1832500,82410000,882500,16015000,2385900,2724300,47756600,5222500,542500,3627300,5203300,12855300,2877500,1168100,2443800,2363100,2501500,17080963,2898300,5442800,1411100,5061100,47598600,6988200,5406500,3642100,2029700,2535744,6324300,1740900,3987400,10547000,805600,809700,4359800,2654700,1551900,1898600,5434432,23569900,15313400,1556900,19486347,5737100,2867700,7050500,21106000,2865000,8271100,2600600,2239453,2917712,3497500,17545400,1400400,3910400,11518500,1013600,58905400,1104100,17847000,888200,3009800,20012000,2875600,4428800,8360600,7871800,12755200,1709600,2666721,7401400,4824400,8577042,10414200,21784700,41759200,6408000,7110100,92953000,5179000,842800,6523500,4712200,827264000,1234582,11155300,5701600,6359200,19864949,7930100,808800,2432800,5625500,2701500,17895000,971000,349600,1265500,5957638,9441100,6082500,1430700,9671200,4007900,1136100,1033000,866900,34220369,4613700,996300,3200300,78012000,3286400,3438800,3015300,2359400,6314000,2810600,4241300,917800,11190100,1509600,16456500,21602400,6425400,12772900,5438200
2019-02-15,98507200,6295400,,8083200,2395200,2999200,2740400,22396300,78644100,3314600,2744400,86878000,1326300,17352000,3882300,4017300,65867000,8295000,600300,5044700,10376200,17908900,5217500,1861000,3240300,2842700,5370600,16940866,3069600,5173500,2635500,5282000,30189600,10245400,6209800,4662400,7578600,4567159,8197300,1289000,4472900,11254900,1209400,1153600,3901300,3038600,689300,2233300,8591877,58080300,16573400,4730700,16347527,6214200,4188300,8582300,27826000,3065400,8249100,4997900,3224803,4020929,7395600,22520400,2044800,6665000,14716900,1401700,35701600,2573600,10366400,847700,4666100,23138000,2758500,4648600,4570200,10522200,15504400,1578700,2392478,9161700,5166300,10886100,13289700,26606900,28968400,8813200,6160000,92300000,6111300,929500,7129500,3952500,1516748000,1610849,13822200,6058100,8889500,19168993,12069100,872700,2210100,6435100,2647300,12239500,1325500,700000,702600,10850328,13924600,7000200,1247400,8174900,4647700,1727800,1106800,1802800,49237839,5949700,1718200,5711300,58573500,2401600,3604300,3673700,4273400,6536000,3929800,1653200,1408200,15719400,2907700,19346200,28443000,2859800,14330300,3308200
2019-02-19,75891200,5674700,,4503500,1656500,3475600,2168300,12353100,57517900,2267500,1961700,73634000,1074600,15152000,3692800,3051500,40841300,8460000,438000,3204000,4050700,11013900,3881300,1602600,3807400,3208200,4584000,13714685,1611000,5189600,1938100,3883200,20204500,13091900,4277800,6081000,2971500,2668848,8169600,1517100,4358600,10882700,2009800,1021200,2479300,2791500,660500,2001100,6781194,37929200,35617600,1836400,13264315,6396200,5193200,9122200,21980000,2558200,5434300,3828400,2630856,3541442,2356100,15611800,2005500,5935500,12764900,6295900,25511300,2221200,17861300,929500,3342800,15516000,2836700,4765400,3182000,7861200,14345400,857900,1835142,11662900,3836500,9653547,9401700,18038500,25575900,9774000,10131300,73966000,5105900,651000,7170500,2712800,551892000,1920965,12357500,5082900,5596100,24432985,10098200,675100,1687500,5307100,2108000,8258400,1935300,397800,475800,9680983,9208400,4977700,1780800,10039200,6270500,1555700,1013600,1356900,32719218,5057900,1099900,3672800,62526000,1857100,3188000,2486700,2658700,8406700,2031200,1181000,1823700,12272700,2152800,15121700,62091900,3388000,13551500,2251400
2019-02-20,104457600,5564100,,6316700,1942300,2484800,2218100,9575900,57091600,3046400,1612000,66752000,1789100,16150000,3840800,3990100,42806300,8055000,563300,3309300,7687500,10545000,6199000,2355300,3507500,3195800,3458600,15973417,2197700,5837100,1785600,7047200,17550900,43365600,5940600,5685700,3349200,1921661,7081500,2554600,3471200,10649100,1774900,1092500,3851400,3456300,598400,2320500,8156275,55316900,38188400,1414700,10151119,5679800,6591700,9794800,24090000,2266000,14461700,3970100,2782366,3976892,3735600,21607700,1693500,6089800,10030300,3022400,27464000,2574800,19880300,870600,3328300,21972000,3103600,3707400,6307000,10711200,11770700,681300,2247404,11133600,5470500,8993517,10031600,21607700,28048700,10203200,11737000,81107000,6436100,1025200,11735000,2469900,540988000,1567814,13440900,4017600,6038900,27354884,8947400,559700,2680200,5633000,3586900,12863700,1119600,411100,563400,10012607,9671800,8832300,1489500,8565600,9627100,1727100,1266900,1157300,32767808,4959100,1091100,4476900,107131500,6564200,3692800,2802800,3346700,5283100,3951500,1657900,1066300,11379000,2933000,16742600,52895400,5765600,12633100,2165700
2019-02-21,68998800,6360800,,5607000,1835700,2607400,1997300,7178800,49608200,2947600,1407600,69668000,1243700,13254000,2566500,2880500,42754100,10352500,451800,3661400,8418000,10696100,4051100,1782700,3726400,1601100,3765600,23561707,1955100,5984300,1615300,4463000,17120600,26490600,5139400,3966400,2838500,2054878,9480100,2518700,3167800,8104300,1083800,1024800,2549900,3836800,397000,1935200,13338067,44730400,20123200,1033800,10335701,5607900,5108200,7436000,33272000,2785900,7680800,3094200,2871384,3072416,2898800,16162100,1716300,6665500,8400100,2604800,23121200,1736500,20798700,1045000,3395400,19141000,3528800,4391000,4172000,6209200,15607800,397300,2078170,7337100,7231800,7740633,9603600,29063200,24048800,8274800,12114500,62279000,8579200,608900,6588000,2252100,448548000,3483206,14759500,4122700,4825900,19611883,7444800,903000,2049700,5887200,2054000,7826200,1974000,406600,533500,5179822,10933500,5519500,1673100,9527400,8402900,1617700,1100000,1010500,35192450,4893600,840300,4561200,133638000,2758800,3933500,2554300,2260100,8573400,3207800,765800,1087000,14680500,5911800,16938800,19239600,2946500,10266000,1903700
2019-02-22,75652800,5022700,,5296600,1679300,2006000,1828700,8149300,52650700,2774100,1312600,61924000,1401400,27225000,2256400,3132300,47887800,9645000,400300,5575000,9321500,14003800,3485000,1290000,2234600,1734100,4025000,21742152,1350100,5225500,1542500,4175000,22008100,20182900,4517600,3219100,1967200,2093342,8734700,1122500,2538500,11617000,858400,1247400,2354900,4163500,341700,2584200,5959481,40947500,23876800,2023300,10587786,4925500,9796000,6742300,29436000,2626600,6207800,3321600,3043479,3256930,2580800,31934100,1694100,5223900,10647300,4037600,24728400,1075700,19574000,581800,2734600,27103000,3295300,3073500,3206800,12798800,15858500,422100,1834903,8232900,3544600,8337469,10132100,27763200,22834300,6735200,33898300,70882000,4449500,613800,9904000,1852500,401740000,2192484,11689700,5035900,4865400,24779329,7925400,878800,1582500,4317800,2102500,13394500,838200,386600,656300,5018221,11311600,3571800,1050900,5716500,7245500,1259100,987600,813100,30924933,5261100,1118000,2522000,86109000,2436900,4392900,3191100,4085000,9680800,3158100,1012300,1027400,12534300,2693100,15848200,24260700,2650400,9519300,1851900
2019-02-25,87493600,5511800,,5709600,1368000,1815800,3216800,8064800,63221000,3182600,1946500,63690000,1145600,19245000,3333500,3276100,61227400,11352500,516300,5146500,12139000,12853000,4444100,2104000,3336100,1886400,2939700,17298204,1935900,5160900,1794000,5076700,24264300,12853900,5196600,3751100,2502700,9931814,9327700,1669300,2551000,7046600,971300,1665500,2785800,6090800,580000,2233700,5610664,56615400,20071800,1652900,60560499,7090500,6076800,9252300,26208000,3032200,9977300,6190700,2453563,3341133,2403900,20711800,1507500,6846600,11230700,1611800,23774400,1526800,13682400,1088000,4665100,18380000,3359200,3090800,4726400,10070500,18737100,590000,2611466,15052000,4054700,9741265,10804700,23750600,25233700,7555600,14348900,75693000,6229700,548300,8060500,1766200,656020000,1549135,14722200,3594600,3755900,25274815,7436100,815400,1976300,5020100,1661000,15341700,872900,660400,712200,4245967,12071200,5391000,1614300,6033300,5728100,1234600,1166800,1869000,32325063,8754800,1194700,2400400,99397500,2700700,5750200,3679100,3112700,9731200,2033700,1118900,1268800,15051200,3271200,16564100,27705000,3453300,9274400,1295500
2019-02-26,68280800,4283100,,5295400,1526200,2538900,2083700,6159300,48470100,2431000,1853700,53316000,821200,27211000,2548100,2503700,53153200,9150000,472000,4892500,4397300,12912800,7275600,1251900,2394700,1948200,2922500,19342256,1742500,4689900,1884100,4496300,19382500,12273600,5445600,4357300,1623700,7519248,8956000,1483100,3234500,8701100,823400,1496400,2099800,5777600,422300,1560200,7564912,38348800,13448100,1612600,20864323,5957800,6002700,7611600,35026000,2499800,7107800,13635100,2107464,3201178,2426200,16082200,1371000,5106900,15465400,1447900,20463200,1739200,20790900,871600,7954700,15063000,2852300,2219100,3445600,7475300,13784100,487000,1998875,12231100,3746400,8927912,10404400,21536700,18051500,7644400,13697700,49446000,6678700,530300,5919000,1278000,488464000,1961729,12041300,2764700,4074600,16548959,7115300,597100,1457200,4756200,2274400,11366700,909600,611100,569100,5397833,12302300,3938100,1759800,5853200,6112700,907300,1054000,2152800,39276195,11408700,1198300,2915400,128737500,2040400,3740100,3212900,2927600,7332500,2146300,1081700,1478000,12005600,2009800,16997800,25464300,4351300,10990600,1829400
2019-02-27,111341600,4175500,,5706500,1536300,2266800,1567000,14038500,62649300,1886200,1632200,62976000,673800,29146000,2393500,4603800,48128600,18765000,461100,4247200,5260200,13495700,3441000,1097000,2986600,4645600,3378300,18709738,1762300,5355700,1482700,4278300,19940900,20986500,5289800,3596900,1850500,17497649,7249500,1531900,2112500,5207600,725900,2618900,1439100,6452100,525500,2082700,6948172,34093300,17655100,966200,21835966,7645100,5274500,8671900,22092000,1804200,8237600,8766200,1858235,2647321,2799100,17590300,1506900,4378100,9968800,2096900,17827500,1451800,32135600,1121300,8874700,17586000,2119500,2261700,7908000,8153400,12697500,766100,1842558,8597400,5805400,7852978,6916600,21487100,29522200,7288000,13571800,56299000,4588200,809000,11071000,2706700,500256000,1710850,10674200,2959300,4175100,16475074,6013600,707200,2303100,4669900,1881900,10426200,1267700,598800,561800,3969322,13274800,3582500,2252400,7442700,3288500,1244200,1054900,1140400,34886738,15552700,1759100,2742600,167758500,3680800,4395800,8952900,2620800,9731200,3009700,936700,633200,8962800,2362600,17455000,23706900,2662200,12398200,1535100
2019-02-28,112861600,6310800,,6762700,2017300,3810300,2523400,9785100,39384900,2776200,2888500,60518000,1324200,31460000,3295800,5063100,62358100,49745000,512100,3619000,5797300,14209300,4024000,2215100,4367200,5918900,4128700,19542425,2130800,8154300,2055600,6908100,30708500,17121000,6406500,6208800,1778000,7028906,6716700,2838900,4137300,5695000,1500000,2766600,2626500,5204700,1549800,2560100,8806242,43960500,21053700,1260600,18230265,7227300,4245600,9053400,27422000,2964300,8639200,8060600,3017378,3616859,4001400,18388800,2285400,10133200,15156900,1604000,22533900,1698300,36023600,1839100,8144300,16597000,3240400,3297900,5710400,8498500,11114200,695500,2537553,11194800,7499200,11588365,12299900,29083900,25777900,12454000,9454900,61868000,4988100,1037800,9464500,2428000,324944000,2202391,31856900,3856300,5586300,39002427,10575400,1160300,4170500,4290100,2351200,19000200,1059300,518000,735500,7017342,18956700,5900400,1564500,8846900,6105400,2336300,1329900,1358500,37371224,9411900,2061300,3072600,157810500,3722000,5465800,11034300,2843600,6250200,3608400,1417100,1194700,15743000,5700300,17786600,34127700,4506300,14597900,2253400
2019-03-01,103544800,8567900,,5390100,2227600,2594000,2945100,7852900,48084000,2409400,2048000,99498000,1362800,19035000,2682000,5124200,45771500,31202500,657200,3529400,5828000,14376000,3811000,1462100,2902600,3150400,2712500,25733052,1896600,7372600,2178200,6919900,23683700,14432800,7743600,3917700,1668900,4092158,6996900,2058600,5613700,4443600,1717400,2124600,2778000,5033900,786500,4037800,6623328,37699500,15988500,1473300,17856700,6002500,3342400,7706200,34086000,2580500,10827800,5481300,3591909,3169380,3054600,18359300,2271900,5641600,13813300,1273800,16291600,3033500,43290900,1424900,4655200,15136000,3001400,2691000,4123800,8114500,11097800,693300,2098262,7386500,6069800,10624205,12336100,23501200,26755800,6865600,11698200,55265000,6314900,790000,10279500,2004800,357188000,1918075,15757700,3866000,3629100,26667781,7733200,799500,3763700,4379100,2879000,12659000,1378900,511000,753100,6073158,8067700,7009000,1162200,8811700,4261600,2587600,1098400,1344200,40505000,8700200,1433700,1883600,343671000,2028100,4164200,6921300,3904100,7016800,3102700,1276900,887600,10942700,3070300,19051400,31057500,3626100,15419400,2069300
2019-03-04,109744800,5872500,,5962800,1896300,2994900,3054500,20810700,48147700,2274800,1678000,123348000,1018800,17382000,4053200,5971000,56893200,26085000,686100,4640300,7911500,15786600,3859800,1647700,3569000,3045900,3352200,17040417,2357400,6625800,2444700,17886300,18725900,17836000,7499500,4604200,2663100,5082542,6015000,1416100,3104400,7187200,1338400,2751700,2941100,3729100,704300,4052900,5228899,46196900,18449000,1694800,13996993,8409600,3450400,7524500,35490000,2683600,11119500,5046800,4316572,3563617,4659000,21706100,1508100,8377700,12466300,1366900,15973800,1738100,59468600,1070900,4015300,22781000,2977700,4899800,3277400,9588000,18894700,511700,2379920,8437100,7025300,8522755,12115100,26608000,27047800,8609200,11457400,74870000,7339500,704800,22077500,2076500,409992000,2084640,14850100,4198600,4383100,22805820,6895300,931300,2489200,3711700,2386200,14021700,1278600,769300,842400,5526065,9219700,6353900,1647000,6946300,4078700,1827500,1019100,1111500,65515095,6051000,1342800,2439400,256452000,2110200,3278500,8646300,2730700,6979700,3688500,1190400,1208600,13674400,2209000,16697000,23051400,3425400,18089900,2749600
2019-03-05,78949600,5933100,,6547500,1564900,2101800,2258900,12449100,35462600,3445200,1991500,73630000,796800,21699000,2685700,2844300,39932500,15490000,433500,5268400,4268700,18754900,3122900,1272700,3889300,3938100,3483900,15947382,2014100,7635500,2160200,16042900,14994200,27776100,7345200,6087400,1965900,3788275,5225100,1408600,3513400,6041900,787000,2481400,2415200,3337000,420300,3225500,6144125,40852600,17481200,1474500,35870538,7405400,3609800,4866200,40094000,2338600,11444600,3691000,3588196,4445814,2484400,21057700,1148400,6568900,10856600,1445200,13062300,1205900,53212600,907600,3460100,25756000,2779100,3362500,3646000,8406500,28187900,574500,3282422,9527800,7254500,8698190,10449100,19538300,28798800,7666800,8590900,59378000,4976300,667800,9701000,1821100,362924000,1602180,16291900,3699200,3785400,26529812,6274600,640100,1981200,5547100,2511900,10092800,1189600,478300,705900,5141845,10496100,4432300,1641900,7391100,3951300,1259800,938400,828600,34463455,6014100,2900200,1725600,281470500,1371600,4008600,6924500,3150900,9678600,3934800,805200,1409100,15749500,2494700,14235400,18357900,5051600,13745500,2541000
2019-03-06,83241600,5293200,,4182100,1733300,1950500,1892400,12557800,60479400,3956100,1226000,79920000,802400,19973000,2616000,4159400,41672000,15535000,272700,3216600,3914200,12711200,3886000,1884200,3366100,2440600,2764200,11792377,1840000,7296300,1985300,7436300,19686900,15876800,7599900,4963000,2229700,4279858,7352800,1027900,3121400,3987500,1070400,1558000,2943000,5079200,376500,3900100,4967146,50378600,13683700,1441900,41286543,9442500,2905100,9413300,23602000,2247500,13930200,4460900,4169093,2895642,1656200,14740500,1541400,6236900,9070800,1715000,14232100,986800,74822500,879200,2730700,30124000,2849300,2083900,3627400,5660900,21531700,503600,2183059,13335200,8212400,8167169,7062700,17687000,44890400,7155600,13029900,62119000,3198000,547200,6073500,1807300,403524000,1457803,12389300,4453400,4770700,22410359,4622300,719300,2303900,4938400,2644600,20521300,1050100,812300,561900,5592486,7666100,3776300,3070500,9948900,3603300,1572400,890100,764400,32544317,6707300,1533100,4375400,155032500,1342900,3568000,4878700,2679500,8186400,3444400,1301500,1381000,13935500,1748500,14211000,14089800,2894200,18633600,2113000
2019-03-07,99185600,6642500,,5292600,1655000,3185200,2115400,9831700,52186300,3421700,1375900,99140000,1059800,25411000,3048200,4893600,53908600,14972500,467400,5105700,4793400,15788900,4290800,1615000,3422800,3355900,4365700,15126539,2612400,6964300,3279100,6916500,22209200,23030200,7201100,4242900,2051300,3203858,6324000,1803500,3531000,8866800,861800,2409800,3593800,3731300,510200,2853500,5800635,54286000,12689900,3743900,25577378,7618500,3081700,8999800,30086000,3567800,13403200,4122200,3797956,4559305,2976100,17803000,2139600,6100400,12705700,1716200,12084000,1450100,60615600,1255500,4704800,24467000,3879600,3268100,4267400,8070100,18306500,885100,3994162,20093400,5830500,10925505,12502100,25339000,31567800,9411200,16102400,61513000,4321800,1307100,7887000,2631200,450104000,2321174,16624100,3156900,4858300,29046132,8408600,740400,2895400,4802400,3638000,13667300,1775200,1020800,727400,6616437,7814700,7948300,2679300,8086500,5103300,1567700,1103000,1168700,32869756,8552400,1227500,2309300,141637500,1700400,5431000,5033500,3979700,8761700,3145900,1177700,1432900,12644200,2687900,19047300,18379800,3235800,16541700,4092500
2019-03-08,95997600,6189100,,3895400,1458100,2195400,1721100,8174400,49967700,2750900,1276000,93340000,923900,22167000,2077100,3794900,40860700,19330000,587100,3755200,4583100,14304400,4238000,1133800,3447800,2011700,2586500,14567644,1833000,8068800,6782700,4800700,18182200,21748300,7014100,3754500,1757300,2672345,6549100,1389400,2443800,7357900,782000,1822900,3876300,6761000,581500,2249600,4774371,43766800,16287900,2059100,17559457,7639700,2440800,6911000,23694000,3162700,13408400,3867100,3098863,3947186,3328900,16793900,1674300,7046700,10582400,1404600,15579100,1558400,50169800,1054100,6181300,19439000,2691800,2757200,3604600,6699800,13184800,549500,2062502,13411200,7631000,11716326,11748400,22818400,34080900,6972800,8988600,68988000,4669700,636700,7638000,2013800,422416000,1204860,15071100,5581500,5003300,31306119,5144500,724600,2924900,3865500,3334100,10117100,1048000,1091700,545500,4912394,12363900,6597900,2157900,12739200,4039000,1440500,664400,968800,29797812,5324400,1169200,3573400,132294000,2370300,5180800,4921700,2648600,5168100,4089100,807100,1451500,10617300,2245600,17400000,16977000,3514600,16211300,2412800
2019-03-11,128044000,8078100,,4254600,1240400,2711700,3831400,7199500,54420200,2816900,1586700,77528000,884200,27161000,3289200,34742200,40709300,17030000,593100,3999300,4580100,14167600,3914800,1564800,3472500,2090800,2722600,27372711,1727500,8703500,3748400,5699500,17859300,14770200,6088600,3727000,1340300,3702434,6952700,1421100,3720200,4623500,1509900,1404300,3830700,7699100,560400,2394200,6314888,36875300,13129200,1683200,21277594,5207900,3158700,12218800,30032000,2669000,11469800,3866200,2963161,4120508,2642300,18963000,1550100,6150400,9763200,1446200,22126900,1188800,61771200,1294400,4598900,20297000,2670100,2071500,2697600,6326200,18884000,505300,2852819,11709200,6670400,9126613,7191600,26491600,25164700,7135600,40174200,53873000,3999800,758700,9959500,2691100,859728000,1731902,20027700,3770000,4821600,29161545,7544400,577200,2102100,6022500,2257400,10738800,740900,874200,687400,7398066,11518300,6048500,1677300,9494500,5685900,1351500,856100,819700,34448494,5823100,1589300,2493100,110884500,2267500,3319800,4539600,2963400,9361500,4375500,910000,1350700,13627400,2184700,19471500,16035900,2946700,11060900,2902100
2019-03-12,129870400,6128800,,4241200,2351200,2583500,2371600,6267600,56410600,2677500,1618300,72290000,820100,23324000,3917500,36922600,34450000,17482500,504700,3756100,3474200,14772000,4208800,1766200,4375100,1997800,2502900,22808299,2022700,11790200,2647100,4082100,19485300,16681400,6184300,4095200,1553100,2802854,9920300,810400,4583700,3737600,942400,1018500,3048500,8308900,614000,3430100,6786381,37805000,13272700,1506100,19937161,5235600,3066800,6633600,42220000,1977400,10351000,3777000,1933142,4136616,2645600,20782100,1557900,5552900,10219100,1407300,19348500,1309200,8077600,1248800,4928400,16354000,2478700,2191800,2230000,5856600,12155300,672200,2529660,17503300,5849100,9261281,7204400,26132700,18623500,7140400,19818400,51646000,4431600,1016300,8468500,1753400,579576000,1761211,18048500,3195500,4356400,24170539,7597500,721200,2646700,5669800,2362600,9575300,902800,839700,650800,6108434,12751700,4524200,1467300,8230600,5173100,1094700,1050400,891400,43009610,5653700,1297200,2773200,112561500,2329900,3047200,4235800,2549600,9465100,5009900,1469900,1545300,12813000,2230700,18299300,15211500,2595400,11320000,2433700
2019-03-13,124130000,5984500,,6479200,2095200,3992500,1781300,6404400,56705800,2719700,1512600,71040000,843500,32089000,4234100,32662300,54683300,17022500,606700,3693600,6060500,13781100,4285200,2509400,4136300,2659900,3894700,22994277,2159200,8324800,2421200,5230600,20568000,22936500,4707000,4801400,1661800,2432194,17994500,1224000,4510500,6980000,971500,1144700,3967900,6656000,588500,2225100,6524768,49018700,12709900,1222900,14880115,6276300,3924200,7334100,25888000,1904500,10434700,4528300,2688468,3319167,3467300,25522300,1437600,6446900,13022200,1616000,16222500,1538500,68139300,1133400,6268200,21585000,2690400,2612100,4986200,6289700,11973300,837700,2435893,11166300,6243500,8059749,9269000,35513800,22786300,4916000,17027300,64441000,5037800,896800,9427500,2048200,768900000,2184331,19490800,2561600,5968600,23715316,9883300,1067600,2712900,4468900,2294500,9198900,995600,988800,742300,7713801,13798600,5602000,2411100,8822800,4390900,1111000,1115500,842800,36677713,6512200,1569100,1920400,102670500,7636700,3911100,4881600,3323800,8308900,4275800,1466200,1202300,14168300,2177400,21647300,16446900,2720800,10260200,2665100
2019-03-14,94318000,6161800,,5734500,2270100,5113400,2915400,9491100,42818600,2909600,1183800,58932000,1012300,43094000,3538200,13514100,45219100,13017500,501700,3084200,6345700,12193600,3742200,1660400,3789900,3755200,3293700,17677629,2421800,7315500,2300300,3247200,19215900,15216100,5146400,5120600,1596800,2572517,17409600,900100,3600300,5908900,1059200,967800,3077200,4338900,398400,2476700,5745256,36307900,15132500,1217000,26859385,7958500,5222000,8692900,27302000,1482300,11150500,4393000,2819714,2864576,1961200,26647100,1696200,8493600,10926500,1449000,18504100,1033200,42768700,1178400,5393400,36232000,2838700,2375300,3995200,5617300,18037400,579900,2144906,11896000,5473400,8530406,8351200,30763400,19757300,5816800,11498800,52714000,5906100,804000,9734000,2536300,519384000,1813224,24000300,2446300,8986600,32119596,8590200,914800,2226500,4534700,1663000,7306100,991600,925200,715000,6236984,9249200,9023400,2280300,7934400,4696200,1691700,1424000,998300,29249014,5546300,1513900,1653300,106551000,3808500,5393700,3865200,2539600,9364900,3546000,1288200,785700,12148300,2216400,20160700,14777400,3272600,9976700,1751500
2019-03-15,156171600,12751100,,11989400,3737200,12110500,9901400,23021500,46519900,6865000,2541700,151018000,1558200,144066000,4780400,26697700,82346200,19002500,1756900,7738700,9811700,37840300,7049900,3155000,4395100,3753100,6641100,71406521,2967700,16733200,5075400,6743700,43670700,24262200,10449700,13410800,2386300,6192043,14932700,1578700,7614200,5141800,1545100,1632000,11044500,8939900,1207400,4940000,16841805,66555500,15387400,2481500,37959266,11976800,8548000,16854700,51886000,2985200,12211800,8059100,5609825,7482770,3861900,46512500,3847200,11922500,24811700,2949800,47254500,3661400,47331000,4516500,6677500,61230000,3894200,6010500,6032400,9676900,37135400,649900,5256061,24580600,9173800,17341046,18992600,54681100,30702000,14402000,14393100,84445000,11031400,2701600,10269000,4344000,661484000,3678151,43340200,5602900,18194200,74768652,30802700,1391700,3686400,12348400,3785800,27985600,1142000,1158500,1867100,15396933,13096900,7283900,2403900,14144900,8350500,2628600,2047700,1734300,70650758,8431200,2371800,2806200,221782500,2333600,13932300,6466200,4874400,20162000,5656800,1256400,2768600,23715300,5124400,46117300,43800000,10009300,25316400,2904400
2019-03-18,104879200,5550100,,7671100,1592100,4013400,3371900,7670800,34731800,2430200,1556200,108582000,871400,56746000,2918000,13119200,58568600,10075000,550700,3964600,19132300,15601100,4095400,1865200,4165600,1696400,2939900,23260280,1834000,7712200,1735400,3575500,19073800,12752900,5586900,3797600,1962400,3218297,21769800,676000,3977000,5113000,1272200,1091400,4139300,4197000,370000,2971400,7827226,37198300,12641600,2230300,18387845,8066900,4196200,7583800,24442000,3354900,8630300,4395800,2542050,3418851,3606700,16274000,1723500,7369600,12935500,1775500,24006400,1220400,16052200,1793600,4471400,20343000,2734100,3669200,4583800,5817900,37524200,401400,2204946,8272400,7657900,14357914,10305900,31207600,22296600,7469200,8772100,71947000,7750700,1204000,12058000,2606400,486992000,2173908,21953600,3256800,9476000,18994345,8442800,691300,1739100,5948500,2530800,13089300,1309100,545700,548900,6181051,5682400,3489100,1437600,13518800,4443600,1345900,1778400,1801100,30882432,6956400,1449200,2945300,154215000,1831900,4408900,3927400,2394600,9689400,3471800,919000,1554100,12168100,2857700,23843300,17310300,3281000,9840600,2144100
2019-03-19,126585600,6335500,,6048600,1949600,4257300,3855800,7134500,156052200,2268700,1848200,127284000,850800,51556000,3331300,9856100,55455100,12477500,948500,3881500,10570100,12723600,3315900,2166900,3416100,3452200,4623600,17911729,1816400,6456400,1852300,4379000,20596400,12367400,5096800,5730500,1685400,3570346,45384400,745700,4656600,6156800,1079600,1276100,2446800,7035400,383300,2232100,9156041,57293600,14700800,4277000,10970991,6860800,5196900,9003300,29788000,3284900,13381300,4437100,2858971,3642486,2389700,18274800,1679400,5882500,12889300,1256100,14987000,1251600,13726300,1504000,5801500,20884000,3212000,4102800,3414400,6252400,25611500,620500,2812514,16077100,6237100,10224393,12548500,37588700,32407300,8080800,9453900,75414000,6642200,1029500,10956500,2448800,854972000,2111162,19214000,3695500,6751700,26403227,7334100,733600,1864000,6075400,2932600,9363700,1084200,627900,593600,4704076,7810700,4462000,1205100,8834700,6250400,1316200,2051000,1212600,38039182,6264300,1551300,4188100,177009000,2112300,3592100,4164800,2940800,9236100,2946100,1372600,1556200,13462700,2554400,19911900,16243200,2598700,13936500,1903400
2019-03-20,124140800,5360900,,5388800,2128800,3732600,3322800,7772400,151292100,2378700,1537900,125312000,944900,41263000,3309300,8737600,81689900,9730000,881600,4053100,9626800,17494000,3522100,2154500,4361300,2314700,3788900,24901539,2300100,7117300,1499500,4391000,21140800,11405800,6708500,4656000,2017100,3587040,35588700,960700,3838800,4824200,739400,1222300,3903700,7928500,590200,3261900,6696513,54539700,22588400,9287800,9704794,8408200,12337400,11680000,41508000,5033500,13823600,4772600,2518496,3817377,3225000,24325300,1959300,5475700,14920700,1301800,13376100,1536400,7520700,1321800,4636000,20673000,3747400,3522400,3214800,6560100,20211500,590300,2074582,16750600,8136000,11894590,15078500,28113300,41714400,8669200,13382000,109172000,5991500,869100,6054000,1622300,719148000,1631179,24111600,5112800,5733500,23499035,7513800,1043800,2510700,5253800,3292600,8804800,1548000,479500,627500,4680876,9512400,8102100,1253100,9512500,4241000,1396300,1534800,1265200,32656328,6271300,1524200,3136200,103623000,2457600,3829400,4193500,4199100,6391400,3921800,1182400,1213600,11902900,2100200,20632400,18969300,2394400,13133600,1592000
2019-03-21,204136800,5159200,,5899100,1666400,2359900,3243400,13135700,129610300,2292900,1761300,115356000,691800,27379000,3111000,6951000,77444400,10000000,472400,4182300,8094300,18638300,2635700,2587900,2931800,1625000,2793800,18868828,1839500,5580900,1617000,4277800,20082700,10452700,5050400,4049400,1082200,3390994,27438900,818100,4461100,9533400,864600,943600,3603800,5389100,569500,1891200,11997615,46843100,18399400,3156100,10135942,9069500,7582700,8168100,28150000,4031500,9167300,4755700,2070966,3771248,2284500,19127200,1538700,5765100,19751000,1484500,20043000,1146300,5704300,1145700,4835300,31033000,4441100,2830200,3466400,6773900,16223000,472700,2736568,10413400,6306700,9473291,14576200,29854400,84985400,7499200,15559800,85440000,10386900,612400,7660500,1612400,824312000,1852750,16686300,5284600,4305600,24262553,8221000,1193600,2138500,4262600,2124000,19542700,728200,880900,554600,4127904,8044400,8840300,1293000,6168400,3091600,1445300,1275600,896900,34878529,4127000,1424100,2329200,89206500,2874400,5772700,2699700,1819900,7027100,2335900,938600,1156500,10920100,3143900,24132800,19653000,2244900,10117000,1658900
2019-03-22,169630800,4992500,,7532900,1602600,3454000,3595300,9468300,115323300,3144700,2050300,127260000,1573500,23307000,3737400,10143900,118851600,16402500,585300,5872400,6679900,27527400,5745800,1917600,3514500,1595600,2877600,18171117,2894900,5182100,1873600,5614300,23938500,10204200,5786800,5324200,2177400,3319591,24133800,1068200,4174400,7158900,831000,1096100,3482300,7873000,644400,3797700,10215813,41964000,20823900,2439500,16364625,5911900,5314500,10049500,34422000,5703100,10438000,5173600,2579185,4055551,2886700,21438400,1688100,6528800,31115200,1593000,19055900,1384000,15332900,942800,4106600,22045000,3709400,3319600,4034600,6978800,16389200,849200,3248456,8850200,4664600,10639191,25416800,33624500,46605600,9486000,31349200,86613000,21659800,830100,10074000,2190600,747644000,1748105,16201500,6138600,6668100,19620105,11035900,1268500,2176400,5980000,1856900,10243500,1423000,552600,788200,6152926,8022800,11708700,3214800,7892200,6068100,1480100,882700,932700,43918934,5132700,1736500,3265900,131184000,1850200,3773500,3777900,2727900,8119800,2877700,1095100,1612300,25125400,2896500,27975800,20124300,2899100,12497700,1489200
2019-03-25,175381200,4008400,,3844500,1769900,2639300,2383800,6710200,78438200,2523700,2157600,102076000,1178500,23878000,3596200,7939600,65568000,13992500,411000,4113100,8377900,20899300,3199800,2186500,4244300,1654400,2972600,16905655,1532500,8070000,1357100,3795400,18774900,12968600,3837500,3770600,1137200,1974338,18187500,631800,3350900,3812400,811200,983900,3626100,2940500,449500,2801500,8260724,45849500,13195100,1851000,9977198,7686800,3267600,6922200,27576000,3751000,9254700,3845900,2173459,2970431,2998500,16971400,1185600,4500300,21032300,872400,11668200,1349700,5972800,779700,3994500,12734000,3506500,2651600,3852600,5390300,12631200,387400,2416638,8620400,5190100,7878654,14504100,27067100,34516000,7038400,26182900,84738000,15558300,557300,7766000,1504000,525212000,1349134,11755900,6588600,4275400,19823316,6955500,731200,1549600,7938800,1357500,6929600,1559000,431600,651100,3608460,6453800,7921700,1305300,6390000,3043300,739200,760900,916100,33938489,7067800,1638400,1972400,153225000,1777800,5479100,4110900,2088200,7568000,2602700,1605200,1754500,15463400,1941100,17227600,16222200,2622400,11320400,1402400
2019-03-26,199202000,4921900,,3596400,1777800,3150100,2166400,8138100,75754100,2359100,1948100,97318000,948600,28009000,2844500,6479700,59878500,11560000,494900,3737800,7302500,14740300,2638200,1496400,18505000,2614000,2297300,11937916,1850400,7245200,1193000,6910300,17742700,11730900,4079800,2658300,1036700,2145907,16693100,744200,3342100,4059300,959300,2394300,2068100,2393700,379200,2062400,5859659,47852100,14315600,1430500,9555279,6332400,3734600,6867200,30752000,2910100,6093500,4143300,2349478,2671170,2566400,17724300,1173300,4758600,15987100,1079900,11434900,1408100,5872900,882300,4633200,16499000,3046900,2609600,2602200,7059300,15437900,580700,2267138,7146400,4191500,9242731,9615400,26097700,24689600,6093200,23925300,76665000,9611900,1070800,6755500,1926900,703508000,1870913,11657600,5885500,4583000,20849279,6909400,574700,1936000,5925700,2284700,16051800,2616100,674800,556700,5091474,7624000,10285400,1636800,6500500,3253000,1106400,815000,800600,32179688,4507200,1459000,2857200,110263500,2134900,3085500,4416200,2204400,15594400,3233500,916600,1373700,12316900,1546700,16989600,14837700,2066300,9472800,1795400
2019-03-27,119393600,4006200,,4101900,2376200,2521900,3297400,7737600,88585300,2022600,2250600,86496000,1168400,21862000,3346600,9600000,57621700,8887500,425000,3619200,4763600,16359600,2378300,1673100,7383000,1949800,2918900,19490462,1335300,5015600,1351200,8218700,20447500,21327300,3727800,4460700,1068200,3322298,10794800,1641800,3592200,2900800,828800,2518600,1723800,2761700,390900,2136200,7215253,39895800,12661300,1571900,11064769,5919600,4201300,7006500,29428000,2343800,6746400,4298400,2933347,3240717,2038500,19656000,1432800,6764900,12753200,1474300,11543600,1821400,7675100,835600,4230100,13905000,2640700,1684800,6911600,7400100,10620300,528700,2396784,7819700,4793400,10020766,11251600,22733400,26856700,6116800,11174200,78524000,6485100,809700,7894000,2306100,474372000,1826743,12636000,3559800,5318500,19455048,6037100,997200,2038300,6483200,1657400,11934400,1860000,450800,582600,4336063,7662700,6557300,1866000,5254400,3441100,1448500,1095800,917400,35408526,4804700,1051200,4989700,131688000,1496600,4797200,4819200,1911300,12253800,3460300,1432600,1181200,13290300,2023400,16912000,25413600,2263300,7258700,1487300
2019-03-28,83121600,3071000,,5675900,5398700,2018000,4990000,8298300,64667500,1885600,2455300,60860000,1066400,33030000,2693300,4921300,45872300,10432500,342700,3233600,4708800,12081000,2487200,2477500,5569200,1682700,2958900,11154845,1557600,5122100,1396700,4424800,13095000,11564900,4057700,4236300,1123300,1644737,11748900,854400,4565800,2347100,793200,1693600,1782300,2768000,415200,1767000,7575567,38914700,9593400,2031500,9068655,5256000,4718700,5591300,22402000,2343400,8155900,3326100,2312131,2786439,2063400,13607900,984900,4602100,12454100,808500,11121100,1892500,6112900,567100,4099900,16656000,2712100,1977100,5987600,6416900,10443000,404200,1998038,9951000,5095500,7161298,8397000,18334800,24584500,9324000,9611800,43610000,6032700,1080300,5245500,1587800,480264000,2426438,9103100,2522500,3694700,16915541,6793700,833300,1900200,5840000,2524800,11064300,1342500,436300,602600,2974767,6709600,8217000,951600,7419800,4552300,1249400,716400,555200,35743234,4448100,771700,5866500,101611500,1325000,5386400,3601500,1621000,16902200,2812800,670800,1615200,20547100,1945900,15881600,24162900,3436600,7412300,2278700
2019-03-29,94256000,7105900,,5891200,2773000,2097400,4625700,9221500,53502800,3189700,3017700,66416000,1551100,24493000,4891000,7694700,83446300,11002500,455900,4619400,7767900,13406300,4681600,2609500,4929500,3332000,4598700,22551792,1485200,6810900,1968000,4913100,19582300,11361500,5318600,5008300,1862600,3622121,16358800,1181700,5434800,3180800,1031400,1582100,3034900,2785600,524400,2173100,7980464,33962800,16889300,2171500,9734708,9601400,4884900,9432600,30890000,2632800,7680600,4674100,2869687,3244064,4317200,18736100,1521300,7168400,14523400,1219600,16045600,2158100,5729100,1212000,5318700,15830000,3453900,2952000,5226400,6701200,13455500,1004400,3418527,9447400,8245000,10147994,11811400,25399800,35716900,12039200,9924500,47056000,6492000,935000,6949500,2882400,456896000,2660186,11485700,3190400,5758800,21681834,7535400,799300,2679700,6314000,2900400,8529100,1558500,492300,656000,4839617,9099500,6539600,2536200,7984800,6053500,1613400,1400200,1023800,41847006,5887800,1193800,5051900,89869500,2362700,4327700,4294200,3428600,12164400,3208400,2181900,1274700,17283900,2673200,53590800,22319700,5170300,10889200,2323000
2019-04-01,111448000,4759400,,4842000,2977900,2970100,4769700,11731000,63000300,2660500,4105700,84776000,1134700,27040000,5125100,7735700,91751100,12560000,498900,4671600,11464900,17736300,5081500,1810600,5004900,1894500,4139300,15285842,1346700,5309000,1610200,4601100,19741700,10790100,5506300,3488800,1371400,2689603,10785100,809100,4555500,2879200,1009900,1347400,2822400,2633900,376200,2124600,5906626,45653100,19060700,2340900,10301888,5757300,6089800,7145600,27706000,3562600,11365500,5381400,2539610,4167578,2972900,17830400,1741200,5885200,17499300,1239900,11522700,1791900,5132300,1153900,10408000,17987000,3475900,3195100,8222800,6196000,10381500,813000,3095726,7011900,6993500,8820282,25813300,22789100,28073000,9640400,9228300,70361000,6737400,759200,9067000,2350100,483824000,2111782,15191700,2809900,5025700,20345046,6626500,960600,2226500,4249600,2635300,12066500,1615500,496500,780000,8422971,8108400,5281300,1785900,9717800,5059100,1578700,1136000,1625900,50012511,4849700,1143700,3808300,121656000,1779300,5349800,4809500,3721700,6420100,2919100,1287100,1030000,16331100,2241300,42015500,25517400,3267000,10816400,2659700
2019-04-02,91062800,6355800,,3717900,1923600,1877800,3306400,8688600,53358800,2141800,2762400,68962000,1198700,22857000,3568900,6401000,66694000,12315000,423100,2599500,5725200,9915800,2529000,1203100,4509200,2712800,3130000,15191092,1473700,5833000,1574300,3158400,17264000,22104400,4362700,3934700,1184300,2333945,9231800,1114100,3386400,3157500,634900,1163200,2726200,2260100,484000,1699200,8945882,30699400,17950300,1553000,10382584,6932100,4857300,5667100,18288000,2247000,11866500,2717800,3535995,2515421,2430700,13704500,1737600,5517800,10295400,894300,8495000,1179700,3214600,872600,3722400,13618000,3386400,1797700,8129800,5159500,23946500,1019800,1690546,8457900,7284200,5875088,13101200,18142300,21438100,9960400,11167100,51587000,4433800,542700,7401500,1675300,440920000,2059562,10812100,3312400,3242600,18625129,6088800,678500,2366100,3995200,2594800,7614500,1090700,513000,639300,4616840,5520900,4147800,1263600,6899400,4050200,1253800,719900,919700,42296239,3931000,900900,3913300,82183500,2006200,7005500,4057100,2456400,6215100,2924700,1656600,814400,11408100,2289600,35393600,18822000,3684300,7646000,1737900
2019-04-03,93087200,6083500,,3973700,2481800,2432800,2771300,13204800,197650500,1948100,2230300,78522000,1080800,22266000,3719700,7350300,63110600,12155000,337800,2864500,6895800,11560800,4821800,1466500,4954100,2286400,3791300,22449893,1767300,5490800,1663600,3819100,21110400,17437400,3595400,3358700,1356100,2649785,10534900,780300,2998800,3522800,2009400,1015300,2916100,4351500,531700,2080300,6050892,56663600,20937800,1263900,11263640,6687000,5171100,8815300,22180000,3227900,8063000,4581500,4047927,2804535,2295000,24552800,1401600,5947000,11499200,1960900,12854500,2379600,4425300,1178300,4127200,32450000,2911700,2512300,8496800,6810400,27391100,557100,1877720,18583800,6979400,6550734,11712100,22860700,39097200,8202800,8077000,53689000,4080900,1321500,5233000,2380000,783504000,1925609,12853400,3056700,4534400,16200402,5226500,1126400,2467300,7323500,2096100,11563400,981900,789300,620100,4512760,6755600,5965500,1734900,7230600,4654600,861200,896400,1154700,38104720,4359400,1184300,3077500,118791000,1308600,7036700,2851400,2556500,8209300,2983200,993100,829400,15491700,1472000,30366300,17062500,3936700,8562900,1737000
2019-04-04,76457200,4827900,,4671200,2270200,2947400,2401200,8472800,82191100,1785900,1684000,72478000,852200,15228000,3619600,9388100,53712100,9330000,375200,2436500,4049900,11915700,2988900,966000,2296700,1703700,2541700,13118552,1270600,6397900,1319700,6295200,16412100,11058000,3715400,2701600,1197200,2556499,14378400,483100,4847600,4308700,1377100,760600,2190000,5782700,448900,1917400,5588933,39483100,20719000,1303100,8232943,5713800,3342600,7116100,21022000,2582300,9072200,3138400,2087305,2898571,2404700,16520500,1965600,5844600,11952100,898100,7814900,1471400,5539800,789500,3007800,21427000,3096300,2324900,7013200,5477200,17847700,452900,1866836,8452600,5838700,10257719,9119900,20112800,37038400,7106800,10703000,46273000,3660700,1129100,14712000,1773900,457376000,1251713,9978800,2855700,3022500,12990972,4786100,619100,1157400,4672800,2146800,9905100,763400,517300,532600,3546171,5449800,9045100,1194600,6670900,3881200,813600,605200,729200,37352688,5155900,937500,3037100,355810500,3120100,5035600,2255500,2889400,5100200,3267700,814300,1193400,8776000,1259500,19260100,12078900,2606200,9360600,2475500
2019-04-05,74106400,3996300,,3434500,1861500,1970500,2194600,8502800,65662700,2163300,1656500,72810000,769200,18875000,4553700,6857200,46383400,9145000,458400,3363500,4630100,11062400,2812300,962800,3821200,3692900,1981000,22557447,1668100,8337800,1616200,4315300,13817500,10002100,5551400,4478300,1294600,3048984,10907900,961500,5433200,3738000,889900,1072900,1981000,4505400,284800,1542900,7053322,37854700,14640900,2301400,8678979,5401100,3686800,4497800,20012000,2447100,8285800,3615300,1851445,2857463,2370800,19268400,1356000,4759700,9933700,1145700,7677600,1403400,4656400,705200,3776800,21467000,2590000,2438400,5748200,6246000,9594100,446100,1663756,7743700,7359600,10324162,8633900,15826200,21119400,6452800,5761500,39055000,7367400,734400,5885500,1843600,481744000,1158730,10016300,3808400,3971500,15559043,4281800,970200,1182600,5495000,2705200,12332600,911800,657400,602300,3973771,5346200,6729100,1268700,9149600,3983000,762300,743500,640100,52865599,6679800,839800,3483100,195574500,1907100,3318300,3343000,2487300,4178300,2966700,666100,2289000,11497800,1707900,23734900,13968000,2522500,10059100,1865700
2019-04-08,103526800,3499200,,5178900,1373300,1796800,3121000,6314200,58002500,1629800,2166500,75056000,844100,13899000,4776600,14482600,35272800,8100000,398400,2624000,4870800,10466400,2497300,1625700,3192100,2385400,1678100,13302502,1630300,5705200,1244200,2848400,13862800,8374100,5483100,3525700,1133300,2395646,11054200,1075600,3115500,3951000,685200,997800,2351900,4985900,251000,1417900,8931862,26221100,17947100,1595000,35313691,5308400,3642500,5992400,21750000,1891500,6805200,3040900,1967094,2215637,2484900,11758800,1509600,4329600,8056300,926500,9421300,1138500,3430900,1121400,4988100,17132000,2714500,2290100,5548400,6456400,7297400,320100,1351480,5607100,7353200,10586267,10898900,15116200,24546800,5772800,6306500,46538000,4705800,607600,7240000,1728900,424192000,1100731,10126700,2527700,3140100,15410323,8468600,618300,1661100,4439100,2332400,8942400,1843100,703800,408200,4318425,5140400,8416000,1209000,11421400,3675900,623800,634300,1162100,49321648,4572000,1062600,4035400,156156000,1574700,4580800,2195400,1854500,5604700,2141200,799200,910100,11680500,1913600,18875200,16267200,2418600,9108200,1909500
2019-04-09,143072800,3712700,,4836700,1813900,1605900,1898500,7412500,75539800,1872600,1708200,74288000,600100,11621000,2869300,7980100,40535300,9462500,460900,2589700,4627500,10221000,3316500,1608000,4108500,2742600,2102100,15951223,1639600,4707300,1450200,5642900,15508400,9275800,4143400,3272300,2451000,2327515,17340300,1076300,2475300,2543200,860600,1095300,2300700,4005700,284600,1984000,7384614,29879100,16000200,1435500,16687089,5908000,4412800,6528900,19668000,2400900,7704200,3721700,2050383,3178271,3121900,13339700,1478700,5210300,9092200,1553300,8641800,1388200,4215600,867100,3694400,17347000,2491300,2279500,4963600,5037500,19751000,357400,1813734,6045700,6046900,10785282,7436200,17612000,29055900,6617200,5079800,54392000,3804500,484200,6804000,1930500,439972000,1417039,9789000,3301400,3864400,18825072,5820300,911100,1654800,3898900,2352800,11713400,1229000,577700,610900,3320692,4905800,6747900,1164600,7577500,3972500,709500,990100,701900,35455396,4155300,1242800,2866800,88560000,1393900,4648200,2903800,2230000,6364100,2419400,685300,976000,10414400,1594600,22903500,13102500,3126300,8561600,1657100
2019-04-10,86781200,3641900,,5604600,1582600,1469700,1795000,5442400,64368100,1653200,1304500,59280000,594300,14992000,2650100,8285000,42669700,9817500,402900,2632200,5896200,12293300,3310600,1534100,2639800,2082300,2023100,14271338,1596900,6629000,1556600,3414700,13460200,11853400,3970000,4466000,2746800,1843378,14091100,996400,3412300,2199500,688700,1008200,1750200,3066200,304200,1407800,6293858,28469500,12390500,1069400,10808576,7451400,4208800,5471100,15510000,1907100,4913400,3587500,2526241,2801188,1976500,13084000,1508700,4194100,10882300,1060500,8059900,2443700,4227100,1226200,4434900,14505000,1984200,2406800,4511400,4539800,11701500,289300,1612926,5786400,8247800,6894268,6703400,16477200,23252200,5291600,6562100,45456000,3918400,774500,6207000,2069400,444772000,1418587,8477300,3645800,2681100,13202615,5394300,803300,2116400,2855400,1792100,15976500,1015600,579700,924900,4324622,6066300,5796400,1372800,6148800,4464400,707500,850200,774500,26990932,4676800,980800,2629900,105919500,1459700,3013300,2753700,1767700,3918600,5232400,570900,1155900,8782100,1527300,30977800,12273300,3019300,10324300,1566700
2019-04-11,83603200,9094200,,4432100,1417200,2085600,2757100,6577500,44801200,2082600,1027100,53096000,765800,16669000,2320600,6598400,50440100,10525000,412700,2988300,4887600,11358700,2762900,1873500,4584200,3368000,2508900,9869110,1081900,9486900,2719800,2578400,13186000,11354700,3248300,2169900,1162200,1637743,12784500,778800,2424500,2530500,610900,2381000,1489900,2640900,256300,1349700,5014253,26488100,16534500,1541100,10997856,5994400,2666400,4581500,16998000,2802100,5744500,2465100,1863328,3077332,2193800,10845800,1161900,4485200,11183800,1037200,7352400,1916400,5520700,829500,2540500,11942000,1908200,1740400,3771400,4670500,8071000,528000,1412715,5259700,5284900,10410518,7872700,14209100,18163900,5738400,10950300,65269000,3347400,661900,5213500,2387200,374600000,1926331,8147600,2956400,3399700,20214877,5078400,783600,2075300,3893400,1486200,13903800,1264400,843500,834900,2767879,6042600,6533500,1077900,5291400,4481300,872400,1403700,667200,33008512,5013700,1027600,2535700,147538500,1182100,2799300,8223400,2384800,5771400,3682100,655900,1971900,9219900,1741700,33662700,16820700,3662000,9115100,1062700
2019-04-12,111042800,5011500,,5482000,2663400,1681100,2458800,4923500,41048800,2060800,1412300,62288000,1349200,30087000,2316900,7334600,100192000,10337500,628700,4778900,4800100,19238700,4383000,1799600,3395700,3592700,3849700,12309339,1528200,9913100,2187600,2844200,14331700,10024700,42693700,2063000,1220200,2467500,65253500,782100,3520900,2375900,769300,7352000,1784900,7145100,369900,1510400,9170762,38646000,26915900,1651200,13735824,6975400,1959900,4949700,24312000,5096600,7024200,3097900,2248153,3032249,5511000,12910200,1137300,5756800,25834100,1299200,10690000,1914500,5470400,891800,3214100,11619000,3452100,3238800,4175200,5016600,12329800,736300,2299190,4689000,10104400,10164762,21641900,19745100,21740400,4768400,10550700,156462000,6037000,1108700,4986500,2208300,471708000,1949448,9014000,10070600,3501100,21338546,6707900,885100,2291200,4652900,2223700,13483500,1757200,1254100,792600,4553280,5194800,6815800,1827300,8667000,3819300,721000,793100,1457700,34451936,5209400,1635000,2858700,101190000,1390500,4881100,13979400,2853700,6745100,4003200,1192000,1077400,10847500,1337400,70271400,15486000,2431600,16638700,1829000
2019-04-15,70146400,3495500,,6095100,1619800,1462300,2425500,5739300,40812500,2038300,1765500,74488000,1209400,16216000,2285000,3822100,57438800,9657500,590800,2587500,5124100,19493900,3030200,2395900,3002000,2669700,2907500,13581950,1149200,7284800,1859700,2608400,12198400,17590400,13369100,3362600,1062500,2761006,32773700,558600,2808900,3965600,1125800,4080000,1395700,6091000,286100,876500,7059911,41206700,15439300,1829500,16642146,4766400,2331900,5179400,23796000,6617200,6961100,3049900,2538761,3768947,3970500,11676900,1601400,5380900,15163800,1322600,10261300,1448000,4549100,864800,3110800,14193000,3437500,1973500,6371200,7869000,10834800,450600,1774027,4667200,7075900,13822491,11669000,15792600,16932300,5872800,13278300,88423000,5034900,474400,6495000,1993800,440092000,1778858,7694900,11793400,4419800,18362788,5639200,827300,2403600,3491300,1934400,10712500,1550700,811500,668400,2979216,7632200,8764700,1232700,11178400,4936000,651500,667100,1445600,25769939,4026900,1801000,2194500,150579000,2003800,4265100,10021800,1768300,8142800,2824600,450000,826700,7741500,1073200,34954000,15335700,2198700,8536100,1680400
2019-04-16,102785600,3624700,,6227800,1618200,1638400,2187000,9881100,47340100,2727300,2108300,60892000,1156800,21116000,2523400,7083800,105168400,10412500,1030700,2644800,32945500,18635700,2672800,3001700,3464600,6383100,3183400,10727191,1281800,7790500,1360500,3004800,19718300,12943200,11942900,3079300,1310200,3525902,14564300,862800,3166400,7638900,1170600,6399600,1676600,2990100,346900,1822000,5162444,40950000,20299800,1457900,12085548,5820700,3025000,5985300,22622000,4852600,5614300,3271400,3190533,6591578,2566200,30301900,2602800,10745700,11583200,1942500,10804600,1749700,6573400,833900,2687800,15514000,2564300,1559200,9866400,5150800,11215200,566400,1853322,5403800,7899900,12531250,13358600,14071800,19337500,6523200,11176500,187402000,4652700,608800,5653500,1754900,394964000,2011884,7265200,11094100,5263700,27506976,8136100,949300,3371200,4544800,1829600,86755900,1654000,1054900,669000,3176411,8336600,6166200,1345800,7654400,5586500,1381500,607400,1683600,28733316,3639900,2443000,2834500,109093500,2536100,4133700,27361400,2072500,6021400,2507300,662400,900300,10239300,1977100,25217100,14485200,4167800,7005700,2014200
2019-04-17,115627200,6817100,,11212400,1637400,2391500,2094100,8290900,48240800,5242100,2105100,57870000,1091000,18138000,3799900,4424400,94831600,8105000,628200,2883000,16029700,20509000,3469400,3250000,4991900,8670300,2633600,16366393,2247400,7907100,1363000,4765500,26093600,22106000,11898100,3023000,1350700,6662306,14253700,775900,4518200,9779000,775300,7072900,2530600,2445500,342300,1685100,7268529,30688300,31700500,1116700,9643619,7888400,2420700,8643500,30366000,4195300,10626300,3271900,3624800,13101882,3266200,38788400,5093400,9543700,17791900,1503800,11849300,1663300,14842800,1041400,3874700,16936000,2829200,1875000,9054600,4698100,9973700,469500,2365210,6002100,5500500,34181463,19610000,19300900,22092000,8045600,82542900,180541000,5694900,665800,12429000,2260900,351004000,2319007,7792200,6554000,7318200,42412117,6778100,807000,2842900,4675700,1591600,156019300,1982700,1978400,867000,4425365,9439000,7102000,1665300,8346300,3582300,1916200,716500,3369100,29610995,4945300,5077300,7576000,76897500,2313200,6227500,22101400,2108400,4609100,3209300,692200,2851100,15498000,1728900,25144000,11187600,2795900,8311400,2142500
2019-04-18,96783200,7784900,,9712200,1319700,2028900,2268200,6122100,39880900,8266600,1325400,54998000,1322900,26548000,6186800,4703100,61796600,8615000,530400,2590900,10281000,13513800,4504500,2748500,4114300,5347700,3369000,14894573,2021800,6033400,1365000,4391500,18332000,15930600,9546500,3307700,2215500,6535294,11890600,863000,2822400,4262200,1026900,3977900,3219600,3307000,452600,1637700,12187165,29843000,27426700,1391700,10334612,11552900,2321800,10678000,24750000,2874300,9759200,3162500,6765891,5188160,2934900,20464200,7310400,10485300,12501900,1080500,12167000,1547300,9805800,1107100,6321400,14098000,3016800,2918400,4823600,6407700,11655600,465400,2129000,18001200,6363800,32768445,19906500,27991000,16193600,6670800,26298500,83532000,7016600,545600,14683000,3601400,380988000,1821067,8233000,8480700,6331200,50579774,7248900,477400,2287300,7765400,2400100,41621200,2415400,1920400,917500,3970117,6607800,5666700,2285400,15721600,3717100,1018200,758700,3396700,30872370,3577200,2960100,2746800,88144500,1728300,4195800,13927200,1859700,7859400,2670000,1355200,3195700,13189000,1294500,22416800,11183400,3107200,9493900,3420400
2019-04-22,77758000,5358600,,5810700,1393900,1364700,2320100,4672200,36477300,3215800,942500,67476000,750900,13504000,3174400,4147700,34763400,7897500,432900,1929100,7824200,13195600,3637500,2050400,2463100,2654200,3901700,10861633,1498400,9061600,1300000,2943300,11951500,9122500,7946200,2351400,1376600,3082034,10197500,866600,2615800,3011200,578900,3303000,2458200,3886000,445200,1222900,8559350,38718500,24351200,1529600,13467232,11480600,1732000,7203800,19084000,1591400,22164600,2593900,3463847,4700724,1474900,12327500,11266800,4666500,7975900,648800,9834700,1002100,7519700,1319000,4674200,11771000,2217700,1738400,5048200,5647100,13389900,279200,1678586,9066800,6186600,14548441,7042100,15648700,19447900,7303600,12610600,119805000,5390500,494900,6256500,2421900,279936000,1563686,6088100,5873700,3707000,31018904,9057200,499200,2587300,3530300,1927300,33292500,1351200,921700,414300,4694224,4883100,4923500,2366700,7901000,3290100,1297000,872900,1896300,29444568,3761300,1989800,1912400,182206500,1562700,3691200,11191800,2585500,4602600,3063000,507800,1213500,11950400,1990800,15972600,15238200,3924900,10770600,2058500
2019-04-23,93292000,9920600,,6823500,1785500,2693600,2722700,6703900,41777500,3471700,1457700,92808000,992100,19777000,3342800,4894500,41889700,13732500,687400,3475400,13874000,13205000,5930500,1879800,2541200,4360000,3388000,18100161,1403500,8133500,1524600,3418400,18796600,14102400,9079200,2922900,1891200,3927922,12159300,1675900,2336800,3850800,1023900,3763500,2145300,4242000,369800,2058900,9215346,39493700,19119400,1727400,8126706,10286600,4866400,9507500,31868000,2120900,13363800,3702600,4423733,4667461,2821300,17739900,6303600,5790500,9193100,1208900,25327800,1796500,5891500,3425800,4033900,20486000,3108400,2192900,4608600,6446500,19954800,351100,1867913,9228900,6804700,19281523,8163700,24025500,21489400,8818000,11636200,100898000,7513700,1678900,10288000,4806300,346856000,1692480,10923400,10307300,4464100,26672102,15979800,733700,2448800,6397600,2461000,56973700,1235900,972700,818700,9030605,5273900,6883300,3760500,8539400,4253000,982400,1059000,2931400,41937700,4718000,3099800,2180400,164158500,1548600,7547400,10261400,2851300,6522900,4232500,722200,1514600,23488700,1437300,16434300,15152400,2720100,10595100,2716900
2019-04-24,70162400,7056400,,6238400,1463900,1867600,2292200,10613300,51784700,2711600,1324500,73516000,1741300,23335000,2318400,9855100,40078100,12665000,1008500,3208500,19865500,9699900,8694400,2045700,2863300,1821200,3600900,27223545,1537500,7624600,1156400,3384900,13212000,9599200,22115000,2836500,1463400,2940696,11449500,1251900,1942400,3041500,881800,3264200,2740700,3599200,268400,1569500,9819328,39796300,31512700,1511700,5775345,6130200,5687200,5564700,23396000,4606100,11444000,2750900,4058537,2902545,2603900,17723700,4776900,5676300,9245700,1187400,15997300,1780200,4254100,2089900,2940200,26018000,3255200,3070100,4524400,4876900,37289900,496900,2450484,9662200,7056500,12779102,9042500,31257000,19637000,6187200,12384500,65419000,8063000,2439300,13600000,2805900,318204000,1467607,8769800,28235200,3517200,21196994,10094800,686200,2197900,4716500,2974100,40290400,1235100,850700,850400,4344803,9347300,4959900,1734900,8941800,3069600,828700,861500,2735900,95658073,4714500,2770000,2373500,160912500,848600,14483900,6104100,3570600,7376500,5046400,653300,1164500,13227100,1586900,17831800,14093400,2430800,11684000,2196400
2019-04-25,74172800,10442900,,6011700,1035300,1747200,2249400,9547000,57329700,2453700,993100,121982000,1118900,26732000,4595200,6615000,43243800,9610000,598700,3152100,13209900,8913600,5094700,1405100,2482200,2290900,3191200,29588444,1210100,7305000,1278200,5498400,15526900,8503000,10636400,2215800,1256600,2442571,16382500,1147600,2506600,2993000,625700,3185800,2809600,4090800,223800,1599000,5867510,52596700,46459300,3086600,12515311,7944700,4034800,8154600,31344000,2075300,8840400,3292100,3544058,3043965,1401200,27949900,4370700,5218100,9311800,1305700,11444400,2229900,3425000,1506500,4164800,47583000,3152400,2040800,4435200,4503100,54148800,374700,17516855,16929600,6554000,13994154,5585900,38033900,28346200,5898400,11454200,62555000,7069900,1298400,23887000,2598400,499296000,933444,8226100,16502800,4433700,18130065,6085300,963800,1981300,5241400,2745400,20732200,1142300,891200,2494600,3712381,11084500,4214600,1479600,9404900,2755500,905500,651000,1493200,58284201,5487200,2053700,3365800,327741000,903500,5315400,5954500,10116600,8862500,6312000,989800,806500,17425500,1272900,23042800,11883300,2094400,11135000,1494200
2019-04-26,74596400,5790000,,4286500,1010300,2114000,1761200,7203900,48827900,2445400,870000,168652000,1055900,16404000,2990600,4259600,40627500,13527500,469000,3155400,9621600,10692700,5119200,1644500,1794200,2343900,5956000,17637937,1658400,9216800,1842900,3342900,18010900,9084500,11626700,1702300,988500,1924255,14167600,2665500,1921400,3496300,793600,4127700,2175100,4380400,361000,2454800,6970464,156136700,23605200,3638100,14905235,8144600,2812300,11830500,27228000,1543100,9934500,3560300,2868201,2426511,1585700,72364500,2122500,4613600,7889300,1196800,10154300,1483900,3372500,873200,4064500,28652000,3349300,2302100,2957200,4334400,22075000,799000,5371595,9129600,6244500,8888193,7661100,23654900,26092400,5653600,11462100,56219000,6219600,953200,11083000,2260300,868988000,803825,7101600,10170800,3033800,20053193,7747400,802600,2286300,3930300,2091500,18860600,1126300,846000,966000,3273022,12550500,6664200,1015200,8527500,2810600,834100,565000,890300,46593943,2731400,1550100,3561900,335410500,1442600,3582600,6186200,5421700,7525400,3008000,691600,1117700,16329700,977300,13035500,24323100,2228100,18053500,2035400
2019-04-29,88818800,6444500,,4355000,1111900,5592400,1474600,5847300,44532700,2662500,901400,80426000,928900,13404000,3096200,5457300,68408600,10822500,366900,3467600,6018000,16491400,3374300,1330200,4796700,1795300,3383900,12625278,2537100,6769300,1429700,4509700,16259500,9731200,9404000,2598700,889700,2643242,25746100,1502000,2370800,3122600,958300,2248300,3209900,3512000,296200,2426500,7426815,62500500,15525500,1471400,13243923,5252500,2248400,9601100,72368000,2997000,6507100,3785200,3122629,3094382,1846200,42142300,2257500,4275200,14242200,1220700,9731500,1195400,4097200,969100,3186900,16077000,3274900,3456100,2590000,4852200,19641300,922700,4548866,8045500,4506800,7395317,9702200,16324200,13452800,7094400,13552700,38217000,5008400,954400,10130000,2300000,391920000,1085045,6443000,9112800,2793400,23229001,4787600,1583100,2180100,4416700,2651200,17930000,1618300,598100,953800,5417378,5426800,5292200,1792500,8927300,3315100,1183000,1016100,898000,42053815,4540500,940400,2631300,250717500,2457800,3407600,5345300,4551000,10003600,2661700,1402400,750300,13985000,1123800,16918700,19139100,1851800,10023700,3445100
2019-04-30,186139600,9367400,,5514100,1535800,3068000,2545300,10447200,73165900,3963000,1476200,70120000,1425600,18953000,2387900,3732800,47764200,10560000,567600,3611100,7938900,11122000,3862000,2061500,4313700,3430200,4050200,16755101,1828400,9358300,1427600,3581800,20846000,13911200,21431500,3359900,1573700,2893433,15253100,1639300,3242700,2824600,1942000,2341400,4805200,3804600,408100,4759300,10656602,46079300,19578600,1562800,35549901,7164900,4730600,16035500,133178000,1833000,10142700,3415600,3874454,4852185,3095700,27130900,2109900,6003700,11389100,1119900,17912900,1404200,7548300,990000,3367100,16043000,7179600,6162300,3934800,8481300,23494700,1415800,5431036,15760100,5005400,11269039,8104600,24166500,16342700,10643600,9588600,38701000,7614100,931000,7613500,2729500,362920000,1947797,10562300,24103900,4963600,34360400,8251300,1370200,2396700,5640300,3303300,17582400,2259300,554800,970200,5232736,7384400,6629000,1721100,12163700,7218500,2193400,1066200,1063300,46341721,4737900,1380700,3064900,141969000,1344100,4533200,7632300,5101400,6432700,3049000,2097000,1619800,15469000,2680300,18525100,18400800,2777900,13721500,2356400
2019-05-01,259309200,5231700,,6702300,1242400,2056200,2282600,9388100,136066900,6109100,1384700,62340000,974500,18158000,2450500,2765600,56161000,10185000,488600,3769200,6081000,13261700,3652000,1481400,6672100,3204400,3919100,15287443,2580900,12032000,1350400,2707700,17648500,26243000,10097000,2878300,1327400,2043710,8906700,1407100,2323400,4264300,977500,1854900,2251700,5186600,499000,3525600,7704691,41805500,31549800,1432900,19938144,5779700,3563700,8843300,74340000,1981800,8826500,4644700,3991694,3194170,3852500,20467600,2823300,6656300,10412900,825700,10551200,1018300,5392100,1104300,2953100,11369000,5146000,4059600,5194000,13043600,15996600,935200,4566926,7372100,4991300,15288643,9056300,26821700,17673300,8541200,7707000,92573000,6524600,825800,7643500,2237600,354280000,1432416,7792700,11084200,3810800,20703406,6733800,1113800,3585900,3655700,3350700,28211500,3795200,503400,645900,3487537,6678000,7019300,2129700,10523300,6057600,2256300,1113900,972000,35810228,3319300,1491900,2941100,160566000,2881500,3335800,4823200,2615100,5248100,3881300,2353700,1824800,11627400,1955000,17542100,16011600,2340900,13909800,2095100
2019-05-02,127985200,5206300,,5112200,1889900,2482300,1789600,12709000,100514800,3014000,1412700,79258000,1404500,20428000,2538700,2438800,40634100,13225000,436100,2646700,10698600,12186700,5405700,1223300,7569800,4885300,2209900,19260524,2503900,12614200,1237600,3181100,24220600,14489700,9495600,2450300,1702400,1920420,16580400,1539400,2656600,3609500,930000,1604600,3067100,5145900,726200,3072200,6599915,34508400,21879600,1477300,15895597,5735800,2978200,11291900,45098000,1514700,10142700,2810000,4691318,3704304,3360500,22655400,2431500,8835600,8613300,1476600,8724600,1691000,4168800,962300,3206000,13401000,4747300,2418000,3927600,9729600,13209500,726500,6763260,5803000,6849500,11579142,7680500,27350200,17046800,10035600,8289700,53982000,6813700,1028100,16058500,2404700,394684000,2289595,9652200,18795100,2875900,20471210,6270300,1719500,2561300,2852800,3708800,40342000,1803600,812400,736000,4379761,6247500,4387300,1487700,9108300,4842100,1644600,1373400,1126300,39338026,3515900,1353800,2269300,272389500,1523200,4532200,5499200,2589800,6054900,5084700,2297300,1209800,14435400,1752500,16883000,15021000,2123200,15360400,2003600
2019-05-03,83569600,4527300,,5452700,2680200,1979500,1323200,7375400,55503100,2944500,1059100,127632000,1268000,19214000,2856200,2953800,35256100,12402500,403300,3382600,7869300,11486700,4154800,772300,3826900,5762400,2436700,13605317,1872700,6883800,905900,3131000,26887100,11035600,7364900,3126300,1050800,2611433,8874400,1192400,2988600,6385800,777600,1231700,2516300,6354600,420200,1982200,6444994,36291200,23411700,1229200,13806910,8822500,2408000,7201000,41588000,1897600,8127700,3583400,4380445,2698575,2630200,25656600,1387200,5281600,8185400,1257300,7076900,1248900,5695500,806700,2575200,12578000,3194200,2915200,2754400,4419100,14575400,419500,5678249,5138100,5626700,7942582,5829700,24911100,16577000,6694800,7044100,51303000,6798300,974800,8265000,2104800,336824000,1195572,11066500,10790000,2854900,18664759,4793400,829100,1767000,2738800,2811100,21068400,2134100,848300,723900,4513396,4967900,4085700,1099200,7184800,3490500,1069900,1129000,878600,37370694,4916800,1254200,2588800,355602000,1913800,3689000,4323100,3107500,4317500,2994400,987100,971800,9388200,1049100,16571300,15950700,1636100,12180700,1965200
2019-05-06,129772400,5413200,,4006700,1630200,1994500,1993800,11824300,70344100,2735000,1548700,108356000,2010900,14371000,2924500,4747600,39882000,13502500,434400,5657200,7742300,12004000,4866500,1172800,2969500,3249500,2383300,14199103,1617900,7402400,1194900,2520600,17025900,10689500,11035000,3725900,2913100,3097488,9955600,1212800,2659600,4413700,1087700,1686200,3327000,3705900,496500,1828500,7364285,28640600,19892000,1290300,8754137,6304700,2224400,7506200,31774000,1927800,7067800,2619400,3184804,2921792,2850500,26245200,2269800,5818900,9387000,1458700,8657800,1407000,5952100,812800,2730500,12830000,3022000,2371300,7532400,5224200,13994900,659600,7795050,7234300,6409400,9906534,6310000,24239800,25776000,6730000,6190800,57931000,12836600,549000,6277000,1680200,422176000,1272146,9305400,25494800,2883900,25973406,4890400,879900,1292200,3307900,3427500,15682100,1224300,916700,596200,3776100,5607500,4663600,1357500,6571600,4033800,851900,973100,1111400,33340968,5692500,1320300,1875700,162508500,1562800,3974300,7180200,2704900,10442400,4741700,1499600,888300,10066100,948700,19279900,13841100,3295500,13367100,1301000
2019-05-07,155054800,4275300,,5322500,2308500,2568000,1808700,9898300,75868800,2797000,1510000,118042000,1556700,21734000,6282300,9740300,58528400,11930000,709500,5266700,6403000,17673400,5622900,1171900,5068100,2350500,4125500,16544048,2517800,6452200,1775200,6541900,25289700,9586900,9165200,3684500,2182200,2551085,10972700,1014600,2546200,7090900,1305400,1473400,5980700,4170900,523700,2654600,6526590,41154500,22783300,2152300,11415060,7281300,3548000,11257000,36604000,2839500,10469600,4622100,4969618,4944233,2999700,29713400,3519000,6606700,15017700,4589400,12487500,2049600,5127200,1176400,4885500,29342000,4257500,3072500,11424800,9827000,16253000,488300,6477058,6808400,9697100,10523387,10365100,36017700,35094100,7748400,13692300,69749000,9811300,731800,7828000,2182400,555220000,15197542,11712400,21567200,3558900,27603838,6021700,923400,3169200,4804400,3421700,21579500,1309000,1967300,783200,7794522,8115800,7113900,1632300,10438900,3557800,2063200,1078600,1502400,34121069,4456100,1480900,2594800,151971000,1533100,5928100,5104700,4221600,6413600,6014900,1554200,1345900,12963800,1260400,23919100,13726800,4438900,13498800,1673400
2019-05-08,105358000,3820700,,4362800,1984900,2610800,3040300,7709200,65967500,3368400,1339000,81572000,1500100,15099000,4037500,6030000,39903400,11615000,454800,3838200,7128900,9470500,4140500,1273300,3207100,1800900,3273900,13953052,1549300,4809000,1611900,4061300,21525100,8841200,6229000,3180300,1806400,2674714,15423500,808200,2832400,17468500,1266800,1228100,4312100,3925400,590600,2822500,7786287,33472200,18093300,2029000,9500004,6509500,2645100,7082900,25520000,1817600,11995500,3122600,3076476,3994569,1941000,36812400,2474700,4667300,9575800,2311200,9281400,1264600,2992600,1083800,3366500,15551000,3050700,2040900,8452600,6280500,12505700,463100,3576638,8784600,16021700,10567508,7340300,28419000,26190100,7887200,8983600,65720000,9501300,667700,6315000,2770100,419168000,3430162,10729800,17378500,3844700,23811968,5392600,955500,1801400,3224000,3095300,15500700,1065700,1183700,628100,3807721,7799900,3600700,1317000,9237900,3965100,1013300,1242100,910500,33120125,3747300,1691100,2849200,92646000,2577300,4819300,3768400,2497800,5445900,4850800,1128500,1121600,12086700,1061100,19814400,17646000,3093400,11352900,1367600
2019-05-09,139634400,3792200,,3736700,2044800,1866800,2452100,11580600,73150900,2854400,1240400,106166000,1271200,22282000,3219600,6075200,44173500,15697500,435500,4251300,8510500,16994200,5906200,1191500,2749400,1682200,2415200,14537235,1563600,7799800,1919300,5809300,24322800,9255700,16496300,3652200,2026000,2464567,15297100,796400,3165000,5159100,819500,1471200,2902300,3395100,335800,1957800,6234694,43621300,17882700,1601400,11937839,6116700,3621400,8898600,29556000,2333400,12767700,2917700,3140136,4385564,1915200,59642200,2092500,5604200,12205900,2751100,11450500,1999500,5818900,1496500,2919700,19390000,3891000,1923600,9035200,6125100,12967000,506900,6097447,7161400,15870600,8105861,8102300,27235800,27844400,6872400,6850800,58826000,6336600,1125400,8549500,2146400,660248000,3517056,10711800,36678600,3127200,19732461,6901700,772300,1775300,3503200,3393700,14516000,1057900,864100,1041000,4066569,7326600,6288800,1125900,12928500,4080500,1421700,1331300,922000,35851802,4971600,1550700,3319800,100671000,1365400,4817500,4299500,3998700,6813700,6661900,670100,820200,14834900,1132800,23246900,18720300,2446800,13221600,1517100
2019-05-10,164834800,4731800,,3993500,2139600,2097500,2584500,9025500,82930100,2942300,1283100,114360000,1329400,21025000,2435100,4574100,59649900,29210000,484000,4075700,7458700,12318700,5240600,1352000,2507300,2195600,2341200,13797911,1533000,6411500,2036500,4462200,21795900,9397100,8787900,2336000,1753700,1790813,9858500,1190900,2965400,3979100,1184200,1467900,2799700,2425700,438200,1833200,5695345,37629500,19163100,1475700,12666230,5953400,2921700,6440600,31650000,2089400,14085600,3863600,2485180,4160570,1628000,42522800,2018700,4771600,13189000,2132900,9653800,2511800,3660500,1204900,3795300,17561000,2816200,2668800,6645600,5778400,12578500,606000,5994711,7825800,10158900,9027158,9749200,30915100,30368100,6420000,7544400,56571000,5450500,1418000,8772000,1950900,569500000,2581858,11200300,17791400,3720400,17391527,5815800,1057100,1960000,3318400,3094900,15955600,1508600,1407500,1480800,4214823,6448600,6131900,1503000,12810800,4165800,1279700,900200,958200,29145609,4895900,1548500,3360500,105124500,1708000,4189900,4374400,3071200,5192500,4484100,866000,805700,10707100,1085000,19983400,26228100,2468100,11056000,1885800
2019-05-13,229722400,3858400,,5166700,1853800,2698300,3566700,10724700,99017900,3371800,1790600,115668000,1422400,37864000,3710600,7757800,72547000,12325000,703900,5185800,5476000,23494400,8580700,1710000,4467400,2341000,2601300,18254983,1720500,6280300,1962800,5694600,28869900,11183800,7701200,3522200,3172500,2621134,11389900,797700,4046600,3685400,782300,2501200,2737300,4184500,498800,2729600,5779324,51102100,28910500,1781400,12065484,8146000,3053600,19454800,45626000,3605600,17946700,3325900,3930793,5186068,1943900,39091900,2781600,5560000,13783700,1965100,11911500,2328500,4284600,1504000,4714900,28563000,4136900,2809400,9680200,5682800,16833300,699300,7076373,6150200,7505300,9641705,16506200,33944900,33092100,10632800,9641700,80267000,6445200,987000,13880000,3261900,656912000,3750185,10664700,12889800,4297200,28010788,7575500,2039900,1981600,2491200,3065600,16689000,1761100,1153600,1186100,6545091,9778500,7829000,1632900,16732200,6482400,1068100,1538200,956300,36692409,6723900,1628800,3476800,162522000,4018500,7867600,4684400,3766300,9730000,3943400,881800,1118500,13759000,1920500,23304700,22084500,3695800,12176100,1754400
2019-05-14,146118800,6365200,,5319300,2181200,2046600,2403100,8370100,82980400,2525300,1788000,92582000,1218500,34277000,2460700,4747800,52216100,10260000,426800,4005200,6567200,15096400,4019100,1717100,4244100,2778500,2855400,17704304,1621900,5259000,1635100,4954000,25478300,10772900,6858500,2907600,2325400,1984716,12001700,956800,4955500,5769300,1059200,1281800,2151100,2482500,419700,1853500,6916627,31297200,18222200,2248700,14148995,6810900,3254200,6534600,40392000,2463300,9745500,3663600,2780563,3431298,3179400,24706500,1687800,7179400,10503600,1999800,16844200,2029300,3668400,1171600,2961900,16563000,3862100,2787700,8457000,6729900,17628100,652000,4800744,5527600,7644100,8113826,17302200,25266300,24004000,8954400,6982100,53530000,7529200,1256900,10234000,1837600,524880000,2271948,11520800,7195100,5150300,26772759,7004000,994000,1692900,3157100,2450300,14353700,1504100,836900,907800,4305078,6870900,5098200,1262100,12042900,4294500,1408400,1117600,625100,49683365,6681400,1845200,2987100,108786000,7835500,4068200,5329700,2889100,9756700,3389300,920800,938200,12776200,1590700,21267600,19061100,2648800,10548400,1711700
2019-05-15,106178800,4795700,,4385500,2060800,2708600,2169900,12051000,55689900,2860200,1285400,93852000,920800,18166000,2711400,4810000,51973200,9520000,424200,4024300,8536900,14570900,2875900,1083700,3906800,2094100,4454400,39765383,995600,6316300,1194800,7783800,30577200,11618000,6945000,2870900,2330500,1860410,9734100,856500,3653200,4694700,605300,2055800,2037200,1950500,279100,1315300,6331993,44050200,16125900,2314900,10777477,5381500,2355800,8190400,59302000,2271100,8288200,3355800,1983433,2668346,1370400,23407900,1300800,6429400,10142000,2461100,11422500,1184200,3724400,1127000,5104200,16087000,4186900,1899000,6792200,4342400,16746900,624300,3606538,4803900,7209900,7284543,10703100,24722700,17532300,7071600,9298100,63401000,4862200,619700,6419000,1409600,502320000,2702911,8573000,13684500,3751900,33520678,5535600,1335600,1342200,3223700,2059900,11784800,835200,784100,681500,3861588,5415500,10343600,1039500,10558400,4033100,906000,1232500,778300,31685041,5323900,1834200,3798200,109440000,3453400,4803600,5099700,3818300,7547000,2589500,896700,663700,10806300,1167300,20123300,20220900,2952300,8918000,1459500
2019-05-16,132125600,5404700,,6098100,2232100,3413100,1866600,11932500,67330100,2716200,1507400,94156000,974200,34233000,4143500,6036500,42791500,7625000,449100,3074000,7498800,10573100,4316600,1396200,2794400,2208700,3581300,18772478,1061200,5312500,1800600,5048100,46057800,11823600,8543300,2659500,2893400,2598574,9689400,846700,4151900,3728600,1070400,1524900,2373900,2043800,327000,1419900,6427609,32697000,15201300,2676900,10935800,7535400,5230400,5734600,35308000,2008100,8362800,3854000,3217801,3156096,2443000,19954700,1792200,6857200,9672700,1956800,17771300,1866600,3914100,1092100,2860300,17612000,4911900,2520500,6276400,8781200,12953100,767500,4831242,6350800,11750700,9910831,9305000,30112200,29479200,8465600,6742100,64415000,6745200,1045900,21063500,1173000,781088000,2016631,10013800,10655200,4812900,25508486,9284200,671400,1705100,2928000,2645700,22498800,722600,1049100,526800,4463819,6941800,8458500,1781400,7632500,5262200,900800,885300,1172400,31292608,5239000,1340000,4946400,112249500,1663500,4690600,4456400,3337900,9745500,3282900,934800,1688900,11695100,1375400,20764100,51366000,1793000,8105200,1929800
2019-05-17,131516400,4756400,,5169300,1551100,2223500,2212300,20218200,65385400,2266600,1421400,94732000,1130600,39094000,5273600,5282900,43772500,8655000,496900,4614600,5482100,11503500,6122600,1817400,3006700,1558400,2764200,14848265,1223700,4906100,1672000,5314000,27299300,8046700,6870900,2474300,7817500,3078876,8964200,689100,4428300,3031500,856400,879500,2689000,2701400,289400,1607800,5783390,34565400,25625100,2235100,7436095,6660900,3954400,7970000,25362000,1928300,7923900,5223800,2222795,2739579,1284400,22500400,1394400,6915300,9570100,1747500,11257000,1737900,3109800,1268400,3712900,24442000,3129800,2239600,4609200,6956300,10485400,395100,5495620,6129900,6239600,8259707,8411700,25770500,31096300,6821600,6777900,47254000,5068200,1172000,8609000,2709800,1022068000,1475038,9057100,13991500,4011700,29187684,6370200,1007000,2310800,3886200,2562400,19523400,752900,756000,579900,2551298,7379900,8971000,1376100,7252400,4847500,1799400,1686700,998100,40897698,4645500,1320500,3619000,266800500,1245100,6944000,4486400,2587000,4582500,2553600,800400,898200,14436700,1356500,22273500,37113900,2532400,9279400,2042100
2019-05-20,154449200,4395500,,4493100,1566000,2392000,2142000,21371800,69757400,2144300,2764800,75964000,1391800,65162000,2765600,3219900,41717600,8800000,465700,2645300,5053300,11605900,6312500,3521200,2876500,2028800,3149900,15038405,1250500,4794800,1600500,5437600,21004100,8083900,4569700,2702500,3715300,2874595,8009000,721500,3100200,3842900,689400,1207700,3454800,2823000,379400,1332800,6363117,29535900,14752000,1672800,10474656,4473900,4319400,17521900,30602000,2483400,7073000,4782800,2187464,3414667,1788400,28675000,1923900,4771100,8518200,2152500,13850500,1383700,3042800,1388200,4452200,32441000,2951500,2217400,7699000,6517300,10352000,493400,5232022,7133900,5315900,8281191,8951600,23706900,34489500,5464000,6864800,46215000,7181900,1427500,12073000,1939900,572064000,1851408,9820200,9405500,3965600,24251591,6565300,794800,1370100,3131300,2106500,32679300,763800,738600,685000,3091558,11475000,7055000,1578900,5922600,3459500,1255400,1067500,811500,70774685,9723800,1525300,20102700,307893000,1840000,7519900,5390800,2088500,4747400,2774100,716900,644300,20910600,1284700,18854000,21582300,2323100,7154300,1665000
2019-05-21,113459200,4841900,,3819700,1224900,1793500,1768400,8949900,46079200,2249300,1338100,80102000,1294900,25060000,3369100,4022600,39258700,8515000,307000,2664400,7933000,11051500,5492900,1541700,3220400,2979600,2538200,17586401,1121400,5855300,1504200,3803100,18562300,8163200,4859400,3505100,3567300,3238939,7050300,1019100,2728300,3958200,892800,2404300,3715500,2537300,403100,2048100,5427422,30099300,19315300,1889500,12121141,5118200,3501400,8387600,20562000,2327600,8764900,8555600,2691120,2618661,2300900,25543400,1725300,4859000,7967900,1738000,10587400,1051500,2611100,1097800,6415500,20314000,2881600,2264600,5866600,6732200,7502800,412700,4961247,6218900,6908700,10873734,5936200,15293300,32501300,6069200,7162200,40264000,5762500,1385300,5393500,1771000,361848000,1645937,8482000,12046600,4080800,28785056,5226400,830900,1891200,3165300,2722600,17282200,1033500,999900,760800,3480863,5808500,5868400,1300800,6716300,3435000,1775700,1696800,922100,30867074,12248300,1420800,6339000,270058500,2087600,4977200,5345300,1762100,9095700,3115800,642400,703300,14016300,1484400,18416300,20667300,2272500,8489900,1166700
2019-05-22,118994400,4219500,,3062700,1212300,1570500,1916600,5897500,40035300,2615500,998000,58732000,976900,31809000,2941100,3841400,29177600,9197500,331000,2775700,3714200,12564900,4620400,1224800,2211000,2531000,3862500,12765908,773700,5156300,1242300,3170100,19479200,7919800,5763300,2832300,2626800,2170046,5093700,782300,2225700,1831200,900900,1537900,2579300,2869900,332600,1915400,6584633,51407200,18387100,3021800,10361698,5764800,2876200,13264100,18826000,2427200,13154000,5706000,2388842,1934891,2333000,16932500,1555800,5456800,7918900,1255800,16050400,1334800,3934200,1049300,22721500,11325000,2936000,1760300,5479200,6396900,9213800,452800,5387023,6970600,5547700,13491847,10109600,15396500,20902400,6706800,7263000,62294000,5237800,952100,3878000,2003400,325868000,1766990,8389700,13530500,3588000,25274604,4889700,516900,1111700,2886000,2111600,66150700,929500,1252700,489500,3086791,5602300,5378600,1023000,7429900,3904700,1540300,1288300,878500,26465171,10859200,1740200,3287300,280278000,1612400,3297000,4038000,2580700,5416400,2942200,1423500,1230400,11487100,1149200,13155000,22022700,3737400,7858300,1059200
2019-05-23,146118800,3299100,,5507000,1250200,2706400,2037100,8459800,67809200,2902500,1436800,88486000,1065600,46607000,3290200,5305400,59772900,12095000,577600,4737400,6282500,15042200,4964900,1472300,2930700,2370600,2855100,15743585,1189700,8896800,1822800,4508200,22734200,9388900,11000200,3302000,2584400,1877669,6743300,1013900,3862000,3072500,1139600,1683100,2950300,4547200,467900,2020000,5125852,43153800,22137200,2498200,11404487,6707200,6855600,13746200,25214000,3184100,23565700,7754000,2881994,5589196,3167200,35783900,3433800,6951800,14558000,1423200,12199400,1318500,3653500,1461200,12687500,18492000,5072500,3560400,5790400,6261700,12768800,451000,4580919,6493700,10245900,9831498,13128900,23603800,32186700,8216000,8810000,56304000,9704200,1116900,7292500,2553000,591844000,2458327,11213900,21382600,3901400,25495944,6175600,1373400,1635700,2814700,3020000,31820700,1545700,934700,972400,8983570,9213200,9351700,1966800,12398900,4640800,1649700,1046500,798900,32657122,8858000,1567500,3887000,398206500,1492000,4828000,3934600,3111900,6138000,6237700,1278400,1272800,11706700,1787100,17643700,19363800,2486300,14657200,1726200
2019-05-24,94858800,3872700,,4866300,1288100,1878300,1485000,8541800,39835800,2417100,1412600,67394000,776000,27963000,2240100,5387500,35524400,6732500,277300,3314300,8232400,9715400,3802500,2023600,1678700,2269700,2267800,9989041,800700,6070700,1340200,3151700,13057600,5681200,4890800,2101800,2597200,2018669,4570100,723600,1987700,2262600,673200,1386100,2630600,3757500,251600,1661500,5883633,22131500,16447000,1348600,9536881,4197900,3033900,5262500,18554000,1637200,10217300,3799500,2159666,2715521,2693700,27168100,2324400,5473300,8537300,1007200,6887600,1025300,2086400,1293100,7096200,21382000,2710800,2105800,3570800,4241000,8807700,426300,2830812,5735000,4860800,6071588,6172300,14123400,19706000,5559200,6135400,38310000,5999000,723700,5909000,1836700,357584000,1347379,9090700,14996800,2702700,15383341,4372100,746600,3072900,3283900,2661600,21420000,718000,401100,767800,4952595,5627600,4153200,1095900,7665200,2830100,1148400,1275500,708000,21391471,7673100,991500,3579500,212049000,1196700,2786400,2973900,2401700,4105600,3385600,529900,1115700,8755200,1419700,13425500,13449600,1744800,7056400,1266700
2019-05-28,111792800,6557800,,5418600,2336500,2475800,2650300,10715500,146949600,4066200,1936300,64000000,2362700,61965000,2550300,3504300,44273400,9770000,462600,6914900,14470400,14727400,4889400,1492100,3153000,4552300,3327700,16244648,2557700,5685800,3164100,4934100,29769200,12493000,8145100,5757300,2054400,4002257,8938400,1134100,3837700,2729300,1154400,1621900,3908000,3148500,285100,1958100,6027899,27656200,15714800,2528400,14488312,9821600,7617100,7895400,20948000,3040000,11673400,5165800,4113921,5134605,4187800,34779900,2719200,11919600,11665500,2574300,18614000,1483100,5007200,3559400,11747200,25526000,6252100,3675100,7644800,13265400,14843300,602100,5830620,18094100,8418500,13779733,10539500,23128400,26758400,7048400,11372900,47171000,7927300,1419600,7224000,3851400,428356000,2237892,28230400,8680400,8806000,49440610,7615500,1041400,3494200,8499900,3105100,22667300,1179600,718300,1188200,6419719,16205200,5174800,1521600,11869600,4747900,2642600,1593600,2393200,32468584,9810600,1676800,5391300,154693500,1702800,5707100,6172700,3357400,10202300,3709000,1137800,1542100,21860500,2200100,19984600,30815100,4850400,14912900,4303700
2019-05-29,113924800,4182200,,4013100,1547700,1806000,2137400,10137000,99969600,2671600,1448500,85580000,1183700,28132000,2553900,4160500,49818900,7937500,390700,4625700,6052500,13836300,5330000,1423900,3485200,2054400,3580200,17626840,2018000,6828300,2594900,4359500,19762100,9578200,7451300,3159000,3013000,2034235,7749600,805200,2319000,1889400,793100,1672200,4191700,3974100,278000,2337900,5080147,32262600,14107300,2045900,8945986,7193700,11266300,12911200,36230000,2815800,12559400,4569900,2682102,3848234,1800100,28450300,2087100,23247400,9966400,1897100,12534600,1405400,5915800,1184400,9281500,25662000,4014300,2925100,5903400,7530400,12797700,434400,4388124,10412200,5894900,11278890,9808700,22763100,28796100,7214400,6370900,56589000,10116900,582000,5638000,2870800,559800000,1676381,12448700,9055400,5502700,26895761,7137300,1211400,2309700,4282100,2232000,16312600,1015900,627100,1074300,4444592,10511600,6469800,1309500,10072100,3254200,2067200,1237900,1053300,35680344,9046900,1232700,3540700,179529000,2261100,4923400,3958400,3388100,6456000,3054100,640800,1788400,13418700,1801900,16058800,19560600,2695400,13645200,1883100
2019-05-30,84873600,3533100,,3600300,1047900,1601100,2341200,7491700,65289100,1943300,1568600,62938000,752000,17310000,1882400,2183900,58649300,6645000,412400,3646300,6964500,13570900,2878300,2377300,1950900,1291500,1834400,24182381,1183500,5817900,2030300,4418100,12954300,6789100,5807900,3663600,3110600,2246412,5274000,619900,2319200,2513500,570600,1113800,2125500,3010000,332600,1265700,4585942,24759600,15900300,1670400,10138450,4311900,5388800,8550000,18088000,1919300,12157000,3029800,2070648,2868027,1946300,21618900,1434900,7360600,10367800,1777800,9087200,1042000,2392800,859100,5709600,12630000,2817400,2685000,6416000,5699600,8581500,549200,2964525,5801700,8279000,7483768,7797200,16829600,20957600,6462800,6749100,40080000,6177800,1099500,6524500,2921300,394300000,1103414,8569500,16919000,2710300,17344308,4729200,882800,2030900,3827700,2449600,11554600,854100,627800,1254000,4367525,7178400,6270000,1253100,11763600,3254800,1519200,733800,1192000,32077342,6509200,771400,4111900,118897500,1338100,3365700,2646600,2518800,4750600,5119600,590900,902900,17484900,1464900,13775900,15058800,2131700,9362100,1281800
2019-05-31,108174400,4003200,,6570800,1799600,2526600,2250000,8394900,68667800,2808900,2706200,92376000,926800,22192000,2969100,3217600,68304200,9160000,534600,3685200,6825900,19968900,4711500,3175500,2669500,2375600,3031300,23596065,1782500,6939500,4058100,5326900,20480400,8089300,6899800,3256300,2206600,2246863,7420700,985800,3182500,2818700,819900,2056600,3938000,4316600,337700,1840100,7204037,48250400,22076200,1912400,9297080,4871900,4499300,15779900,31582000,2640100,16450300,3681500,2011126,3702108,2540700,25532500,2552700,7811000,10952800,1373100,11368600,1757200,6098400,1024000,6530400,15766000,5041400,3669100,8179800,7100000,15226500,647800,4212192,6416500,12939000,7142749,11328600,26646800,18607300,9161600,13522400,50234000,8891100,667700,6097000,3610000,389720000,1727981,11847100,11162300,4191200,22639288,10282300,815500,2831300,6420800,2785000,15060300,1041500,863500,1575800,5646829,7625700,9217900,1446000,11445600,3925000,2379700,1095500,1324100,65422282,5393100,1266700,5147800,156100500,2018400,4463100,3285700,4192400,5079000,5670700,1111900,982500,29916600,1811200,17540500,17782500,3822600,13983300,1642100
2019-06-03,161584400,8434400,,6286500,1774600,3903400,2216100,7795300,147532200,5774800,1730800,181974000,1815700,28911000,2968500,5148000,50109900,11557500,581400,3979000,5730800,19636800,4161800,2616300,3544300,2479200,3652200,23693589,1745800,6541500,2512500,8835200,22380500,8920500,6100800,2833800,2213600,2601958,7901400,1584400,3061800,3405400,2045700,2270100,3198000,3333200,461900,2132100,5241237,39446800,24158300,3918600,9484896,9150900,4230400,11019400,96890000,2857800,10669300,4620200,2530273,4463177,3539000,31155700,3469200,8434600,11680700,1923400,14167200,2882600,4722000,1345100,8393900,24126000,5452100,3211800,5377800,6747300,56059600,715900,4456894,6306400,8684100,9218103,10133200,37983600,21174500,6806000,11862600,78496000,11665500,746500,14111500,3432400,478644000,1993411,17434400,11148500,3588700,22643082,8532900,1065000,3404600,5160200,3144800,13620700,1183800,670200,1019400,4307779,8122200,7054500,1567500,9878700,4210400,1609700,849800,1124200,48092446,7498000,1659900,2941000,195966000,2013300,4504500,4999400,4971400,8034600,3760600,1403400,1080600,19518300,1814000,20172500,19844100,3374700,11831000,3397100
2019-06-04,123872000,6447100,,5836000,2269700,3750800,1904600,14138900,107549500,4553200,2351500,113582000,1874700,36805000,3043200,3592300,58426400,16200000,558300,4112600,6981900,17743100,4060400,2141200,4178100,2251100,3757600,23387040,1344800,7260500,1761500,12375100,21689300,12754300,5235600,2951400,1872000,3767520,8247500,1618800,2498700,2833500,1723800,1722500,3262600,3586200,494200,2419000,4770866,37324100,29427600,2854500,12320032,5647800,4467300,12875700,60512000,2420800,9992700,5118100,2864912,4093521,3872500,28094900,2300700,6648900,12858600,2074200,12010600,3115200,3122700,1573300,5560500,23986000,4862200,3829900,4931000,7167400,46044300,722800,4481173,5846400,8225500,9368806,11860900,29382600,25076000,7811600,12264300,78916000,7526800,796700,7613000,3760100,641836000,2820559,17073200,8835700,4242400,18453537,6906400,1180200,2470900,3850900,2781800,15866700,2833800,844600,1109700,3805973,11685000,8709600,2294400,8021100,3868500,1702400,1254200,1375000,41391153,7401100,1575800,3144700,207112500,1972200,4924700,4992000,5096000,6684800,3135000,1269600,1456800,15201200,3331600,21082000,17894700,2441800,10423000,3712100
2019-06-05,119093600,3804400,,5286200,1492100,2650400,2155500,10143400,79481500,2606400,2193300,84796000,1544000,23651000,2568100,3188400,44874400,9717500,605800,3210600,11081400,12536300,3598400,1943300,5599100,2194000,2675200,25955095,1630200,11839200,1825500,12072400,22521900,12128800,5105700,3738000,1634100,3417389,6842800,2413400,2819200,2584000,1628700,1487600,5091500,4593300,306800,1747500,6378679,42464800,25823500,2241000,8258886,5226500,4372200,9605600,46988000,1967800,21224800,3704600,2872551,3306720,2136300,20802000,3245700,6860600,8340500,1658700,15837600,3708800,4175800,1750500,5136800,19468000,4742400,4294600,3939800,6665000,19758300,642000,3781274,8692100,7868200,9821961,6421300,24926100,27070300,7546400,10111000,50201000,8173200,703000,9135500,2824200,511616000,1704348,15855300,18563800,5084200,21418861,6481700,694900,1939000,5201800,3097000,11779200,2251100,979900,1054100,3770538,7437100,6189700,2216700,9098900,5624000,1169400,1313000,1194500,27050379,5711000,2198200,1970200,202662000,1612900,3977400,3194400,2766900,7769300,3245400,1103700,1254500,11522900,2252900,13705400,20708700,3101500,10617800,3224100
2019-06-06,90105200,4032800,,5966700,1737700,2211800,1739600,8101700,131267800,2396800,1237800,73786000,1839900,32687000,2209300,2582300,38633600,8392500,675300,3005200,12114700,10868900,3295700,1266600,4086000,1300600,3866500,25605546,1296300,7370600,1487800,5601200,15927300,10043000,7370100,5094200,1391300,2416176,6027300,1210600,2985500,2654200,1625500,1612400,3169800,3545000,334000,1626300,6501635,28291100,20227700,1585300,7730128,4982500,3412500,9749200,29020000,1653500,16250700,3732900,2365181,2403917,1815300,19076200,1766400,9115800,8726700,1939100,15190400,3468200,3882800,1149800,4569600,15890000,3443500,4657600,3887400,5647900,12446400,688900,4283833,7267900,9358600,11393961,5741500,21459000,21088100,5614400,11645600,37100000,4953000,595000,4752000,3471400,408140000,1188554,10266900,11660800,5528000,24494222,6681600,705200,1538600,4730500,2837200,10781700,2023900,767600,825200,3197068,10457200,5798700,2589000,12356100,4727200,1386700,763700,1037700,32321091,6033100,1940600,2671000,303633000,1548600,4734100,2630100,2643200,13738500,3767900,1348200,1261100,9906900,1473700,16020500,24191100,1642200,11738900,3123400
2019-06-07,122737600,4829100,,5136400,1965900,2758900,2274900,6391200,86841100,2072000,1132200,96164000,1659000,25963000,2481800,2470700,51317200,8440000,504000,2672700,17415500,11674200,2547500,1348200,3503800,1862400,3453800,34450869,1104500,5893000,2270200,7175300,17394900,7826000,5343100,5142900,1555800,2686332,7026300,1247300,3243300,2021500,1242900,1377500,3463300,2462100,262100,1739400,8104401,18848700,31108800,2129500,8243075,6255100,2749000,6561000,43828000,1838600,15266500,3522300,2151496,2670856,1633200,24370300,2533800,6533900,10618900,1096700,15293600,3613300,2726300,1125800,3974600,16194000,3691800,4345000,3794800,6644300,16917300,574200,2413169,5161500,10342900,8797436,7546200,33885600,21430400,6242800,11352800,47773000,3891100,1010000,8462500,2243900,348856000,1152228,11591800,11714200,6332700,20023470,8063400,1066100,1556100,4590000,2623700,10495600,1154600,775500,905700,2930752,11278800,7468400,2902200,12881200,4097200,872400,948900,904200,42087842,4594200,1334500,2256600,240052500,1126000,5408600,2837400,2803200,10528800,2847200,946500,1109600,11656600,2268600,14979900,20428200,2857600,9095500,1964800
2019-06-10,104883600,3969400,,3927100,1525000,2487700,1956700,9651700,97668800,2091400,1976600,107420000,1109900,23280000,3453700,2560800,48305800,7457500,525000,2865500,8012400,10994700,3705000,1467200,3067300,1465300,3191000,17906074,1294700,5268400,1839500,29856300,16871000,8007800,5708800,3520100,1708500,1980317,8479500,1116700,3028400,2503200,880100,1232700,2995200,2044100,329400,1424000,5242218,33883400,19845300,2054500,10486695,5942700,2718000,8498000,28510000,2372000,10838300,3154500,3199764,3045220,2669100,20806100,4415100,4994700,11380600,1516400,9737400,1197400,8172400,1356200,5789500,16890000,4469000,4647500,4620800,5387800,14767900,510800,2700090,4989100,7440200,7536273,8693100,26477100,21728000,7104800,9607000,78103000,4419800,1088700,6243500,4174400,402780000,1430765,12984600,9861500,2957900,15275727,4767000,641400,1096100,4617000,3026700,15229200,965200,726000,798200,21901664,8102800,7054700,1480200,12121000,4450800,2257800,834000,708200,40947745,4644000,997600,3096000,158775000,1095300,4656800,2331000,3327200,7565900,3136300,748900,1025100,14955400,1565100,15242700,18977100,2051200,7760400,2730000
2019-06-11,107731600,4210200,,3905500,1423400,2969300,1988400,10536500,82834900,2313800,1715600,80854000,1552900,37105000,3303800,2702700,38691800,8775000,536800,2545700,8341700,9800900,4516200,2524400,2775000,1263300,3184700,18027712,2506100,5280300,1613500,15214300,26723700,8774300,5625100,9242000,2019800,1970842,6352200,1637800,2841300,2097800,1412300,1485600,3892500,4030700,303300,1724900,5856855,26434200,28608100,1857100,7816341,5144600,4044800,4652000,33508000,1632200,10124300,3708500,1832029,3564036,1747900,18415500,2270700,8230500,9847700,1498000,9915600,1720000,5681200,1684300,3256100,14779000,3119600,2991400,4389000,6519000,15266600,980200,2663731,6709000,5619100,7789679,10654600,23913700,19208600,4606800,15816500,53967000,3939400,1603500,7335000,2211700,383872000,1240361,11288400,12867800,3553600,18813162,8074400,1357400,1666300,4607100,2736700,11839500,981700,554900,1018000,17434985,6226400,7601300,1880100,12121500,3396000,1071100,839600,815100,25967082,6101500,1214800,3822500,174802500,955800,4775700,3043000,3229200,6082900,2483300,1549600,1442300,15378600,1791300,15078300,20241900,1832100,9415100,1706300
2019-06-12,73012800,4165700,,3332300,1402100,1313700,1910900,10059800,56298700,1888600,2974400,53566000,1101000,27057000,2685700,2738300,33528900,5307500,430100,2835900,7019100,9878300,3034600,1756600,2137700,1242000,3230000,26391071,1161900,5677400,1071700,7161300,23183000,9404900,4000100,11598100,1344100,2059051,5537000,1254500,2893800,2579200,747400,1268600,3710900,2857600,221500,1328200,7257313,21746700,12642800,1412600,11029015,6406800,3151800,5509500,23670000,2059400,18406400,2551500,1666619,2358416,1431000,15900600,1712400,9216500,9670500,1771500,11088100,1956300,3793800,1131900,2878600,26863000,2295300,2874000,2874600,5083800,17699800,729100,2591014,6698600,6602300,11057762,8073800,17092500,28746500,5236000,9086200,45847000,4025900,771500,4888500,1674700,358892000,1396193,10235400,7644900,3302800,16296843,7687800,737900,1930700,3147000,3232800,9396200,1008400,556000,591700,15850911,6088800,7755400,1341600,12258800,2884700,1069700,530500,651500,25530560,4067200,882100,3296200,227962500,1434300,4105400,3251800,2261700,6772000,2569200,662000,1444600,11911000,1565900,22470400,13905300,1870000,7920800,1907300
2019-06-13,86698400,2924900,,5220400,1323700,1696400,1794800,6979500,63556000,1675800,2586500,55916000,921800,37735000,2343900,2621300,33404200,7980000,325900,2257600,7260900,9453600,3495200,1925300,3030400,952000,2944600,27907278,1609000,5174200,1228500,5173800,15785300,5250700,3993300,7525100,1192500,1723020,17939500,1220800,3753100,2526800,733500,1073900,2762600,4218100,399900,1487100,5301943,25555900,14470500,2239600,12462684,4452900,2496800,3917300,20814000,1411400,23940000,3630900,1486143,3091244,1505400,12267600,1296000,7500800,8406900,1074500,10353600,2855100,8477300,1203900,3617400,16484000,4331000,2277800,5221000,4758300,12253600,452400,2561234,4074200,6491400,10194001,7530900,17200800,16586700,6806400,8126100,62093000,3383400,1327600,5907000,1973500,308080000,1524780,11289100,8013700,2851400,14464042,8611400,688800,3254000,3555700,3029700,6790500,1010000,653900,374200,7317027,7156800,7258000,1673100,14336200,3444600,995900,559700,736300,22340382,7546500,1301500,4279700,122524500,999000,3392000,3107800,2943100,6901400,2819600,808900,951600,9218700,1759600,15629400,16455000,2787700,8986400,1790000
2019-06-14,75046000,4075900,,4771100,1864700,2262800,1783800,7695100,70373000,1621800,1568100,57024000,721000,100797000,2483800,2258400,37322100,8137500,343500,2512400,5410000,8901900,2530100,1417600,1965200,1473600,2591900,22346928,1147600,3590500,1287800,6248200,22530500,4680700,3366800,3964100,1013500,2591242,11125200,769900,3237600,3297400,749700,1426500,2822300,2759500,318600,1380700,5763201,21553200,14385700,1590200,6892891,5333800,2449900,4953400,24582000,1403900,10687900,4898000,1726884,2294192,1248400,15381100,1925100,6548100,9077400,1190900,8694300,1524000,3188100,1059400,4437100,21876000,3158200,2715800,6846000,4724800,16773700,306000,3252163,5669300,5463300,7989952,7102600,17821700,19715000,5525200,9563500,50190000,4355600,768200,5077500,1553600,394428000,1460383,12973000,7779300,3291800,13197872,6438100,553400,1910100,5521300,1830500,12119500,801300,624200,478200,4873145,9226500,14013400,1434300,11571500,4081200,1175000,717900,744800,26279414,5459300,1381100,4813600,111501000,1074600,7137800,2165500,1829500,4999900,2084200,780900,806100,11826600,2015800,16147500,13577700,3163100,8575900,1790100
2019-06-17,58676400,3083200,,4095900,1177900,2254200,1835200,12453300,70865700,1916800,1780900,52686000,838000,35785000,2094200,3746400,33410100,7030000,346400,2820000,3746000,8135900,2607900,1541300,2467000,979000,2702200,15537654,1174700,4575000,1191900,4491800,20392600,5008800,4219100,3638800,1742200,2481149,8542700,1117700,2448600,2431900,2251300,1085000,2968700,2629200,354200,1315700,5606738,19383800,12378700,1313400,9239377,5287300,2884000,5454900,19770000,1155600,12372800,4620500,1746830,2295029,1927100,12643300,1840800,5562800,8128600,1635400,12322400,1757200,3032300,904200,4212700,19722000,3332200,2694400,3902000,5031100,29459900,429900,2132827,4876200,8369100,6427279,5658700,14517800,20050000,6233600,7435200,53582000,5101900,572500,4942000,2588500,276040000,1439537,15207900,7424500,2725800,14094931,6020000,672900,1596000,4917100,2003400,9411100,908700,587900,577300,5317589,9313700,9341700,1250100,7574600,2989100,1816500,823100,579100,22262001,6854500,681600,2929000,184752000,1157400,3655300,2270300,2317800,6410200,2470100,668600,955600,11027000,2322600,13420400,12441000,2721500,9355700,1726700
2019-06-18,106204000,5433500,,6253000,1972600,4529300,2230100,11291800,86444500,3125500,1696600,77914000,941700,54920000,2729200,9199200,60170700,10320000,535400,3670700,5983000,12199100,4756100,1889200,3331600,1561800,2677100,23272657,1364700,4980000,2763200,7317800,21173200,7156800,4884300,3410100,2617000,2064353,11231400,1116600,2532600,3955900,1986100,1829500,3877700,3640500,461300,1732100,7639919,32591700,24961100,2184300,14759552,7385700,3015100,8226900,34526000,2363000,12887800,3891300,3059606,3048776,1682400,25732300,2490300,7122700,11057300,1969800,9221100,2006900,2868700,826400,3960900,23698000,3921300,2470900,6121800,5730900,37571400,471900,4333108,6253400,7502200,11425086,10094500,25934500,33727300,6576400,9284700,54285000,6456500,679000,10050000,2863200,581920000,2065135,20999700,9473900,4378200,22833434,7731200,851800,2069100,5186100,2336600,14508000,873100,1001000,846700,7208181,10582600,10194200,2081400,10127400,3842100,1389200,796200,1112700,27187148,6708100,1360500,4995900,190737000,1257700,5207900,3482500,2524200,6969300,2759600,592300,1521400,12257500,2061200,18611100,14733600,4299700,10091500,2572900
2019-06-19,84496800,6147300,,4113400,2023500,9738600,2394000,9333000,63233900,2396500,1421300,57906000,1342500,28920000,2951700,5716000,61953500,10505000,544300,3320600,6328700,12334800,3847200,1599500,3662000,2386500,3096500,15859568,1071300,4469100,1628400,8095300,21096300,6212900,3847100,4075200,1671100,2169257,6877100,950900,2683200,2795300,1653100,1115100,2695200,3318300,351900,2498600,9345171,29051300,18815600,1608500,12161930,4643100,3321800,10884800,26714000,2196800,11726500,3648200,2320407,2491990,1493100,17436400,1598100,6393400,13126500,1187500,9414100,1944700,3320600,816500,5558100,12339000,4326500,2328400,3662200,7161500,21417100,513700,3321770,8193500,7330300,9825419,8034300,23744400,20436400,6602800,11639800,56672000,6217700,698700,7409000,5546800,331644000,2107963,35449500,8907700,4349900,21753611,7028000,911300,1584700,5512300,2901700,11999300,781400,971200,777500,5172354,5401400,12627600,1707300,10273200,6153400,1212300,1130400,1189800,28081510,6312100,1534700,3377800,98626500,1085100,2745900,4204600,2056500,6323900,2316400,970300,1535400,10516400,2459700,17787600,11773800,3489700,9757400,2026700
2019-06-20,86056000,5347000,,6436400,2122000,5632500,2206800,8633300,72418200,2780400,1839900,64344000,1397200,57291000,3303200,3794500,60887200,13625000,729100,3836900,6131600,15557100,3803600,1659400,18522500,1546400,2754500,19383122,1163700,9437900,1745100,10153600,20969800,13254500,7771700,3340500,1945100,2316574,8485800,1118400,2428300,2578300,1494000,1525800,3797500,3772800,433000,4201200,6845405,32086500,22356400,2087400,13234293,4968300,4221000,8639700,24018000,2749300,14720600,5171500,4492592,3212266,1721900,20126800,2682300,7335800,13638000,906400,10656600,1703300,2840100,1048800,5355300,11268000,4667300,2162200,3224400,6958200,14635700,470900,3664783,9301900,10766000,12490483,9922800,33042600,21691500,8883600,19911400,58995000,6163800,1195700,8664000,3689600,350168000,2038922,54173900,7389500,3847500,23500300,7044200,718300,2844400,7404800,4082600,9871800,3429800,1617100,988700,6906906,5215800,12498800,1603200,13067900,4018700,1722700,1339900,1113100,35835384,5289300,1590300,3339500,177952500,1003200,2789900,3800800,2622900,11474100,3011800,1034700,1217700,15302800,3496100,19205200,15004500,3489700,16229700,3083300
2019-06-21,191202400,10516900,,8855400,3306600,4015500,3885800,12096400,81861300,6948100,2420400,78672000,1542200,45399000,5703800,4923700,69444000,18895000,1056900,5994400,8605800,19502500,5742500,2477800,12021200,3055000,6209400,26333027,2699900,9147100,2964000,9706900,57588800,12482100,14287900,8070500,2380800,3402161,14150000,1759600,6867500,6237400,1888900,1965600,4356400,4052500,761600,4828400,11489110,47904000,22171500,2527500,13156947,8718500,7342100,13004600,50774000,3365500,19469700,9855000,4046442,5531980,4287900,31096300,3310800,11272200,27089500,2702200,21264400,3770300,4024600,1544700,7188200,19916000,4285800,4267400,6570400,11755900,22751200,636300,5837437,23069000,11668300,15034294,18450800,36727900,38858200,12560800,19060400,74484000,9289800,1096600,8226000,4127000,434428000,5688384,45169000,10298500,7696300,38141203,13799400,1010800,5017900,17187700,6129800,15244500,2822900,1493700,1051800,9087332,12610000,11441300,2250000,16111400,8627300,2620200,1519500,1840100,51925426,10912300,1701600,5223900,123031500,1448000,5124900,6323500,5283100,11728200,6568500,980300,1844600,22474300,10019400,39186200,39535800,5244200,23108100,3468800
2019-06-24,72881600,5182700,,4531600,1703100,2868900,2709600,10997100,55724800,2948300,1064000,45660000,765100,20506000,2680900,2323200,40046400,8780000,397500,3164000,5407000,11223700,3197700,1444300,8929500,1404400,3508100,13543751,1200800,3701800,1586100,6378200,17794100,9144900,5542600,5455600,2582200,2448437,10497400,653100,3305700,5066800,929100,1523800,2717200,2311500,285500,2754800,7206981,28091200,14296500,3563700,7343060,4013700,3151900,7449000,24236000,2069800,17465300,4943500,1905132,2286556,2043400,14479900,1955100,5894700,13039600,1336700,10780000,1092500,2570500,1766700,4920200,16784000,2538100,2486800,3635800,4981400,15509000,355200,3243432,10215100,5949400,7891440,8141400,20628800,27306000,6009200,13605300,48302000,8043300,359200,7712000,2439600,282948000,1797022,19544200,9648100,3685800,24624075,5518100,638300,2220500,6912100,2360800,8893000,2455100,780700,443200,5842594,6692500,9905500,1151400,9348100,3741200,1353500,799300,902700,28790910,7225800,942100,2123000,86262000,1205700,3356200,3163800,3704600,5554900,2558000,648000,764000,9141800,3101200,21854400,18098400,3051500,10011800,1875700
2019-06-25,84281200,90131800,,4915300,1863300,4638500,2446200,9637900,53680900,2264700,1542400,60246000,926300,24436000,2387800,3005400,46901300,8055000,454100,3727400,5624400,14205600,3751800,1936800,9504600,1245800,3178100,20936887,1174200,5024000,1182400,7362500,25520600,7865700,4713300,3563300,2084800,2632526,14675400,949500,3996800,3364000,909900,1750100,2093800,2641900,246000,3184200,7929712,28682000,13721700,4793100,7121838,6293200,5883400,12930500,31644000,1828300,8246600,3587900,1956166,2930055,1738800,16665600,2030100,7517000,18660100,1577800,11519900,1118800,2110100,1168900,4767800,20799000,3138000,3020900,4430400,7037400,16750300,331800,3268907,7197100,5471700,9348894,10232900,33327400,39590500,6954000,13505400,57504000,7339900,559200,7936000,3280500,311868000,1866269,25462100,4574900,4176300,28429015,6805600,778600,2059400,5568500,3343800,8953400,1617900,702200,567200,4439825,7312300,14207500,1453800,7969100,2704600,1151000,1152300,1213000,25460123,7990500,1191600,2593900,92731500,1310100,3426200,3182700,5339400,9899900,3278500,566000,960100,10571700,3555600,20814000,18315000,3847700,9740000,1669200
2019-06-26,104270000,42093800,,5731400,2395300,2896800,2895100,10023900,65064200,2124600,2434100,48838000,843700,24774000,1902500,4542000,42312300,6937500,434300,3937800,6176900,13654100,3343700,2049100,7337000,1530400,2831100,18926019,1488000,9509900,1334400,5844900,19286100,6655200,5054800,4253500,2025700,2614027,8842100,1536300,3437000,2827100,1192200,1474600,2602600,3422300,489800,1859200,8680062,33739100,15438800,6247600,6847327,9479000,15537900,11911400,34698000,1649900,14331500,3071200,1926564,2389692,1987900,21886300,1397100,7674100,10324600,1416600,12405100,1369900,4677500,977700,4399900,19941000,3869400,2576000,4969200,7190700,12808600,511900,2167391,10469300,9095600,12604401,7826400,23657700,100271600,7394400,9849000,36697000,5838500,590500,6552000,3326900,584072000,2277211,15045200,7025100,6024100,41009348,7170300,740200,2786800,6268500,3816200,13808000,1179500,1005000,571100,4643853,7576400,8437800,1312200,8362900,4704100,1716900,918900,1326600,37020232,4954100,1172300,4393300,127608000,1359100,5308200,3852900,4624000,7129900,5154200,732100,768700,15042100,2843900,17106800,12485100,6044500,11365500,1743100
2019-06-27,83598800,22129200,,4111600,3434500,2596800,3105800,8894400,55623300,2193700,2044600,42834000,738700,21813000,1504300,8980000,35575600,10677500,352900,4182500,8356900,11989100,3594400,2153300,6662700,1362300,2470800,20282923,1252000,6004700,1122900,6832800,23959900,7476000,3551700,3452700,2072100,1822961,6466300,960300,2726700,2907700,1467300,1116600,3291100,2112400,262500,2214700,8728992,42954600,17177500,3460900,6677849,5996900,5996800,8106600,24078000,2239200,9923000,2286800,1922108,2248691,1434600,23062900,1245900,5233500,10906600,881700,12374900,1532100,3615900,826500,3395800,18912000,2186900,2253500,4601800,4210900,11159000,409700,2055326,5906900,7700200,11721670,7459800,16557500,51612400,7529200,7232900,41386000,11436700,640900,5720000,1593900,445440000,1362034,12605800,5387200,4750900,21994977,5613300,838500,1621400,3951500,2086400,11151900,1099400,564700,432500,3199452,6084200,10128100,1122000,6417500,3413800,1199900,666800,758100,37316013,4907800,850100,2319600,95095500,1279100,4163800,3366200,2613600,5873400,2408500,686900,731500,9123300,1784600,13391600,16443900,2978000,8147800,1348800
2019-06-28,124442400,21381500,,16436700,2937900,2648300,3815700,15599700,50090900,3753200,2965500,60748000,1522000,49265000,4338900,4737100,101856900,15342500,634300,7472400,12753800,20388700,10469400,3630700,5950300,3249500,5443800,53283739,2138900,6108800,1952500,6936600,103123400,9336900,7048300,6014400,6514900,4261358,20078800,1244600,3875700,5185200,5929200,2629200,7115000,3735900,551000,3083500,9433217,37551600,18130800,5311700,8832104,19742500,6302200,11480900,33672000,4854900,36268900,11069000,3767929,6436979,3252900,26646200,1834800,12792400,21634700,1226600,16339900,6440600,8958700,1369600,4298900,23367000,4400300,3658200,12360200,8614400,16378900,924800,4306557,20573100,10298700,46684837,15445600,30043000,61402700,11647600,9132600,45927000,12443800,842800,20804000,2259300,397668000,3110551,42570500,6752100,6318500,39726209,12152000,1672400,3272200,8436200,4442600,29217500,2067000,1499000,955500,8637486,6735300,15515700,1647300,9742700,5611000,1559200,1813500,1206200,53981201,6454100,5248000,4117800,102771000,1551700,6129800,6727600,3130400,8442700,3248200,1193300,1604900,14604000,4007600,31030900,19520100,3793600,14781300,2414100
2019-07-01,109012000,18010900,,4527600,2397800,2619500,2034200,11452200,60275900,2079800,3039800,63842000,810700,44832000,4008800,6392600,48029900,11362500,471100,3462600,7508200,13573600,4834800,2247100,4821000,1715000,3161800,20838830,1403500,6272200,1955800,6476400,28410000,7991100,5526900,4652300,2409200,1710499,8972400,837600,2848000,3447500,1371700,1300600,2895700,2355200,366800,2299900,6164594,38452600,39649200,2346800,8010518,6014500,5734200,10218000,29196000,2465700,11586900,4097700,1712030,3533074,1579300,27423300,1203900,5872300,12724500,1447600,14976400,1113300,3236400,1003900,4072900,23652000,2646800,2689500,8118600,7216000,14181800,503700,2519613,7173700,8054200,10260863,12197700,22613500,60928000,8478800,8806600,49926000,6587300,745600,8706000,1697200,709756000,2208583,20413000,7251200,3544800,21341392,6775900,782000,1812500,4227600,2668700,17693000,2199900,688700,714500,6233329,7935100,21507800,1261500,13048500,4354100,1568400,950300,889800,42843978,4079900,1640100,2226100,123201000,1596600,6123700,4102700,2627600,6103200,4558900,858000,1111500,15796800,2257800,15089100,16544100,2503800,11437900,1470700
2019-07-02,67740800,12862200,,4023300,2123500,1816600,2083200,13869000,37721700,1796300,3224300,52918000,729500,19011000,4076100,3774700,32263500,5550000,347000,3054400,7757300,10272200,3204900,1915400,4150300,1738000,2298100,16000839,1031500,8132300,1201300,4736300,20307100,4960200,5747700,3407500,1371000,1997575,7554100,919500,2039000,3934200,908000,1380900,3214500,5193200,349000,2848200,10241750,29708000,16519500,1860200,6043516,6010200,3700300,6679300,20630000,1621400,14286700,3160500,1492827,2520546,1779500,15381600,1830900,4501200,10174900,1447800,8569200,1722400,2343400,1052800,2560200,15263000,2649100,3120000,4317200,3747500,9050000,467800,1860258,6098300,6677400,10381593,8234800,15237800,29774500,6696000,7180100,36250000,7187200,547500,9732000,1831000,400228000,2269265,17569600,10160700,3233300,16541898,6578200,951100,2428500,4015200,4112200,7075600,1105600,758200,687100,5394655,6205800,6426900,1002000,8732500,2913900,1557400,914500,790900,35260636,3678600,946400,2871700,138885000,1214600,3818600,3863500,2020200,5238100,7182100,807000,819600,14985700,2090700,12107200,12188700,2088000,10475400,1568100
2019-07-03,45448000,7434100,,2437500,1106900,1585300,1843300,5559100,23462000,1932600,1408700,33806000,696600,49411000,3714300,2164900,26642300,4322500,343900,2489100,3683600,7632400,2538600,946800,2599300,1159500,2291600,8967388,865100,4881900,986500,3885400,13866800,4117800,2725800,2323500,918600,1639435,4150900,431800,1717600,4659700,586500,720100,1596700,2794500,180200,1082000,4992242,19326600,9252700,1180600,4449238,2906000,4190800,4409400,20154000,978800,6255300,2183700,1315640,2019198,1665600,10739100,1459800,3436300,6849400,1195700,7253700,939500,3707700,742100,1851200,10480000,1896800,2306000,1867400,3816200,10246100,290000,1400157,3909200,3229500,6533232,4470800,13629300,13479700,5654400,5049300,37990000,4012800,352000,5580500,910600,246636000,936643,9989100,4435200,2859200,10297580,6223300,540900,1193300,3860900,2035500,5290400,1634600,545000,423900,3237746,7818600,3019500,642300,4954500,2629500,1109700,868500,547000,26660726,3341300,883000,2080900,213016500,1087300,2321700,2559400,1193300,4066600,2307400,512600,571600,8437800,1123100,10438400,9621900,1363400,5246100,1052000
2019-07-05,69062000,10854900,,3784700,2111000,2872700,1758500,6618200,34011900,2225800,1735500,52568000,569700,24565000,3731500,3208200,33092000,4255000,383100,3324200,4121700,9107300,3071800,849200,3597100,862800,3771900,12386590,884600,4584300,1081500,3940900,14273900,4264200,3458900,2535300,1291700,1268662,5596000,518200,1744000,11794100,850200,979200,2277200,5390500,168000,1322700,6425927,21397900,11436900,1125300,6072809,4118300,2955500,4851900,29794000,1511400,8454700,2547800,1282537,2232896,1799300,14339200,1296300,4652400,7929400,930100,8916300,1741300,2444000,716900,2536400,19537000,2561000,1876200,2536400,3424700,11164100,195600,2081638,5291000,3414000,8767358,6276000,18141100,18408000,4196400,6581900,37322000,6440900,325600,5025500,1822700,396552000,977201,13838900,5613200,3356000,18295227,8694800,649300,1565600,3425200,1956000,9220800,2210100,799600,1047300,5636024,5733100,6522300,683100,5885500,3133900,959900,775100,961800,32447268,4093800,1046800,1318500,105985500,1108100,2915400,2965000,1572000,5840400,1653400,538700,878900,6938500,1382900,10801600,10738200,1838500,6880800,1762400
2019-07-08,101354400,13487400,,3591100,1877200,1909200,1233500,9733000,49689400,2700900,1227600,57668000,1006200,34291000,3332000,3262300,30924400,8577500,414600,2978400,6206500,10196000,2742100,1105800,4066200,1202300,2989300,15796402,718200,7176000,1236000,4717400,15835100,5936900,3505200,3181700,1384000,2205240,4993900,636600,2046900,4512600,871700,944800,2143400,3219400,196400,1339000,9466024,23244100,15674300,1586300,9659269,7191900,3483200,5787300,29888000,1853900,14363000,2705300,1669908,2505484,1722900,16564300,1395900,4078100,6917200,1107300,9495100,1277100,2998700,646600,3882900,14965000,2291700,1818000,2715400,3959200,9723900,436200,2733219,6502400,4642200,13693273,7060200,16779700,28148500,4322400,4820500,31134000,7052000,377100,6343500,2001400,329788000,1323024,16105600,4740300,5854500,23955312,5317800,594900,1847400,3203300,3044500,7924900,2900300,928800,780900,5088455,6359500,7209400,946800,10899100,2789200,1498500,740600,849900,42167017,4246700,1223200,1667300,88207500,1295500,2974500,1902500,1675300,6720300,2320500,1281000,818900,12048200,1334800,13189300,14147100,1765000,7876100,1267300
2019-07-09,82312000,11832500,,3126000,1732500,1644300,1532900,12432400,61419800,2273700,1483200,86914000,1124600,26131000,2237100,4828200,28750100,9020000,445500,2687000,5833900,9477700,2618700,1393100,5222000,1007100,3885600,16927955,971000,6057000,1400300,4979100,19564000,5757900,3955600,2554500,1486000,2822256,7396300,1724800,2598000,4747000,737000,841600,2254800,2626900,235300,3711800,7991400,25140600,24168600,1218000,7113732,5201400,3767000,6204700,29472000,1812100,13350800,2397400,1693250,3519999,1652800,17853200,1911900,4217400,8947300,864200,10584900,1160700,2717700,651000,3719600,17438000,2477400,1618800,3582600,3766100,14698600,345800,5425176,6056300,4702500,8490791,5941900,19953100,28254700,7276000,5115100,69328000,6219700,481600,8280000,3120900,342860000,2110956,14348600,7461100,8233200,14223308,7537700,985100,1929000,3579300,2369900,7506500,3188700,789800,1164700,4803229,5355400,7138800,852600,8699200,3590900,2712700,1065200,760200,41013548,4668600,886500,3553000,92862000,786500,2754000,2774800,1952300,4894300,2654600,735000,714700,16733700,1555700,12595000,16270200,2394600,7863000,2722000
2019-07-10,71588400,9170400,,4315900,1584400,1954100,1342000,7184700,60388400,1775700,1858600,98638000,848600,30134000,2733800,2946700,40574800,7980000,504900,3705000,6689500,12153200,3933300,1058500,4056800,948600,2392300,23664353,1099100,5983900,1257000,4966300,19362600,5059800,4743500,3665300,1753200,2653394,9533700,660300,2401700,4561600,1676700,1227700,2723400,4298700,315600,2177500,8586549,29082200,16509400,2077600,7845233,4072300,5428000,5153100,30710000,1779800,15516200,3457400,1979402,2629539,1837600,16032300,2475900,4874400,9242300,1071900,7620900,1062000,3339100,818700,4302200,17782000,2323000,1842300,2760600,5311900,20571700,388900,3183393,6533000,3963100,5996132,5311000,24204400,51625500,5922000,6114200,58788000,5985500,451800,6047000,1529300,452076000,1255531,16059100,7594700,6141500,15298599,5600700,1241300,2343600,4297100,1954600,15075700,2098700,1533800,1177900,3717148,5293000,8562400,1485600,7003300,3406100,1555200,916400,559300,33566180,6568100,842900,14441200,137185500,1019300,3531800,2753000,1992400,5110600,2976800,565000,766600,10901500,1734100,12784900,13737000,2468800,8077400,1763700
2019-07-11,80767200,13001000,,3653600,1922200,1951500,1813700,8128500,63081800,3621900,1398200,86356000,763100,20712000,2928100,5059200,37376800,6760000,390600,3119600,4745300,10739400,3164200,1404500,2799600,10064800,2878200,16206770,1168800,4194600,1985600,7083200,15994600,29037100,3548000,2750200,2012800,2617073,10471100,881200,2379100,3320700,1103400,2581000,2078000,3640300,292400,2869200,6140620,27667500,19004900,2499000,6755455,5833100,5411600,4598400,26004000,3691600,12268800,3450100,2574410,2231013,2727700,16615100,1206900,5817400,11595200,1559900,10376500,1225200,6589600,1358000,2977700,16132000,2583900,1922800,3666800,6153600,13678500,363100,3366501,5857000,4144700,22146126,8799200,22327900,30392400,5830400,6613800,43363000,3942400,718800,4433500,2035600,682560000,1457081,11150200,6399400,3944200,38383518,4625300,1351600,2610200,4381000,2446600,14298400,2225900,1414200,1073200,3874141,6191400,6566100,1232100,9695200,3583400,1011400,720400,681900,38215804,5616800,804700,10108700,112716000,1610600,3044700,10268800,1820000,6986600,2782400,637000,1258100,10045700,2168600,19751400,11689800,3103300,6404000,1588000
2019-07-12,70380800,12903000,,5667200,2059400,1624800,1368200,9030900,51509700,4488700,1263300,50186000,653100,21971000,1639400,3592800,29632900,6705000,472400,2360500,8970600,15355700,4149800,2130300,2871900,3821800,2937500,19287839,1425700,4806300,2046400,4348000,13660400,10089400,3974400,3009700,2268500,4832126,8510000,690900,2101400,2657600,813200,2029200,2595300,2393000,301700,2058500,5582343,40761600,11815000,3310800,7864053,4740700,3420500,7164700,21878000,2626000,11853900,4429800,2331229,2914365,1773200,20148700,2198400,17780100,10783400,1412400,7347400,1027600,7211100,1148700,4814200,19750000,2299700,1960100,3164800,4587800,15366300,386500,3780197,6103600,3792000,18910636,9565700,18936800,33257800,6283200,4164500,66369000,4240900,654700,4819500,1906600,506392000,1827982,11234300,9102800,4481200,33580967,7058600,1435800,3177700,4257100,1842400,8028100,3208100,648400,1107700,5088455,5628000,9983700,1272900,6788100,4341300,844800,1338400,1704600,30785251,5366400,1640600,63068400,138007500,953100,2292500,5336100,3541300,7196700,1769500,878600,1004000,9669500,1492500,12792600,11229900,2064100,6139000,1473400
2019-07-15,67789600,10253300,,5177700,1267000,1161600,1901900,6723200,65565200,3256800,1640300,59626000,701900,30334000,2355700,4814600,46462100,7105000,416400,2715300,4466100,23365800,4498700,1660500,3876400,1806300,2487700,17034548,1221900,5051000,1568000,3603700,8809700,5883400,3739200,2695700,1983700,2745665,5289200,556600,1847700,2816900,656500,1780100,1617900,3432500,181400,1988400,6934152,33753500,14485100,2021800,8445819,7495100,3792000,5448800,21164000,2600200,13114400,3141300,1769748,2477242,1291100,14345100,1276500,10038200,12946600,854600,5876100,869000,4405200,1010700,4492200,10092000,3349500,2408500,3007000,4211300,16030300,675300,2616250,4616900,5764200,10922570,7870700,16651500,26623300,8714000,4264800,79447000,3750900,624600,3649000,1478100,289840000,1093301,10721600,10130400,3077900,20363912,6240700,756700,2949100,5325300,3089500,8898200,3594300,875900,903900,3779754,6061300,8655000,1000800,6903800,4005300,1019700,565100,1254600,26817752,4108300,1629000,6189800,165001500,788000,4020600,2611400,2288200,4490400,2513500,1185700,1055300,11734300,1728000,21338400,10038000,2198200,7116400,1255200
2019-07-16,67467200,10141600,,3886700,1460100,1838700,1563200,6671000,66912700,2260100,1430600,52364000,599500,14617000,2734000,2960400,54920400,6477500,409700,2709300,4966300,16516600,4051600,1202000,4392400,3057700,3485400,18638890,1214000,6011300,1379200,6913100,11501100,5063000,4697600,2599000,1345100,2457461,5854700,1077100,1727100,6090200,847800,994400,1892800,3012000,319400,2163100,8050284,29530500,19193700,2744100,7931808,5573200,5142900,8584800,25352000,5283700,9675800,2657400,2110329,3634536,1176800,17131400,2708100,10214500,16945000,905500,7132500,1073700,2206500,1027100,4722400,11091000,2976000,2380400,3217400,6540500,12132700,426200,4687004,5569400,6097600,8448662,10170900,22726100,31238900,4281600,6542500,58632000,5812800,625400,5808500,2215800,341444000,1807961,9698900,8790200,4019700,19553386,7644300,1324300,3720200,3071400,2625600,9909600,2473100,492500,1842800,5085118,5591900,16155400,1507800,9257000,3127400,1155400,606800,815000,23658953,4374000,1959800,5234900,122235000,778400,4588800,3121600,2958400,6800200,1772900,1229700,620000,10556000,1599000,37548300,10464600,3085300,10197400,1214600
2019-07-17,56430000,12205000,,9381400,1557700,2298100,1788800,8459900,42557900,1945200,1395000,51176000,1000900,15453000,2248900,4010000,84958300,7120000,511200,4324400,6087700,12278200,3750200,1640700,4730300,1529700,2775100,17806309,972700,7055900,1716600,4160500,9266900,7678600,3874200,3254700,1368200,3107866,5296400,585000,2102700,3097400,887400,1249300,2174900,3693500,211900,1705900,5584727,25204400,18415100,3074900,10770776,4858500,3595800,5727300,19538000,2583500,12759600,3037300,5809506,6343258,1612200,11928600,2050500,8862100,13120900,1649700,8264200,986700,3507300,1867000,5159100,15796000,2318900,1698400,2364600,5049100,12083700,362800,3525090,5381800,4609600,9848999,9131800,20211000,19539300,6556800,6436300,136395000,4461500,567700,4328500,2043900,348204000,1107646,9090900,7615300,4105100,16341532,7861700,870600,2011400,2929600,2254400,20602300,1923400,646300,1061000,4347663,4635900,7673800,1735200,12523600,3223800,1109900,1011600,975400,24888817,4200300,1671500,3238100,146470500,969800,4027700,3995200,3672300,3994200,2954900,649500,773100,7916700,1278200,24502100,8065500,2803700,7419300,1930300
2019-07-18,74162400,8573300,,8311600,1562400,1597200,1338300,14577100,58473900,2374400,1279400,69738000,1160300,19357000,3524500,4582800,49468800,5765000,498300,3610600,6095900,13407400,3548200,5462200,2489200,1719600,2412700,13295780,811300,5711600,1696100,3724000,10287400,6063400,5770700,3089500,1404400,5628833,8031700,625100,1911700,4105700,688200,1324600,3047500,3330800,293700,2721600,6577343,25810600,12662000,1681600,9059787,4002500,3415900,5713800,25450000,2858100,12674400,3068000,4379808,13276460,1859200,15671600,2553300,6203100,9397200,2504700,11911800,1013800,3232900,1704900,5147100,21088000,3241000,2259800,2874200,5381700,11937900,587400,2657273,9852100,4279500,8472661,11185800,30381800,26456600,4413200,9096000,312871000,4607000,612100,5467000,2432000,442192000,1085045,11882300,9688500,3698600,13728877,5828700,568500,1885000,13397100,2468000,12580800,1955600,548000,668900,4638132,6470200,10955600,1743000,13563000,3379900,2152500,865300,932800,42533500,5754200,1543000,6372500,71379000,1042300,2913000,5825800,2359000,4736300,2060100,985500,853500,7549200,1201600,19409100,9670800,2218200,11424500,1177700
2019-07-19,83717200,9806900,,5824000,1583200,2100200,1693300,9415200,44617700,2987200,1847200,63712000,1245000,22047000,7819000,9504000,44863200,4950000,887400,3513100,6840100,11184600,4837100,4059100,2845200,1120800,2417400,19602924,823700,5136000,1607600,5218800,13882400,5480900,4880900,3115000,2690300,4310990,6109900,766600,2408000,3676400,627600,938700,2929200,3130200,305100,2380400,9571454,38505600,30374500,2067200,6952842,8876400,2322300,8194500,23184000,1822300,17145600,3254800,3223212,7626072,1510500,29141100,4262700,8340200,10402800,1171500,10355500,1228300,4820600,1463300,4190700,15318000,3048200,2860500,3855800,5435700,12098300,461700,2822919,5262500,3284800,12053782,10083600,48992400,39328400,5843600,7218600,163025000,6635300,881400,6980000,4016600,344896000,1393716,11663500,7196300,5022000,23552579,6547000,1317000,2043900,7561700,3972900,14477400,1931600,692700,1077500,5138985,10804800,12138900,1464600,12811700,5517800,1790700,1279400,1355200,42575603,6749400,1593100,5311800,105726000,738500,5596300,4413200,3011800,5327100,1903100,754200,1121600,12240300,1775000,21847900,11388900,3717400,11243100,1839000
2019-07-22,89111600,9961800,,6566100,1090000,1336400,1390800,21604000,37777300,2556800,1259200,58000000,855500,33905000,4839700,4265100,31224300,6985000,647800,3083900,5291000,7930600,3267800,1912000,2792100,1687000,2945000,18312708,962200,3320500,1459100,2909500,10485600,5717300,3275800,2956500,970300,2697274,7706400,828600,2160300,3200000,494100,858000,2216000,3331000,243800,1699500,7471118,36238600,13686100,2130700,8692963,6302600,2444400,6812800,28914000,1907100,28286300,2764900,1871816,4280860,1671800,21688000,1962600,12624800,9061100,1776400,12090700,653400,2894400,1144700,4501200,23575000,2092400,2580000,3053600,4058500,13589000,492500,2397262,4983700,2725800,7261697,7091800,25074900,46042800,6547600,6543100,177180000,6810300,604600,9817000,2922100,315940000,1281538,8761700,5995900,4411700,12552086,4018800,600500,1644800,5366100,1966800,9645800,3048800,609000,770100,5399422,5636600,8774200,1603200,10961200,4623300,1602900,989700,836100,47022787,3318000,1106100,4694700,102636000,841400,3862700,4104300,2495400,4862100,2346700,916400,1121000,15255800,3221500,17972100,13550700,2982900,8368800,3063400
2019-07-23,73420800,8025300,,4049100,1111800,1826800,1732300,10063900,38532500,2081800,1165300,54070000,939000,19692000,4055100,3354900,64030300,5487500,449200,2846200,6836400,11804300,4122200,1951000,4392200,1642800,3986700,17723937,1007300,4431900,1117800,4865800,12692200,6973400,4295300,3175600,2176800,3720595,7514500,925600,3141800,2428900,594800,1220100,2112900,2908200,335400,2702600,10854424,74624800,13936300,2866400,14906960,7854200,3013800,12584300,20648000,3330600,18363400,2589900,2208259,3914341,2011400,18413500,2017500,5803600,12752200,1722200,33417900,1064800,5098200,2343900,5064200,19498000,2275400,2503600,3531400,5557600,14583700,548600,2823397,6243400,3649900,7420469,9859600,18034600,29354400,6337200,6647500,91711000,5659900,1587800,8033500,1914900,428176000,1141289,8141100,5822600,4145800,19586904,8194600,877100,2141300,4758400,1873800,14420400,2054800,992100,1253800,12855169,7609200,10277000,6339300,10610500,3023300,2757700,997100,808600,60340506,4521200,1025100,3507800,75346500,814200,7146900,2889300,3362300,7193000,2902200,1018700,828400,14093500,2070600,21150200,17262600,2902700,8551200,1209600
2019-07-24,59966400,12595300,,3879100,1250900,1458800,2008400,11289800,41952300,1898000,1932400,52626000,1106400,19006000,3628300,7447900,53171900,5302500,593400,3105200,8422000,12512900,12664900,2105800,5333600,1817100,3246900,18824441,1764800,4405000,1257100,4110500,18177000,6774800,4796900,3101900,1775600,3323426,5896600,847900,2386500,2137100,765100,3389200,1924400,1849300,279500,2009900,14517149,61107500,20942100,2679100,9008083,4592400,3110000,7318200,27192000,3180000,12981900,2207100,1858129,3088210,4039400,20896400,1904100,6838600,10011000,1356200,15633400,1102800,3762700,1900400,5989100,31408000,2805200,2971600,8132000,5555900,32532500,1912000,4224631,4280200,7114300,7720197,8092200,20738300,33169900,6080000,7806900,119618000,6362900,1895300,13831000,1497400,366236000,1058316,10778700,6096000,4669700,18117838,9635900,927500,2103800,4316500,2924400,14012700,3141300,1144900,1911200,5684171,5388100,11347300,2743200,10763300,3613900,1054700,1059300,1145600,63928943,4926600,2538300,10198400,166092000,946700,16553300,4864000,12086000,8169300,4002300,3155600,1135700,11173900,2051100,29357200,12531900,2629500,8260200,1581200
2019-07-25,55638400,12403500,,4671200,1531000,1378500,2252600,8301000,36705600,2145500,1058800,82730000,1292400,15741000,2663500,9663700,43251900,6202500,494900,3022200,6209400,15698300,4823200,1746500,4309600,2040700,4383400,27378366,838900,5019300,1600200,6934500,15127200,5526200,4586800,3417200,1180600,1486253,7294400,1688300,2680300,2891200,738300,1985000,2204800,2945100,533200,2180300,12541871,133898600,25283600,1985700,9253562,4061200,4329100,8304800,54762000,2776700,12426200,2335300,1866511,3244797,1664500,27765400,1751100,8897800,10138400,1587200,19135000,2084900,4596700,1143300,4215100,20844000,2312200,3789000,3347400,3516800,39889900,522400,8804952,4086800,5127200,9670106,8733800,18356900,28127800,7010000,13468500,107985000,4546400,1888600,22660000,1723900,392700000,1660901,8175900,6627400,3335200,17514634,7809400,588200,1926000,3715600,3649000,7299500,3491500,679500,2440000,6339633,8106300,8571800,2669400,7701100,3280900,1149000,894700,1145100,51661421,4294500,1214300,5501600,336274500,773700,8504500,3362800,8941300,6085800,5248400,1768200,1784000,11006100,1619400,20562000,11554500,2940200,9083900,1174500
2019-07-26,70475600,12259300,,4177700,1255400,1507800,2176500,5737600,43502800,3070400,1336800,98542000,2272400,14996000,4236200,4441100,46978800,9545000,418000,3654600,4943200,10625900,4238000,2143500,3324300,1801700,4036200,18139320,1189900,6704100,1447700,4979100,15243000,4753300,6971700,3076500,1950000,1768478,8139400,1494000,2426000,2281400,623100,1123300,2052200,3026100,523600,1783700,7747312,47710200,14341700,2003200,5420359,4790600,2788300,5705900,121216000,2304500,6551500,2675500,1866193,3037898,1548500,36401500,1377300,4894600,12800400,1065900,11451900,1191200,3470700,791300,4785700,11249000,2942100,5029300,2339200,3706200,24434000,608400,4803256,7352900,3452900,7638977,8321000,19037600,19676200,4324800,10396600,108475000,3707200,896500,8558000,1916300,274160000,1227254,6057200,5452200,4580800,21062187,5559600,732000,1653200,3348300,2267300,8262500,2323000,956700,1087700,3521383,20846500,12260400,1778700,6731100,2288700,1556600,760700,1575000,45213673,2883100,1274000,12333200,150415500,2290600,5282300,3362600,8526500,5056300,2712500,961000,1640900,12333100,1588800,21641500,14187000,7061100,7677300,1574100
2019-07-29,86693600,10117300,,3623900,1319700,2778400,1736300,4485700,45922000,1985400,1875400,89864000,921600,12068000,1829500,4116600,39176700,7622500,363300,2834100,3951600,8561200,2715600,2386800,2531100,1563400,4635900,10500027,1295600,6597500,1257400,8880500,12051100,4951600,4377500,2818300,1459600,1655904,11674100,982700,2442900,5162900,1606300,1119700,3196500,3407000,393800,2472500,9639171,36487800,14526400,1389100,7497670,5571700,2632500,5711200,41382000,1372800,12261500,2407200,1612508,2170973,2194500,21897500,1078800,7832000,8500400,922500,12283900,1468200,3192500,659200,3909600,10921000,3677700,4278600,3435200,4868500,16530800,760300,3156124,6271600,4604200,11123682,8667000,16605900,21939500,5274000,7817300,57828000,4387300,698700,16359000,1552400,248160000,2261525,7439300,6412100,4533400,64559186,7768700,1020000,1845100,4461400,2275200,8237500,1995700,691600,1096700,3259675,11184500,7837500,1946700,6549500,3329300,1042800,677200,1216000,40963368,2935400,1060000,5858900,139099500,1606700,6070100,2005500,4171100,4621800,2013600,1017100,1366600,10165700,1113300,19148600,11239800,2849300,7091900,1541500
2019-07-30,135742800,8143700,,2864700,1143900,2158000,1691100,4666300,72198900,2005100,2080100,58218000,968200,11164000,1575400,4528000,37598300,5187500,391300,1977500,4635200,9208300,3257200,1785600,2467100,878900,5020600,11028192,1181400,5927800,978200,4241600,9623400,5016900,3871700,4195300,1400700,2302135,6563100,1701100,2693400,5666000,2193400,795700,2298100,3707600,464900,3136800,5889101,36944700,15139900,1226300,9091748,6694500,2588500,5436900,28616000,1644600,17794400,2172600,1520944,2753804,1382800,16487700,1217700,5509600,7121100,614800,8127100,2466300,4664200,699400,3981400,9560000,3957900,2808500,4210800,5496300,11903600,1347900,2366764,13184600,3746300,14286965,7339100,16846500,21301600,6447200,4468900,60293000,3561200,603300,7784500,1693200,197772000,1411260,6367200,7420300,3367900,95739668,18788800,923100,1395500,3952800,1465900,7397900,1581300,512700,1157900,3584148,7248300,6223400,1707000,9256500,6918500,1385600,856400,980900,44919083,3918900,1343300,5285000,121635000,1618400,3487300,1908800,3265900,5236600,2589800,1516300,2339000,13329300,1326600,14207000,9105600,2328300,6961200,1380800
2019-07-31,277125600,11300000,,6197200,1566000,3066900,2942800,8334800,119190000,7157600,2845100,89414000,2174000,20819000,3221000,5219700,60607600,6750000,421000,4631800,6861500,13617300,4322000,3278100,6388100,2017300,5187400,19749316,2187500,8268500,1886900,7454200,17441200,8473100,7199500,6681100,2000300,2240659,9710700,2003200,2824800,11152800,1590500,1516700,6588300,3144300,741300,4566400,9783717,56715500,18292800,1485400,34604621,10366300,4185900,10155700,39960000,1991100,13557400,3426400,3073611,3894153,2533300,24169800,1779900,8559200,13648000,1331200,16865500,4160900,5535700,1037100,5533400,26525000,5513100,4048800,5266000,10559900,14593500,1417600,3606897,12252300,5682200,12443428,8317100,38598800,34493900,8446000,10687000,62595000,5818200,1105100,10488000,2888500,359416000,2832840,11966700,12342300,5757600,56309423,12641800,1562300,3302100,6793000,2415900,14052800,2462300,690600,1270500,5348733,9912100,9018400,1909800,10673300,7190500,2481600,2239600,1218400,53799151,5961200,1903700,4596600,137673000,1318000,6601600,3532400,4859500,7981200,3217900,1167800,1460400,24396200,2011600,23422800,18633900,6127800,13104600,2099800
2019-08-01,216071600,13106700,,7022000,1837100,3210200,3433000,11076800,80878900,3484700,1691400,94266000,1486600,21911000,4489800,6465300,76913400,5960000,734500,4823100,7800400,22571000,5530100,2102200,5407600,3175900,4618400,18588100,2524700,7924200,2634300,26124700,19020600,11847900,7928400,5513800,2193800,2808494,8911700,1555300,3055000,5870300,1150100,1149800,4532400,8080000,720100,3125000,11062341,58060800,23839600,3039200,17640313,8259800,4957300,18102900,35426000,3070100,16509400,3431500,2919448,6635824,3272500,34020800,1851000,7870700,15664500,2808700,19527200,3762800,3679000,1220300,5469600,29749000,4988100,3231800,5248200,9150200,17777000,686300,2847915,9933800,8254600,10550006,12963900,40557500,37906500,7507600,11935000,65632000,7871800,660500,13795000,2882200,421212000,1649652,10215200,14069700,6199400,51624920,11308600,2059800,2340000,6385200,2153200,29729800,2533300,704200,1557400,4633524,8342300,21228900,1615500,13280000,6143400,2441000,2297300,1444600,54361984,7937800,1552000,4761400,123892500,1825100,7979300,3613600,5106700,8417300,4233900,810900,3130300,18677000,2791000,22668600,22365000,5748000,17132800,2101200
2019-08-02,163448400,9653900,,4756400,1833100,3400900,1984300,8093900,60410900,2966500,1802200,99124000,1011000,20080000,3268800,4675400,57492300,7605000,527700,5695300,5341300,14771400,5968600,1449900,2669500,1905900,3813500,22235747,1788300,7697700,1969200,13138900,29021900,6673300,9026200,4318900,2270200,2279914,6539100,929000,3228900,2764900,1178800,909500,4570400,6795800,580300,2683500,11046218,41495200,25816700,1959100,12900213,6753100,3521400,9144900,34910000,2503000,14128600,2884900,2286137,8474378,2635000,27881600,2204700,6574900,11025500,2269500,13102300,2556900,4477700,836300,3917900,24246000,4438000,3517800,7086200,6627900,15297000,723500,2898028,7072200,5094700,10913767,16089900,30791600,31954100,6912800,5882600,62803000,8761400,621700,12189000,1805600,428348000,1753368,12644400,12206900,5573300,29153640,12266100,991900,1773800,6109100,2075600,12649400,2006600,506500,1118700,3443681,6381700,8811900,1261200,8738200,4389100,1113600,1335200,1158900,48294621,5353000,2096300,5428000,92047500,1410000,7368400,2677600,3669300,8264600,3289900,595200,1814900,17458800,1511800,20159000,16970100,4318200,21376700,2227000
2019-08-05,209572000,11618800,,6253800,2422000,4292600,2944400,12069900,74333200,4060000,2268700,121164000,1369700,27765000,5876200,5876100,96207700,10785000,647600,7606200,7200100,21144800,5482500,1835500,5741700,2570500,5215500,25201153,1767800,7474600,3329800,13070100,29931800,9492300,8620300,4972400,3243300,3136178,10669700,1214200,3969200,5117100,1325200,1347100,5653500,5476400,429700,3098500,13983408,47963400,25537600,3200700,14093359,7230000,3763000,9478000,47840000,2794200,13777200,4553200,3496419,7442185,3134600,38936600,2611200,9480000,15855300,3480500,19986500,3074800,4765800,1464600,4685100,22825000,6861300,3685600,8928200,9489000,23086700,754000,3462061,10326000,8055900,11885578,15311100,42749600,35172900,8838400,10606100,86925000,8493300,968500,17952000,2128100,589156000,2103526,16204600,9977700,6192800,46030183,12974800,874500,2706500,6849300,3034800,13071800,1894200,845300,1243800,6322790,8917400,13878300,1532700,10771600,5779800,2052700,1736900,1544400,49077502,7504500,2569400,4046200,105424500,4535900,8689800,5812400,4332900,16858300,5976300,1062000,1709400,18941500,3232300,27113500,22710000,4839800,19080900,3488100
2019-08-06,143299200,10248700,,4422500,2055600,2552100,2725600,7428200,60578400,3172900,1988200,101406000,851000,22199000,3497000,3653300,65115800,9847500,418100,5500500,4301500,12411500,3713900,1834900,4097000,3088100,4868600,19668438,1431800,6166900,2383000,6694000,20708400,12803400,6788000,7842100,1824800,3366065,18818900,847300,3943300,3604500,1364300,1290600,4068500,4257200,366400,2404300,10601363,51856100,17080700,2802100,13321830,7052100,3499500,7104500,36014000,2349400,14552800,3646800,3824693,5303952,2326200,26119600,1960500,7880600,10203500,3343500,19903100,2352000,5490000,1124900,4167800,20037000,4918500,2970300,8469800,7854000,18035700,789500,4179781,8779100,7722500,11025274,10481200,32696700,26857000,7171600,7883800,61791000,8664500,1007200,8614000,1470500,361272000,1790314,13149500,13008000,6258600,31985843,9490600,738500,2886700,6313100,2164500,13189900,2026600,1188200,928900,6042808,7438000,9930000,1704600,11639900,5004100,1628300,2488700,1134100,41916119,8014200,2287500,4010400,83463000,5323200,4783900,3533000,4875200,10281300,3328300,920300,1287600,18747900,2564700,19446100,21049200,3267400,12282400,4042200
2019-08-07,133457600,10532100,,5502600,2495100,2196700,1945400,7591400,58577500,3308900,1827800,90538000,1030600,22244000,3170800,4187600,75388500,13557500,574000,5325600,5671900,18418300,5048700,2498300,3493200,1806300,4222100,24193905,1869800,9289600,3037500,7635500,24128600,22891700,6853700,4843300,1747100,2328869,29084500,1158200,2630100,4498100,1196300,1265500,3930600,5249900,436600,3220400,7087951,43042400,21874400,2398700,15406967,5450400,3183200,7924700,30686000,2454200,16661000,3901100,3267031,6204767,1913200,29440400,1475100,6771700,17320900,1428100,17937000,2078900,4231700,1243000,3686700,21443000,4476000,3767200,7966400,6947000,15833200,725800,7167867,13216200,9238000,11509660,14108500,33414500,35604600,6892800,15810900,93224000,6275000,1486300,6457500,1920800,372560000,2520041,16344100,16687000,6149000,32017253,9507600,637800,2040600,6434700,2349800,8934900,1355800,811600,1052300,6835401,6414000,21892100,2234400,12162700,5139500,1792900,1435900,883900,50243814,5364600,1664300,3492700,71647500,2459300,7726600,3205800,3529400,8292800,4100500,861900,941000,11865500,2256600,27830000,21835500,4007300,15231100,2659000
2019-08-08,108038000,7427400,,6439300,1804100,2506000,3090500,6122900,167278800,2449000,1389700,74024000,951900,29163000,2976100,3673000,53141900,19925000,499900,4143400,5057700,13577900,3734800,1713800,4345600,1590900,2712900,15029015,1050000,7444800,2046700,8670300,26093500,14892100,8868100,4467900,1661300,2109360,14054800,936200,2252100,3849300,806500,964000,3217600,6235200,550800,1879000,7232217,25469000,24263300,1793300,9912773,5188900,3147000,6204200,30116000,2342200,17492900,2968000,2576957,5503111,1590900,30643700,1385400,5260500,10903300,1554300,10799000,1927100,4815900,1185800,3495800,17327000,4135500,3724300,4087400,7489800,14828900,575200,3899080,10565400,7974700,8699762,9884400,27496500,18567500,5971200,8680600,59059000,6208900,1434700,8222000,1374500,309300000,1840675,12460700,23937100,3702100,23356429,7416600,635100,2163700,3266600,2311900,8367900,2011800,694000,1159400,4253117,7423600,14452100,1599900,10805500,3842300,1235500,1746900,1196600,37732014,5850200,1348200,3023400,79114500,1527200,6226400,2830700,2349100,7602800,3474200,858400,1641700,11335900,2649500,20671300,13123200,2758200,14304100,2295000
2019-08-09,98478800,10893500,,5102700,1831800,1451100,1597500,5293200,132483900,8417100,1251300,57596000,1063300,30735000,2138300,3102900,53499600,10050000,650000,4334400,4827200,13604600,3805600,1632500,3453600,1664900,2993200,16839607,1051900,5391700,1284300,5286700,17425000,6694500,5051700,4607100,1742900,1474070,8811900,853500,2355200,3496700,704200,1083800,2948400,2787800,499100,2388300,7937703,38739700,20112800,1270200,15393002,5233000,2579200,6125000,20418000,1790100,13613200,2912100,1912028,5485852,1693600,24975500,1155000,4677300,9980800,1025600,9260900,1600200,2788100,872000,5370900,18801000,3410500,3784000,3756400,5750900,11058800,317800,1892192,8125000,4353800,8968260,11011400,23466700,22900300,5828800,6166300,53491000,5460200,896900,4489000,1500800,341816000,1413014,8471300,9879700,2929500,25391703,6939500,450900,2788100,3068500,2005600,8702200,904900,537200,851800,3767360,5209200,13647600,992100,7866600,3097500,1229100,1337200,934200,30275643,5654100,921900,2698600,58473000,1336800,5777500,2535000,2113800,5373700,3789700,847800,1275800,8948000,1507000,19786100,12580500,2280300,13686600,1658000
2019-08-12,89927600,5258900,,3650800,1597200,1580500,1497100,7105200,106936000,10599300,883800,58110000,906800,20040000,2918000,2683400,55674700,7027500,665900,2538800,3874200,13039500,4321500,904900,3187900,1313800,2457900,17009581,1122600,4726100,1638600,4389500,16388300,5452600,3936500,3925900,3738300,1378754,7918900,843900,2302000,1845800,938200,1045100,2396900,4615300,403900,2286200,8667024,23050400,13866400,912200,13156727,5703200,3347600,4130100,22064000,1479300,10673200,2005000,1581102,4271759,2009800,18494300,1089900,6852100,9393700,941900,6588600,1891100,2318400,706100,2878800,13060000,3322600,2338200,3555800,5519900,10930900,358800,1762665,4558500,6857200,8761909,8775000,20484300,23969200,3922400,6651400,65317000,3762500,933000,3524000,1983100,279200000,1484945,6580100,13456400,2920800,44212665,4996200,504900,1433300,2172500,1967400,7364300,834300,543400,769800,4135055,5513800,8733200,969300,8030000,3080000,1413900,794000,518500,31324781,4679400,1183900,1888200,69958500,1364600,3728400,2667400,1724000,7394400,3011400,702000,1160900,10635600,1199800,17364400,17605200,2653200,9542600,1291500
2019-08-13,188874000,7082500,,4808300,2072000,2326400,1810400,9013700,102009700,5586400,2468800,79880000,772500,22340000,3175700,3689700,69919200,9607500,877200,3913600,3449000,19056700,4331900,1762800,3185700,1321900,2513600,22904009,986300,6461800,1724600,5205800,21499500,8243200,5806400,3436400,2890500,1890415,8145400,869800,2400900,2414600,833200,1186600,3425700,4881100,452200,2343500,9366622,28231500,29866400,1835000,14852407,4779600,2970100,6318700,28434000,2115900,12404600,3876700,3418330,4730117,1971100,28959500,1517400,5013200,12124700,1933500,8581200,1678700,5247200,1054900,5129600,22814000,3899800,2913300,5591000,8147600,13577000,421900,3880542,5744700,5233100,8413658,10896700,25154600,33040200,7496800,10083500,52894000,6896800,1002400,8051000,2508000,351956000,1185252,11014800,17633500,4088200,45549453,6722000,686400,1820700,4476900,2267800,10134800,2318600,610800,1001700,3813918,8915600,11376700,1571400,11075400,10429300,1549300,1013900,844900,41333294,6367400,1905600,2541600,72721500,1490200,6285300,2763400,2804800,6667700,3099000,647700,1246100,11016500,1834900,16649100,20025900,2604300,12403300,1784700
2019-08-14,146189600,9373300,,4106200,2316500,2586000,4572300,7212300,127521500,4507100,2092700,97872000,971600,27108000,5626300,5110400,106591700,11010000,793400,5838200,5677000,29370700,5543100,1693400,4936000,2839100,3990000,19546800,1455300,7851800,2122100,8607800,28688100,10561400,7175600,7296300,3001000,2696710,11797700,929500,3584600,5458800,1091600,1489900,3880600,6971500,472900,5155700,7940928,45967400,27274500,1688400,17895704,6382100,3562200,9878100,35430000,3025100,18264700,4582100,2607195,5349453,2074600,25650200,1866300,7736200,19491800,1139000,17088900,2441100,4937900,1469100,5746100,19203000,3750300,3233700,4011400,8391200,18903700,485800,4851096,8907400,9399100,11411148,17133400,32527300,24657200,9558000,11955500,73558000,7266100,871900,8881500,2185400,419880000,1429836,12489200,16953400,6232700,38633421,10148300,842700,2271000,6642500,2529800,10336900,1910800,676400,931800,5337769,9989500,13862200,1548900,12761500,13002000,2976000,1339000,924800,45830657,8708700,1856200,2900800,143439000,1731300,4531700,3464300,3775700,7293500,3912400,622400,1405800,15041200,1556800,28786700,27938400,3552300,18114400,1875200
2019-08-15,108909600,9195700,,4952600,1932600,2336800,2874200,8256800,71674400,3065800,1773200,75182000,1132200,20010000,3031700,4721800,70192000,7262500,612700,4642900,4467300,16340400,4171900,1222500,3488300,1743200,3698800,15338552,1293200,6069800,1623200,6647700,61129100,10751100,6272600,4899000,2402700,2536082,7590100,1031400,2384800,2821100,945900,1188800,4393400,4008300,359100,2479600,7253247,40682800,26881200,1874000,80465058,4490800,3398600,7904300,28506000,1981900,21154700,4199700,2355844,3910889,1365400,21896000,1478700,7251200,13365600,811600,12393200,1508300,3939900,1066900,4745100,10367000,3364300,2774100,2513200,5258700,12925900,422900,5325429,6363500,6292800,9543612,10818600,28074400,16104000,7865600,6283300,96292000,6713600,705900,8894000,1651300,477200000,1088347,11257000,9352900,3701800,30713665,7758000,773900,2248300,3980200,2089900,9107000,1217700,564000,782700,6295618,5559400,7587100,1291500,20155700,5623600,2882100,919200,764400,32262702,7416400,1603700,2582100,122394000,1212100,3352600,2513500,3698000,6698000,3082200,653600,823100,12124000,1866900,27900000,59438700,3659100,12874400,1650300
2019-08-16,110481600,8348100,,5786300,2526900,1954500,2131000,17658200,70469800,2922500,1681900,60360000,713800,17458000,2343400,3866600,70841700,6020000,544300,4786200,3274900,16450700,3551900,1637000,2083100,1453000,2549000,14993591,1168700,5273200,1230800,5341100,24471800,9643600,6239100,3594300,3493000,2243254,6353800,1484700,2285500,2814900,1177100,776400,3332600,2540900,575000,1655200,7611598,27369900,18373200,1560400,49935166,6967500,4339100,7171900,24916000,1878700,14359600,4093600,1854840,3150552,1922500,22701800,2875800,5858900,11830600,1336700,14288700,1198900,3497600,821400,4368300,19249000,2718100,2475900,3174000,5310300,12654600,406200,4164233,6986700,5028400,9156271,9742800,24449100,17914100,10488400,6727800,69058000,5649000,841600,7533500,1381200,1007960000,1346657,9913100,8513800,3405000,30012334,8302400,706800,4364400,3302500,2118400,10090600,988300,730200,853100,4023348,4852200,6311800,1806600,13561300,6259100,1899200,2637800,1237100,41180372,9015100,1035100,3094600,76477500,1488500,3675100,2810000,2723300,8312200,2697500,659400,1304200,11923500,1500700,21196600,32895600,2257500,12649000,1209700
2019-08-19,97654400,9826300,,4579800,1891000,1955200,1734100,8860000,67596900,2974900,1415900,56326000,747900,17489000,3286700,2335600,44964800,7085000,473000,4216500,2755400,13312700,2630900,1090800,2487500,1265400,2139500,14840370,754400,9315400,1313400,4632100,26384800,10072100,6443700,3665600,1993600,1809538,11741800,780200,2632000,2511800,963700,1385900,4095200,3530000,279600,2158600,5586269,21844000,16936200,1458300,22398591,6163200,4191800,3899900,24450000,1646100,13001000,6413600,1747679,3310695,1649600,21403600,3060000,4958000,8265400,1707400,10936200,1232100,2903500,799900,7212000,13950000,2502300,2721100,5778400,4950000,9691200,456000,3824808,4439900,5335800,7655221,7803000,24355700,22613400,5632400,5102000,49422000,7027900,548400,9062500,1962900,815112000,876787,8273100,9850700,3101200,21997296,5867100,531300,1730700,3108100,2747900,9688400,1350200,781200,621400,2896906,5324900,5361700,1446900,11073600,4640400,1082600,1321900,1416300,34603667,8093800,1089100,1697300,79644000,1047500,3244500,2672300,2382600,5285000,2835300,695200,963200,11011900,1644600,15378100,21534300,2501700,10032800,1137000
2019-08-20,107537200,12037900,,3322400,1423500,1491000,1450400,7753800,47924000,2710800,1620700,38590000,592000,17920000,3641600,2039000,47665000,5760000,401700,4043000,4168900,9815800,2402000,1434500,2817900,1250500,2463700,16813893,871800,5297700,1390600,6259200,18201600,8961400,5150900,3206700,1582900,1750543,8628000,702000,3611300,4328000,734100,1446400,2531000,3039100,257600,1610000,8643050,25108600,13179000,1089100,20525588,5286400,3067100,4110400,20206000,1545600,8284200,12452600,1831498,3157456,1303100,23113300,2085600,7302000,8374000,1157400,8176700,1364200,2074800,920600,9298100,8549000,2583600,2333800,4162200,4034600,10083400,819600,2465793,5619400,4452100,6176598,11350000,21170800,13191000,8316000,8847000,73499000,5903100,517200,6758000,1506400,463188000,956251,7577800,7379100,3160300,19932510,6744300,472300,1675200,3656000,1904500,9387300,949000,571500,512300,3161474,6809100,6790500,1209300,7770100,4010300,1295800,1013400,919000,28856448,16460800,1031000,1856000,61878000,1142100,2706400,3201300,2599100,3793600,2572600,1489900,1001300,9892600,2286100,13345800,18336900,4625200,9743500,1657100
2019-08-21,86141600,7615700,,3894300,1044700,1520200,1332100,5198200,41441500,1755200,1279500,40636000,584400,19381000,2948300,3265600,47785400,5075000,351200,3531800,3742700,14692900,2783000,1201300,3383700,1263600,2527100,12088470,1089500,6044600,1682300,6142400,18365400,9595600,4578400,3300300,1855200,1645188,6325000,463000,2754400,3007200,677500,981100,2645500,2886800,198900,1483000,5300261,20434800,17332900,1044400,17105978,4493700,2843300,3791800,14152000,1160800,10964700,7938600,1837864,2934762,1339400,15915000,1218300,6912800,8189300,836200,10886500,1074700,2207300,791500,19753500,9280000,2492200,2053200,4117400,3181100,8398200,715900,1941826,5323600,3815900,6486072,9876100,14970300,14973800,7483600,4826200,56854000,6454200,655000,9513500,1673200,427244000,764918,6113100,8500300,2936900,19208728,4037400,616200,1501500,3311100,1988300,11004100,778500,451700,433600,2732286,4740500,4950400,1467000,6427200,4406500,1525600,1133600,732600,29013606,15877800,749600,1221500,116914500,1897600,3866100,2761900,1906900,3695900,2409400,800700,575500,7637300,1074600,13513700,24469200,2238000,10134200,1875000
2019-08-22,89014800,6495700,,3207000,1160900,1743200,1625600,4280700,47667900,2677600,1073000,53070000,733100,12294000,2322100,8320900,49353700,5115000,551900,3214300,3333700,9718500,2118200,893300,3170100,2060100,1526600,10627854,755400,4316200,2345500,11744500,21515100,6401900,4362100,3569300,1716400,1403909,6967100,617900,1945500,2718400,794400,1524300,2178200,2299800,270500,1631500,5146041,20974700,13827300,1156300,13672704,5084900,2022100,4044300,17352000,1275900,13271100,4544600,2058340,2818865,1721200,19783000,1107900,7213500,9343400,1333400,7467900,1446700,1840200,742600,7264400,9905000,2975800,2550600,2862000,3945600,10821400,302200,1724154,8287000,3311900,6588776,8126000,18697000,20599000,9159600,4176600,49742000,5571600,640300,6357000,1352100,303488000,910843,6744900,5863400,2484200,16933142,4558400,516700,1359900,3681200,1946100,7198800,944700,441400,504600,2593248,5146200,6901600,1248000,6975600,4368700,1164100,1059000,614600,28412643,10671600,845700,2010900,98385000,964000,2997800,4498200,3005000,6659900,2307600,417300,1026800,9272200,1322400,14703900,17986200,3160800,8972000,2397900
2019-08-23,187272000,8904700,,6228400,2290400,2851900,2253100,11614800,83681100,3416200,1497100,105416000,942300,25742000,4800400,11518700,81880700,7585000,853300,5946700,5308100,17997900,6102000,1751200,3779300,2201800,3910900,19415879,1547500,7133400,1984300,26531900,25871100,9353100,7653400,3525200,2983000,2547926,10190900,750500,3153900,4213300,1167100,1375100,3765700,5160000,319200,4322800,9783156,44982300,22529000,2806500,25801529,7488300,2715900,7834100,36254000,2200500,14091600,5769300,4607817,5040046,2116900,32814000,2095200,15714000,14762300,1888900,14160400,2119700,3870100,1392700,5520700,20312000,4415000,3662300,5287000,5542600,17323400,544100,5051784,10740100,6215200,10608694,12310800,38508600,27519900,10485600,10360100,63249000,8497800,667800,13069500,2143300,568056000,1300526,11374500,12545900,4239500,27765311,7336800,807500,2183100,4263800,3305100,16479400,2184100,815800,793500,5532580,8076600,8736700,1839000,13952100,4926200,1747200,1381500,1043900,44827992,9037900,1758500,2883800,128079000,1406200,6515900,4826600,4375800,7051900,3508000,979900,1198700,13203000,2110300,21152500,18710100,3868700,15371900,2321400
2019-08-26,104174400,4841100,,3521200,1641500,1792800,1625500,5715200,50612500,4005200,968500,61600000,641500,14249000,3170600,4661100,41499100,5480000,812300,3094900,3434800,10628800,5200400,980800,3275300,1529200,1770300,13881243,798600,4989100,1426400,8975400,14820100,4849400,3966400,1731700,1864100,1648798,8093800,579100,2037100,2919400,1109500,1237000,3167100,2688200,203100,1670000,5579119,31888200,19840600,1270800,11634356,4053200,3758200,4838500,21166000,1441900,12999100,3680200,3282734,2964259,1124200,22080500,1442100,8889500,8209500,1020800,9226900,1226800,2565500,688100,4720200,12502000,2184400,2553100,7386200,4575300,8773600,366200,2649499,12763200,9283900,6041825,10408600,20312600,12282800,7455200,5598000,46957000,4336000,446000,4248000,1330700,318208000,1218482,8582300,8304200,3954100,17468680,5661500,661200,1642200,11518000,1568100,11153800,1665600,527500,1258500,3325936,5802600,5920500,1047000,11611200,3838100,1022300,1327300,642900,30713225,6056700,1052000,1735900,75778500,1132100,3294000,2918300,3215800,7754400,2912900,831700,829500,9486900,2153000,15973100,17807100,2575300,7343900,1267400
2019-08-27,103493200,7591200,,4845200,1632700,1792300,1339000,5926900,53229200,3394000,1584000,60394000,644500,14298000,3145800,3740300,52517000,6905000,1068800,3069000,5996700,17219300,3160700,1690700,4200100,2794300,2582100,13346036,993500,5342100,5169000,6516500,20859000,7700600,4237100,3499700,1240700,3413441,6013600,989000,3668000,3773100,1761000,2045400,2600300,2649300,590000,1854000,13647629,23024400,15942200,1809600,13255982,5227000,6000000,6221600,23460000,1513300,10316700,4311700,2684542,4945488,1816700,16925500,1638000,20183800,14331800,1230300,13537000,1477100,2945200,760300,3722600,12917000,2169400,2070000,3693600,4612200,14399600,439900,2728196,58065900,3927000,6527049,8742900,23102100,19122100,9541200,9059900,63094000,3842500,407200,7369000,1274800,290968000,2385778,13853100,7322200,7187800,24715351,6996300,595200,2080400,41583100,2586000,7303100,1174600,801500,582700,3459571,6539800,9081800,980700,10000600,6155600,1855300,1025100,915500,42475509,6653400,1002600,1871900,81243000,989800,3679700,4988100,2883900,4022100,3700300,709200,940100,16953900,3336700,15038200,17201100,3000600,9490900,2394900
2019-08-28,63755200,6872800,,3889500,1326200,2776300,4525300,4811500,55835900,3789300,1143700,48394000,489000,17202000,2327400,2402000,45897900,5707500,590700,3404900,4208100,12343500,3187900,1447600,2405800,2343300,2050600,12549094,817900,4880300,5162100,5326800,11187600,7817200,4153500,2133900,1477800,1845521,5950500,659800,2639200,3710100,1157800,1360000,1730300,3055900,304000,1347000,7443498,35147300,15456200,2064900,11576392,5441100,3444700,7284600,16810000,1437800,14771300,3066700,2507567,2838426,1741500,14888800,1803900,9878800,10585500,996600,10046400,1122700,1744400,820500,4187800,11954000,2306900,2146100,3230200,4977500,9386100,506700,2806892,20298000,4258100,6159934,9881900,17393300,11545700,11356800,7510800,39557000,4123700,571300,7869000,1309600,255612000,1169462,7499000,7084700,3972600,26047924,4600300,419900,1550700,18953200,2318100,5678500,1369400,713600,547600,3252047,4948800,10094400,899400,11557000,5194400,1220800,1030800,701700,32261114,5327700,1316600,2035600,48382500,723300,2470800,4847600,2609900,4401900,2125800,654500,1680200,15238900,1242900,14740000,16113000,3152200,9647400,1110400
2019-08-29,83962000,6011900,,3758600,1494200,2171900,1856900,6786700,44422800,2391600,986200,60302000,948100,16429000,1901300,2717500,55432900,7820000,699700,3328100,5804900,11478200,3442900,1396400,2522700,2045200,1819700,12099247,667200,6401900,2613100,5979900,14733400,6784000,4467300,3071700,1611800,2486338,6532700,728000,2231400,2601200,1084500,1504200,2319300,3726700,339500,1646900,5040611,22011000,14882600,1684600,11785596,4758500,2194300,5123700,19636000,1816800,13070400,4184200,4158377,3108503,1591800,17803800,1315500,6749900,10002200,1155600,9262800,1458900,2708600,1063500,5996600,18173000,2297200,2729800,2694600,4074500,10128700,605600,3791918,18214200,8793600,6321012,12191900,20168700,18674100,8512000,6952000,43885000,5101900,625800,5400000,2092800,357976000,972041,6858000,6651300,3045200,19610302,5011500,529600,1499400,13238200,2372500,7348400,1191100,509300,630300,7271105,4514300,7658200,1246200,12614300,4883300,1280500,1102600,669400,30840594,5956200,1858500,1389900,77692500,894300,3454600,4052500,2708100,4679200,2660000,608400,680300,8538000,1606100,16196600,15811500,2724800,9004100,1498800
2019-08-30,84573600,6415100,,3627900,2176600,2373300,2584700,7819300,40307000,2621300,1426200,61174000,875100,16720000,2366200,3147000,41326200,6772500,466300,3632000,3234400,11844600,2912000,2003500,3176000,1553500,2899700,16521962,947300,5131500,1801000,7591000,19248400,6310300,4881100,3623600,1629100,2211218,5622200,771000,2157900,1704300,1079800,1159200,2678000,3164000,288200,2715700,7675109,32057900,12318300,1151500,9494847,5301200,3400600,4599000,18064000,1529600,12154600,3768300,3349153,3096788,1473600,16922600,1750200,7371100,10170300,1820600,8746700,1686800,2870700,760700,4610100,11943000,2600300,2733700,2415800,4465800,10774500,444300,2352532,13984600,5659600,6795127,7427000,23940100,16391500,11786800,7082600,44464000,5235400,576300,7487500,2361400,290616000,863990,7920000,6881900,3742800,18873346,6007100,880800,1861100,9045000,1932500,8465300,1209000,604500,728200,3702529,5209500,6896900,1274100,12443800,7426700,1420500,1452300,1038600,28610448,5841200,2165900,1701100,139809000,1116800,2747100,3384100,2209700,4061200,2467600,910000,892900,9962200,1245500,15250600,17115900,3159200,9180800,1601200
2019-09-03,80092000,7915700,,4060600,1696500,1837000,2043800,7145800,38029300,2193000,1843100,70860000,728600,22210000,3198700,4272200,50743100,8537500,540200,3637000,4695500,11991500,3780600,1361400,3308900,2994000,1963800,13563704,1045300,5142300,1842900,4953800,17009400,5379400,5672500,3118400,2030600,2166550,5997400,1244800,2620200,3263400,1110300,1038300,3123600,2467000,296600,3527600,7998550,26331000,18071900,1270600,13572847,4909200,3414900,6093900,25908000,2633600,13125600,4139400,2970270,2957983,1871600,15003800,2682000,5710200,9868800,2218900,12991400,1370200,3710300,891700,3893500,18529000,2350800,3183100,4225400,3483200,9779400,887600,2195617,8934800,8002100,6695882,8675300,18869300,17108100,9718400,7728300,36828000,6360800,660200,7118000,1645400,296140000,1727774,10128000,6917100,2989800,26624989,4959300,795300,2044300,4466900,2140100,7580700,1831300,566000,722400,4028433,5150700,7749800,933300,9366900,9082500,943600,1283000,1102200,27196284,5049200,1590000,1752700,80311500,1548900,3913200,3382300,1981800,4644000,2388900,1181600,1030100,10470100,1937300,17224200,17828100,2921400,9849700,1887400
2019-09-04,76752400,9618300,,3673100,1250700,1516000,1782700,10227700,46614600,1935700,1796100,46482000,647200,19865000,3746900,2737100,40862500,7000000,525000,3209100,3490900,9689800,3688400,1361400,3186500,1915700,2422900,27951132,1131700,5803100,1375700,3604500,13691300,5700600,4595600,2718000,1562300,1764982,4285400,1022900,2102600,3434700,856100,1292900,3244000,2951100,445900,1660100,7184549,27406400,12091700,1260400,18790362,5898200,3766900,8105700,21312000,1720600,12794000,3132900,4217157,2351303,1303300,23450700,1452000,4807200,6929200,1982500,10718100,1210400,3756400,792200,4114000,24032000,2631000,2252200,15039200,5318100,11308000,554600,1801894,7839500,4852000,7868070,6829900,17995900,26978100,8909600,4671000,46525000,4151200,625600,6005500,2005500,227728000,2128190,10558300,4837900,3201700,20649441,5586900,564400,2226600,5386700,1664100,4923700,1234900,628600,665100,3585102,12937000,6904000,1065600,11018400,5577900,1048100,1491100,624500,27455656,5254200,1288300,1876500,86415000,1101900,3858200,4526100,2732900,4154800,2579100,715000,1003300,9232200,2095900,17123100,17348700,2514300,6959200,1953900
2019-09-05,95654800,5602400,,4356400,2216100,2835900,2318800,10415400,57861200,1685300,2059100,66216000,1233100,20938000,5261100,3643300,63413700,11007500,888800,3968800,4867000,14723500,5355100,1273000,2524200,2092900,3430900,23554665,1185100,6014500,1865300,5065400,18434200,7892700,5394300,3943100,1672900,2517132,5143500,1437900,2721200,3020400,900900,2881700,3233400,4059700,486500,2243600,12926440,36626800,24776100,2119200,17433537,6011100,2622500,10747000,26394000,2237900,12560800,3373100,4786808,5242134,2331300,30014200,1878000,4754100,13224700,2578200,13677000,1911200,4045900,941500,3662500,28373000,3808300,2752100,7615600,5001300,13876700,617900,2895994,9043300,8812500,7524954,8101600,26101800,33075500,17661200,10148300,89668000,6328400,698400,10727000,1871500,695676000,2346149,10414500,9679900,4994600,22096794,7491900,813900,2383000,6613400,2668700,13480300,1304200,494100,1086300,4231348,5514400,9395000,1296300,12117900,6242300,1055400,1185300,721200,28784687,4950600,1470500,1963000,110929500,1169800,5330400,4256900,2854900,6386800,4630500,808400,868700,9232300,2100900,19243400,17479200,2742300,9901500,1721400
2019-09-06,77449200,7502500,,4451300,2184100,2273100,1447900,6913400,51673000,2388000,2307600,49938000,822900,13748000,4552400,3022600,56054100,10325000,467200,3409400,6349400,10476000,3315700,977700,3456300,2031300,2333300,13979621,1093900,4635000,3018100,4722300,17939100,7124800,4578200,3740300,1083200,1931249,4090000,1123500,2578000,2886000,988900,2241100,2653500,3794000,366900,1983900,6747405,29210100,18782500,1413400,8596517,6833300,3391800,5012700,18972000,1438800,10921200,3237900,3530796,2695333,1573100,17067900,1875600,6758300,7836600,1985400,9093500,1066700,2904700,701100,3462600,16807000,2783300,1976500,6027600,4940000,15226800,263400,2107711,10429600,5276500,7047695,7012700,20824500,19565700,9130400,7188000,51666000,3625300,536400,7003000,1676600,376976000,1730767,11636100,10958800,3051600,20873416,5306900,862000,2075900,6130000,2117500,5128000,1728600,570100,1034600,3375513,3991800,7047900,984000,11976700,4680700,1021900,1112600,745500,38748316,5746200,2337300,2930500,62841000,843300,2457500,4183200,2116500,7990900,3036800,931000,979400,8920200,1904900,18846100,13039200,2468700,10418500,1698200
2019-09-09,109237600,10310900,,4444600,2702800,3134500,3278500,6653800,54413200,4353200,2994000,59990000,1580100,21686000,5336000,4183300,68629300,9242500,724700,4565000,6171300,20193300,4433300,1631600,6328100,2945400,5153000,17480768,1343200,6176800,3397200,6265500,21175100,8623700,5048000,3848800,1725700,2285779,5458700,1761800,2935100,3115800,1381500,1303800,3505800,5133600,397000,2055200,7005233,48059400,19778200,2271600,10023906,8701000,6216000,7543800,31854000,2734500,13565300,4449100,5296300,4421024,2753100,20749700,1586100,7684700,13985100,2245800,10814900,2862300,4982300,1146900,3782200,21948000,4795900,2569600,5612600,5781700,14722400,533000,3697195,10164500,5218500,12040786,11888800,25773900,19474400,8297600,8940800,82327000,4282400,1272600,14610500,1731900,417524000,1438918,17803800,11069800,4062100,24675616,7662400,788700,1500700,5528100,2396100,6885100,1404300,927500,852700,3675834,6523300,7962500,1382400,13461600,4730900,2675900,1089700,1337500,156054584,4461600,1568400,2514400,72040500,1396000,3813700,3895600,2882300,7290500,2757000,707400,1177000,12848700,1585600,27651400,17921100,4850400,12840200,2601600
2019-09-10,127111600,12155700,,5613100,3631000,4097800,3370100,7304000,48604800,4866300,4266100,52278000,2356400,20850000,6196100,4547200,71066200,11402500,734800,3878300,10912200,18146200,8479700,2363800,7331700,2936500,4712900,18743669,2569700,8567700,2725000,6249700,16119200,10239200,8728800,3233300,2702900,4356674,10974600,1620800,3179600,4010500,1978500,2220100,3056800,4342700,496300,3290300,8463874,70567300,30521000,2407300,12563304,7419700,4662400,7233600,27922000,2615800,16748500,4210600,4479118,5208766,2814700,18532000,2410500,8239500,14333100,1885800,12038200,1788900,6589500,1297600,4771600,17274000,8683800,6407600,3813600,8968600,15455900,489300,3875279,11305600,6929700,18087432,12292700,28903400,23111300,11094800,6777700,123202000,7072400,1534900,12629500,1984000,352812000,2119831,19976400,9770900,4175000,32250397,9582200,1027200,3160500,7401900,2367200,9373900,1743900,1159800,857200,4552326,12490900,8701400,1447200,19638200,4459100,2190900,2095700,1733600,63577950,6133400,2428400,2254200,73255500,1863500,4725600,4257600,3070200,15255200,3634500,1199400,1849400,13987000,2472200,25822400,14572200,4748500,13810800,3089400
2019-09-11,177158400,8369100,,4458900,2430300,2594000,2003500,8100400,50631700,2875300,3019700,48656000,1494100,19260000,3674400,8437000,53982200,9990000,605100,4437300,6370400,11858800,7592600,2205900,6314200,2194500,2305700,13736985,2564200,7940300,4754700,6242400,18656000,7314800,5509500,4484300,2213300,3226982,7896400,1307600,2756500,2409300,1335000,1382600,3047300,3585300,529900,1999300,5083512,34190300,20235100,1642700,11455328,8853300,4218100,6991800,23522000,1886300,14736400,2978300,4294398,4047706,2431100,18968900,2964000,6203600,9919200,2790200,9740400,1292100,3404100,1125300,4073700,18288000,6342300,3393300,5502000,5544900,11761700,423300,4280604,16156100,6531700,10602197,9877900,24726100,31012900,8818000,7710000,74059000,4623300,1150000,7435500,1968200,361512000,2236447,16749400,7662900,5005100,16963181,7565500,1079100,2148300,8443100,1924500,6575700,1386500,517600,917600,4557093,8406600,6799700,1540500,17918600,4344200,2704700,1426200,925800,72914534,4451500,1293700,2412200,150642000,3296400,4286100,3168100,2437000,9113600,3421700,1017800,1190800,12241500,2735800,19190000,15852300,3423000,10525700,3365700
2019-09-12,128906800,9560100,,3517500,2122200,2955000,1755700,6251800,53618300,4448000,2334500,56470000,1203500,33109000,3733500,4495300,72943900,11055000,602200,4598400,5676800,15528700,5594600,1699100,4216300,3362700,2644200,19910220,1764800,5712300,2942600,4993500,16546700,8816700,5818300,3063900,2732800,2459830,7333900,1944900,2339400,4123000,1036000,1827100,2408500,3200200,435400,2330300,10654779,35687700,27660800,1520500,13666384,6495500,3246900,6982100,31644000,2913800,13410400,3366100,2946928,2620648,2527800,23308700,1847400,5250000,12283500,2282100,12357900,1640200,3578500,855100,3471400,12308000,5497900,3439100,5563400,5549700,11419800,480400,3432998,9625500,7028100,8416698,13254300,27010000,19671300,8671200,8816600,50109000,4057500,776500,9070000,2763400,327840000,1639538,28184400,7403700,4146900,16692303,6194300,910400,1701500,6242900,1868500,5847100,1012800,539800,1071000,4805931,6862200,8829400,1878600,13089500,4333700,2739600,1285400,1059700,56491108,4761800,1108200,2005900,128718000,2774200,4472900,4713700,2224400,7748800,3848000,1743500,874500,9491400,2340200,24305900,13422900,3588300,9100700,2444800
2019-09-13,159053200,8135600,,3633200,1592600,2948600,2014200,6052700,47758800,2428800,1908800,39426000,1042500,62557000,3941100,3628900,79657000,9820000,586500,4244700,4535400,14313100,3704900,2276800,4124500,2194900,4679600,12518791,1122600,7885300,2306300,3763500,15867800,6184500,4885400,3669200,1789300,2427118,5209100,2232400,3322200,1719400,948800,2052400,2247700,4123500,329600,3175600,11474108,27161300,27450100,1456400,9146903,4814700,2971200,10133600,23676000,2722400,10717200,3805500,2906716,2308104,2066300,18010800,1150800,5369800,16257200,1879800,11486100,1717100,2842600,898600,3476500,15982000,4631100,3791800,3071200,6183400,11441100,327400,3030903,21099500,7377100,7521496,11364500,23363100,14733000,8213200,9773600,65831000,5894700,704400,7602500,1960800,324592000,1976280,14736700,11149400,4008200,24099605,6777400,802400,1737600,10572800,1688400,5343700,1085100,617100,997800,4807520,6972300,6777600,1188300,8453300,5492500,1481700,1361600,721800,51934430,3583500,1083000,1737700,79696500,1920000,3110800,4523200,3107300,6103200,4410300,976500,1216300,10719300,3001000,25142400,16915800,2836300,7337200,3116200
2019-09-16,84632400,5992000,,3991200,1360000,2774700,2219300,5164300,52248500,1597400,1422100,73510000,1033800,22176000,4280600,3055500,43391300,9847500,697400,3472600,3097000,12063700,2876500,1693800,5847100,1558600,4116900,14491674,1244700,17898000,1508900,2592300,13025600,4408700,10683900,2517600,1164700,2609290,6329300,1801600,2934600,1820400,1396700,1748400,2279400,11888900,297300,1563400,5920786,50052600,21058100,1546400,9178805,4644100,3409800,15650300,28218000,2205500,36553100,3120200,2575790,2017211,3139600,13354600,1266000,5101700,11993900,1192200,11172000,1263900,1728900,1689900,2433400,11596000,2755100,3437700,2313200,3531200,8444800,368400,2941323,16502700,9626100,6191270,6289800,16731400,17495300,5033600,9420200,53074000,4171700,988600,5913000,2167000,231832000,1379165,15204200,24116000,2953600,19877070,9626700,763800,2156900,10547300,4654400,3756500,1206700,476100,1150100,3355968,6339200,6585000,1257900,22533100,4658600,1303600,1152700,845700,65127428,6358300,1062900,2178800,70921500,1240600,3065800,2973600,2294400,4253600,9945800,912800,959000,10950500,2421000,17759700,18270900,5341300,19830200,2651000
2019-09-17,73274800,9013500,,3578300,1457800,4069200,2788100,5435500,35011700,2447400,1853300,39648000,1008900,21912000,3054700,3269500,48284900,6582500,675300,3862700,3935900,10916900,2888900,2057600,3742100,1620000,3381800,10557752,2497000,13487100,1758900,3028500,16070600,4652500,7246500,3281200,1347800,2050704,4726500,1083800,2615600,1815400,1095900,1204100,2217800,4902200,380400,1500900,7875455,27391200,22280300,4053400,7614962,4819800,4909300,11349200,20806000,2429100,19353900,3732500,2426719,3068127,2455600,19641100,1852200,4976400,10735400,2134400,11347400,1186700,2438100,975800,2827300,14291000,2929500,3667900,2559000,6701900,9671100,512600,3248814,11659500,6123700,7375405,9768500,17814200,13776500,7596800,10407300,47771000,3248400,1151800,6354000,1829300,223048000,1871635,11111400,15436200,4013300,22091945,6377100,844500,2230200,7752700,2464500,4400800,720900,604700,791000,3369316,6493200,6244300,1038000,13493400,3962000,989800,1464600,815900,46375748,5961900,1514500,2851800,57981000,1351400,2673600,2392900,2007500,5924700,4537900,917400,1157200,8801700,1743900,18346100,13813500,4718200,14452200,2182300
2019-09-18,101360000,6252600,,2767500,1780500,7449700,2969500,7880200,47027500,1897800,1318300,50112000,546100,16510000,2844500,4186400,66640400,4627500,641700,2732800,3971300,11234500,3005700,2550800,3218700,1563100,3532800,13867692,1166000,7412500,1666000,2951200,12563800,4747100,4801500,4502700,1215900,2944193,6857900,1599700,3066500,1815800,820200,1979700,3519900,3876100,359100,2518800,5081549,24309400,26245500,22812400,8079777,4295400,6600700,5949800,17440000,2474900,15049000,3341800,1943434,2074846,1649900,14906800,1688700,4373600,10665600,2718300,9700400,1694800,3132500,780300,2246400,14916000,2975900,2534800,3677600,7898900,9681900,541000,2507653,13290500,3247400,6943734,8283800,23982100,15247100,7681600,7375600,78111000,4722200,1205200,6652500,2869900,258152000,1350785,8911800,9732800,2647800,19679550,5684200,687000,1872000,7359600,1814700,5147500,1790700,548800,1203100,2773600,4510700,6663000,969300,6949000,3896900,1254000,1225900,983300,49625374,6090800,1221700,2200400,62553000,1056200,2328000,2960500,4116500,9542500,2458800,949200,1172700,8451900,1870800,20511700,11868000,3636800,7292200,1673800
2019-09-19,88242400,5541200,,3392900,1567900,3163500,1200200,5951300,41603000,1483400,2281100,40630000,858200,19421000,1975800,2928800,43035700,6402500,517700,2735500,6465900,10069100,2725700,1599800,3092500,2006900,3831300,11204780,1362700,6270700,3004700,2947000,15349400,4543600,4034500,3032700,986000,2957390,12216100,2924800,2049900,2546900,764100,1818200,2067500,4099100,470100,1835700,5117861,28780700,19849600,5557800,6808664,4171100,4449200,4924600,16554000,1596200,12901700,3134000,2069162,3232035,1380100,11428400,1361400,4730100,9382600,1367000,7560300,1601500,3929800,1044400,2369100,12526000,2623800,2552000,2601200,4922600,10392700,401100,1941108,22526700,3594500,6922774,6403500,35772100,16633600,5906800,4005200,84613000,4231200,1029400,7462000,2835700,245476000,1342013,14855000,10491800,2804500,17746409,4525800,514300,1823300,8374200,1332700,5180900,1238300,404900,1044200,3479433,4843600,4935700,1564200,6234900,3502700,982400,1123000,997100,35751178,4110800,1003800,2257200,71937000,1118500,2608100,2666700,3733700,6964500,2432900,1090400,773500,7651700,1354500,16887500,10141800,1771600,8050200,1424200
2019-09-20,221652400,12968700,,7130100,2541000,4046500,3147400,11287300,79957400,6680400,2787400,106838000,1149400,35524000,5301500,6643000,167269000,12685000,1228200,10700800,7963700,26002100,6412300,2333900,4478000,2695700,4770000,29078418,2050100,18124800,3409500,11733000,48301300,10375300,10420700,8128700,2942700,5756748,25231600,2217900,5069100,3494900,1585700,2174800,4119400,4754700,1067300,3040700,14513504,37491300,23390300,5606500,11542705,9700400,6122400,18762200,37692000,5458900,15934600,7687700,5358474,5432296,3194200,37067900,2072400,12053100,21862800,3094300,19211500,2475500,7517700,2106700,6226500,33206000,5540800,5979300,5362600,11308800,19934200,800100,4423884,31224800,7932500,23631247,22404600,39167300,23195000,19007200,8300400,238328000,6991100,3489400,10693000,3932900,350244000,3509832,59517000,8589600,6671100,45990658,15362000,1023900,4647000,15987500,9381800,9122000,1434700,1661800,1625100,8439656,10913800,10962100,2411400,17917800,7474800,2128200,1412500,3744300,102573987,9441900,1775000,7141600,95295000,1138000,7471500,6220100,5308400,12820400,3807400,1114100,1719400,21019900,3578200,30229400,33997200,5853800,19736600,2572300
2019-09-23,76662000,8092300,,2279900,1516300,1966300,1610400,4511200,44366800,1683900,1267000,58446000,632500,14850000,5089400,2674900,52048300,7887500,647100,3075800,4025100,9546300,2723500,1295700,3404800,2112500,3952000,14338880,835200,6729300,2025400,3642200,16450000,7360100,4705500,3247600,1412300,2029836,6096100,1892600,2089100,2067400,541400,1250400,2431500,3749100,715300,2207600,6648845,22051100,18743100,4084500,6723554,5259100,2165300,7044100,20798000,1485500,11085400,2754000,2467356,1901523,1291200,18916600,1405800,5183700,9135100,1040100,6485300,859600,2611300,1132200,5319700,12025000,3092000,2812100,3056200,4831700,13327600,341300,2318566,10826000,5357300,8909572,7114600,17139300,16198500,6634000,6390400,134786000,4790000,979000,6154500,3037600,249712000,1333860,13863100,7298300,3346500,17295191,6060400,1054100,2272800,6967500,2413000,5815700,1646500,649400,1009700,4137597,4532400,4463300,1451700,5849400,3888900,1285900,889800,1089500,28592972,5170800,1032300,2361200,65103000,1925500,3946200,3281200,2999900,8803500,2005100,796900,724000,8437000,1736400,20603400,15487500,2867400,7495200,1574800
2019-09-24,124763200,8223800,,3525400,2950200,3288100,2195900,7074000,72963000,2322500,1728600,92320000,929600,20292000,5128400,3533300,64806900,7070000,765400,3709800,6496200,16801900,3370700,1289700,3611600,1842600,4395800,22120084,1125800,9370200,2483200,4120800,26717200,6519500,6232100,4284000,3124800,3469502,11904000,1824800,3166100,2855200,1075500,1889800,3633000,4323900,519700,2784500,6900504,33092500,20225500,5502600,10702559,5823400,3315100,6965500,35804000,2837600,18536300,4511300,2799130,3380254,1526600,28197400,3704700,7102600,11696500,1724700,10093000,1539800,3480200,1162400,3937700,18180000,4120300,3049800,2854600,6345500,18546600,353900,3572213,11577900,5520500,9377085,11246400,29773200,24959000,8674400,7122400,163382000,10202900,1120700,7527000,3657300,317268000,2395066,15354800,6503800,4798500,24186560,7633200,905800,2185800,8846900,2599700,10177800,1439800,642300,1241300,4506881,5662600,5693600,1599900,12212700,5090400,1110500,1036300,1114200,36647790,6113600,1465200,3631000,193372500,1407400,4694600,5006800,3160500,10039900,2846100,727500,767400,12846300,2093600,21629300,21819300,5654400,13307100,1843800
2019-09-25,87613600,5922700,,2795100,2825100,3307300,2354300,5381400,58234800,1779900,1709400,69864000,573500,55588000,2742900,4705500,45807700,8335000,597500,3291900,4364300,12243000,2354100,1512000,3881800,1689600,2784500,23611110,1119500,5788200,1827800,3445000,14013500,5207200,3762500,3663700,2814000,2355828,6523000,1183200,2383600,1964500,752600,1526200,2329000,3236200,381200,2382600,6336339,20510300,23425800,3551200,8799802,4914500,2830700,8414900,26798000,1593400,10550700,3716700,1745345,2642928,1440000,19486700,2371500,4522900,9389400,1198900,10248400,852100,3093400,1336400,2908900,17063000,4083600,2414500,3475000,4330900,18068300,403100,3298807,26028300,16650300,7290936,6909400,21382000,23571800,8423600,5889800,116438000,25330700,1349500,12747500,3538800,308432000,1700014,11607200,4324500,3579500,20269685,5812600,727600,1697600,20435300,3043400,5571600,1116200,468800,888000,3357875,4764000,7229200,1399200,11344800,4208300,979400,925500,918800,29563331,3411500,1952000,1957600,141406500,1134400,3293400,4658000,3203000,7797300,2541200,568500,949600,8088100,1414100,21313100,13840800,3634300,8035200,1196000
2019-09-26,75334000,10324100,,3265200,3594600,4270800,3104900,4848600,40745400,1877800,1350400,70736000,561300,27477000,3411200,2520400,33198100,7685000,516700,2823000,5157500,8555500,2227400,1158400,12694600,3523500,2265200,23704792,1248300,6655400,1877300,3837300,20172900,7455800,7834400,2497400,1808800,2073941,11615100,1439700,1986100,1954200,746100,2310100,1916600,4100200,270600,1900800,5377792,26556300,19347000,2033200,7469661,6398400,2417000,8301200,23166000,1685500,10841000,4200600,2103963,2416051,2138700,11351800,1947300,7545800,9899200,1268400,10031200,1345600,2266400,875400,3992600,16684000,2924600,3053100,5035400,4281000,16083300,404800,3304907,11894400,9487000,8104918,5343800,17456600,33341000,8703600,6263800,76840000,10408300,1255000,4726000,2939000,234564000,1246759,13324300,4958800,4309600,17059728,6984800,682000,1681300,5954400,1762600,3760300,2549600,855900,986800,4278541,5026400,8429200,849300,12359300,2890300,945000,941900,875200,25490045,3515100,1693700,1902600,178267500,695100,3297700,10444400,1999400,10419000,2884900,787200,1593800,7438800,1290800,19984000,11960700,3874300,8420200,1870800
2019-09-27,101408000,7677300,,3396600,2012500,3167600,2178500,11206000,54091100,1770300,1832400,78144000,509500,28660000,2909200,2730800,41336600,7640000,539200,2843500,10846000,11559700,2214300,2696500,7540600,2463900,3766200,16010655,1030800,4329300,1538100,5858200,16065300,4938900,6850700,2793900,1591200,1879474,8401300,1696800,1960700,1967900,985000,1148700,6472400,3422300,290500,1503800,6509065,32459500,22210100,1967700,6121624,7410900,2083500,6879500,34122000,1530900,14587700,3152000,2668203,2465213,2552700,14845700,1413000,6006500,10207800,1459100,7939900,873900,1906300,751800,3939600,29409000,3175700,2333200,3013200,6598400,14656200,345300,3432879,8618500,13047100,7827093,8005200,22477700,75941400,7501200,9737400,73283000,6420500,1117300,11381000,1809300,362056000,1190412,12391100,4515900,3559400,17583671,5589800,739500,2273400,4142900,2297000,5013200,1632200,770400,757700,3395375,5987700,6272300,1079700,9969900,2991400,1355000,2070100,945500,32070987,5689600,1144000,3373400,166746000,916400,5263500,4834900,2456000,9212600,2861400,950700,1206300,7799000,1862000,59467400,10304100,2375000,8224000,1664000
2019-09-30,103909600,8315100,,4340900,2025200,3992300,2048200,6674800,37295600,2492300,1703000,52894000,659500,19826000,2345800,3183300,39191000,5662500,362500,3167500,8016300,8661000,2795300,2530100,4732500,1993700,3387800,14823724,1119700,5923700,2151500,3671200,14903600,6383400,6108300,2711100,1828700,2460281,5532500,983000,2501700,2522000,786700,1424200,4904400,3159100,301000,1749300,5462192,21510000,11988000,1693400,7040620,8291400,2609000,7477000,24470000,1794500,9884200,3249200,2206350,4171866,2087300,13652100,1292700,6552100,9755000,1115100,9808700,1027200,2516600,1293200,4024400,15435000,3128700,2488000,2875200,4408100,10740000,399000,3000166,9891900,9311300,9806974,6213700,17280900,31423100,8937600,8069500,67272000,7401200,877100,6030000,1829200,186184000,1496916,17445100,6520300,3705200,17205391,5206900,569500,2017700,4908900,1801600,4775800,1301900,515100,1149700,4079122,6588300,4931400,1012200,9583500,3441800,1255600,2656700,1338800,37524676,4416500,1519400,2191100,88197000,811400,4233400,5286300,2639000,16464000,2899600,1235800,1432300,9709400,2505500,26897100,10204200,3900900,9768900,1859200
2019-10-01,139223200,10910800,,4436700,2066900,3245800,2926400,7727000,37081800,2331000,1545400,61690000,741700,19429000,2841300,2943800,49434400,5867500,597000,3511800,6121400,12428500,3718200,2234000,6694400,2231800,3241800,16194713,1106400,6329000,2648900,3172900,24185600,5996600,7116600,3095100,2299500,1894814,5978500,1222500,2009200,3717900,965600,1693700,7704200,4155300,313000,1806500,6557434,39559500,26848600,3434800,13799506,4899200,2448400,9991600,24504000,3156200,12198100,3335400,2963585,3096997,2361600,18413100,1382700,7673000,11250300,917800,14261500,1127500,2203400,1240000,3966100,14934000,3066400,4811900,5363600,5420500,17073000,622500,3912714,7696100,6307600,7050001,13437200,21466600,28087300,6727600,7493200,86503000,8464900,1045700,8550500,2079000,366008000,1258730,16443200,5229400,3638900,22013001,5415700,800600,1799400,7555000,1897900,7043700,1595200,589600,959500,5539095,6719400,35680100,1458000,12617900,3022400,1666000,2480700,1140700,30502974,3854600,1822000,2803500,92439000,1499000,5093900,5523600,4295800,8146200,3193700,732100,950800,8381600,1680900,27249300,11187900,3453000,10279100,1542300
2019-10-02,138449200,8380500,,5547100,2930700,3370100,2495300,6426000,43640700,2250800,1270100,66022000,1362500,19543000,4908800,3698300,52293100,7232500,743200,5938500,8009800,14760900,4255800,1981100,6393600,2563800,3352600,18347812,1260600,6135600,2480600,4432400,30722400,6398400,9702400,3561500,2646300,3237134,8296100,1779800,3044000,4097200,946000,1202600,4156500,4289200,531300,2757700,5987942,68137000,25488900,2740800,9534413,6409700,3764500,12940100,33030000,3386800,12056800,4336100,4795826,3494477,2064900,20078700,2782800,12051800,12548700,1569900,14343600,1996200,4483900,1759000,5040700,14757000,4308900,4171400,3239200,6507000,16151700,890200,3554871,9586900,5479400,8762433,12052500,30521700,26408500,8138400,7175800,76591000,6933900,1451000,8929500,2278500,293372000,1131382,15923700,6041000,5728600,22458000,6755100,951200,2240200,7000600,2066700,5997500,1635700,572100,1651600,5175532,9858200,20944000,1507800,13468900,4189000,2144500,1302100,1388100,34764268,4873000,1964800,3282000,84471000,2132400,5334600,4921200,3903400,10596200,2785300,1210500,1486100,12011700,1525500,23515900,17833500,7591600,14503700,1743300
2019-10-03,114426000,6228500,,3956000,2172800,3545100,2473700,6519300,56325200,1888500,1604700,69364000,833000,17096000,3529300,2623900,53015800,5305000,505400,4307600,5459000,12646100,3110200,2433300,7156700,2010100,2269700,12105115,1007600,4238200,3590200,3660900,15915500,5800100,5315300,4008200,1367500,2151322,8498700,1783500,3015800,3855600,775100,1357300,3202600,3556500,417600,1550000,6782596,40827900,28429400,2300900,11762643,6325200,2953700,12044600,28368000,2914500,10074200,2777700,3276580,3063525,1720800,16320100,1757100,6997600,12735200,1256200,13817500,955600,2735000,849800,5002800,13616000,3948100,3499900,4605200,5163300,16086300,612600,3618737,11412600,4462000,5790095,12293600,24132900,23627100,8017600,5497600,89510000,5762300,835600,8381500,1600000,450588000,1990934,11268500,5679200,8829700,22076135,5171000,702900,2154500,3550900,1639800,5419400,1260800,632000,815000,4609053,5989000,24552800,1047300,11557200,4216200,1993300,1219100,789500,26973322,3643000,1848800,2321600,226267500,1257500,5199700,3375800,2936300,7242800,2430500,870500,1094000,9769300,1514800,20212200,15619500,4143000,10788400,1590400
2019-10-04,138478800,7007500,,3390100,1568800,2566300,2873000,4596700,34446700,2158200,1621900,49438000,770700,25884000,2728200,2008400,42641800,4055000,349800,3571900,6229600,10977100,2442300,2126700,5147900,2097400,2415100,15898513,1036900,5148300,4513300,3259000,16718800,4677400,4757300,4538100,1217300,2161474,6732900,1261600,3129600,2221100,783200,913600,3190200,2525300,295700,1500600,4701467,27827400,21138400,2166100,10487838,5138700,4293800,7037700,24282000,3021100,7944900,3163100,2908838,2524626,1608000,12644900,1346100,7233300,9453100,1165500,9295400,1498100,2865300,762200,4311800,10613000,2671400,2220300,3252800,5952400,10430200,636100,3165094,12485900,6181700,7504518,5631400,22897700,21860000,6552800,5038200,98904000,4551400,953800,9493500,1601000,265524000,1497019,13659500,5109400,5278700,18065349,4377900,708400,1503700,4381300,2097300,4893600,1634300,511900,486800,3009884,5869000,14326700,1071600,10554400,3556700,2070300,1238600,709700,29014268,4160500,1742000,1838400,119925000,2199200,3893000,3700500,2321800,6027600,2066600,866400,873400,9824900,1160000,15779500,13881000,2720700,10534800,1468400
2019-10-07,122306000,5163500,,2673200,1596400,1823500,2234200,5257200,39337200,2199300,1005800,43094000,727800,18658000,2556000,1931800,36742400,6352500,566900,2720600,3601500,7835500,2334500,1673500,5719700,2216600,2484400,13007584,916900,8158600,1988700,2704700,14625200,4465500,4694000,2731700,1221600,2074618,5784100,1688400,2311700,2923200,1328900,1234600,1997800,3736000,224800,1929500,6570753,29340400,21117800,1778800,6454560,5980700,2377900,6640500,17040000,2202200,8287800,2917600,2349478,2538119,2304300,12081400,874800,5427200,6771600,908700,5964900,2744100,1460800,850100,3686800,11285000,2861900,3057000,4464400,6075400,9178300,732700,2955555,16154000,3345200,5086154,6323600,15303700,14911600,6154000,4426800,65256000,4975400,592000,10029000,1435100,480984000,1240258,12352100,7449000,4273300,11759373,4749700,857400,1191700,5370900,2377200,4215500,1758200,422700,664900,2662052,4382900,10249300,915000,15854500,3355000,1510400,1108500,673100,27852194,3809000,1915300,1908200,120963000,762700,2426200,3843200,2775800,5248300,1994200,884800,897300,13744600,1411700,15691900,14085000,2712400,10993000,1007300
2019-10-08,111820000,6121500,,5924200,2200000,2135900,2013400,5706200,44265700,2032600,1962200,50840000,1025300,22757000,3757300,4030200,58201100,4257500,498400,4185500,19410700,13500700,3530000,2297600,4290600,1854900,2539200,15196001,1264500,6968700,2201100,2613200,23022400,6950500,5323900,2742700,1848600,3074702,6526000,1461500,2470800,2803400,1103100,1572800,2502300,5544600,280500,1756800,6145527,31091200,29695600,2382600,9129448,4559800,3465500,10686900,20086000,2654900,11337600,3438500,3626604,3373768,1421300,17409100,1554900,7870400,10806300,1476500,13301900,1526600,2802500,1001300,3261700,15028000,2818900,2555900,4086800,5168200,9466900,608200,3327033,9985000,4838700,6416694,8309000,25550500,20664600,6968000,5972600,62764000,6916800,736100,5810000,1400000,444436000,1172558,14771500,8741900,4074900,14761270,5545300,794300,1735800,5773900,1904300,8489600,1318400,984000,593700,3970911,6100400,13000100,1085700,16807100,3510900,1605700,1044900,1037500,37298007,5418300,3933200,2308700,130173000,1822700,4769100,4817000,3373900,5336500,2900800,953700,972100,13832800,1143300,19734000,15375300,2774000,9748700,1621200
2019-10-09,74770400,5851000,,4008500,1683100,1359400,1752600,6279400,35661500,1292900,1038800,40870000,810100,16329000,2365600,2774100,37511400,5757500,380800,3206900,8593300,8357800,2557300,1475300,3492400,1796900,1844200,11139267,768700,5632100,2235500,2273000,16768600,5214900,4601700,2764000,2089100,1838302,5004600,1404800,2608800,1584400,833400,944300,2752000,3575300,274000,2219000,4273436,16898500,20374500,2212800,6589067,3516200,3612000,6329300,15948000,2443500,11083800,2657600,1782904,2741357,1809200,11834900,1122300,7787700,7273700,1012000,7135000,1266600,1636600,712000,3224000,15739000,2169600,1745900,2946600,3460100,7556900,448800,4016886,7764100,5461300,4660875,8955700,19749900,12784000,6004000,4984800,67944000,5115900,1268900,4199000,1756300,292412000,1091030,12803100,7057700,3065300,13634333,3775600,724400,1225600,3831200,1827300,5137500,944100,980600,760200,3864448,4427200,14228200,1212000,12176900,2897100,1209400,1248300,1512600,32517572,3745800,1733800,1967200,103416000,1328400,2884800,4483100,2553200,6277300,2781400,882900,768500,10609200,889200,13467800,11710200,1920400,8580900,1464200
2019-10-10,113013600,7329400,,5085000,1999700,1562300,1739900,5330200,40660100,1297500,1888900,51504000,741500,17340000,2384300,2723700,48239300,5687500,587400,2979200,17235800,9817000,3242900,2212600,4233000,2215600,2219600,9993949,673100,5426500,1637500,2687400,24698500,6729200,3555500,3258100,1996800,2012014,4512000,877300,2382200,1963000,695800,1145900,2786400,3057700,230600,1888500,6922095,28069600,61232700,1751500,6128666,5718400,2623200,10914900,12842000,2108000,9799100,2781500,1711499,2713010,2741600,13907900,1135800,5119700,10994100,873300,8942900,1486200,2736900,690200,3218500,12887000,2194700,1853100,3538400,4393900,8605000,376700,3817632,10563700,4470600,8580290,8207100,17654600,15572600,7465600,5189800,108091000,5794100,967900,3824000,1696000,309124000,1690313,13789000,7686300,2191000,12198680,3943400,615600,1432200,3885800,3782100,5580600,1213900,960600,667900,3710633,3986000,13028000,1318500,12784900,3601000,1549700,1137500,920200,30928905,5858500,1129400,2393300,94249500,1222400,2679300,5252200,2209500,4762400,2477400,447400,765600,11832100,1476800,18267800,13024500,2078900,7100100,1890600
2019-10-11,166795600,7164900,,4423000,2381200,2087600,1818000,6801000,66256900,2472200,1352200,65100000,737600,23697000,2860400,3935400,70008600,6930000,733500,4408400,16058100,14921700,6747800,1851800,5951400,1946100,2574100,24500241,1193900,6810600,1855500,4663900,25153600,6278700,5134200,3088600,5006800,2200051,6559000,941900,2320000,3131700,794100,1565700,3737400,5662700,280100,2704700,6187026,34175700,45962300,3947900,11202546,5598100,3114200,12177900,22330000,3334300,10477700,3459200,2381839,3134653,2536100,24072500,1886400,7161400,15076500,1174700,8981700,1609600,2554900,1327000,4498500,11995000,3493000,3945700,5766000,4810000,14930500,491200,5585559,7714800,8368500,6229626,14914600,25446000,27483700,8301600,9358600,87861000,6220100,1535100,8748000,2948100,446404000,1330145,18675200,7375600,2761400,18446054,6292200,1047300,1461400,6289000,2388900,7280800,1960800,1074600,1504600,4849469,5611000,11315900,2163600,12652600,3459100,1295800,1301400,934900,36655734,5040500,1283600,2070000,127131000,1189800,4717200,5891600,3083300,8754400,3118200,747200,854900,11349000,1456100,23024600,18383700,2634700,10101900,2310900
2019-10-14,96427600,5040900,,4228500,1348400,1372600,1504300,3395600,44473700,1638200,766100,38204000,650600,13312000,1864400,2124500,36040100,4412500,709800,1902600,5479900,11398600,2851500,938000,4069100,1304300,2556400,10782142,774000,4402900,1297600,1556900,15076900,2934800,2571300,3246500,1769000,1241138,3710300,754400,2483600,2369000,691200,1233500,2137300,5351700,181500,1591700,3741097,24794500,24309100,2388200,6832219,4354500,4744200,5630700,13296000,2286100,9185800,2183900,1120310,2415737,1467000,15016800,867600,5700000,8779000,1124400,7306300,1213700,1341300,622300,2129900,7703000,2042500,3088000,2156000,4574400,7006000,399200,3910681,6743000,3811400,5513214,6644500,13304300,12443300,4711600,4264300,55132000,4636000,658000,6785500,2606900,200040000,1354913,11079600,12931400,2371500,8700981,7360200,512900,1407400,4137500,1409000,4545300,1183600,840700,469700,2637740,4881000,9452500,859200,9294400,2890700,1103200,629700,682600,27506894,3201600,749100,1982300,153075000,926800,2292900,4075300,1960300,7240900,1372200,673100,540600,6876100,964400,16870500,13719900,2297700,6234600,1810100
2019-10-15,87360000,6028300,,6429100,1462400,1964000,1546400,8052200,41600700,1492800,993200,62234000,679400,21230000,2379700,2836600,78656000,6835000,834700,3055400,10241400,22030100,3289000,1894100,2944800,2792200,4404000,9630955,721700,6226000,1580700,3942600,18794400,8209600,3742700,2383600,1898500,2355264,5914700,774500,1904600,2124900,644700,2834000,4775600,6107900,207100,1915700,4764136,29771700,19444600,3187300,7791583,5675700,3847800,10249400,27584000,8241900,11120800,2663300,2986185,3164673,2127500,18878100,1268400,10008800,23379000,870900,9564300,1519300,1760000,835300,3340700,17932000,3006600,3766800,3226600,3825900,15039100,475900,3705926,7003900,4926300,5205102,10112800,19695700,17767700,5672400,4892900,76856000,4292500,744800,8816500,2066900,664124000,1204550,9150100,6216600,3369300,15178232,11113900,836800,2744200,4085900,1606400,5222500,1439400,731900,875700,3964078,4695100,12800400,1248300,8943600,3648200,1072200,886400,556000,30063141,4914200,1183200,1805000,96492000,1009600,2955400,13397700,2616300,4400200,2197400,1161000,738800,11679200,1456200,38478400,13550100,2027300,6645700,2006500
2019-10-16,73903200,8288300,,10707400,1923100,4315200,2180100,8383000,42804400,1758500,1508400,55268000,523900,20046000,2136700,3657100,87131700,7500000,482800,3233900,14814100,17295400,3038300,2266500,2776900,1822100,4436000,16007454,1166600,5190700,1811100,8988600,16454200,7343500,3608900,2585200,1824100,2383351,7610800,860400,2617100,2981100,784900,1679900,2580700,4342100,313200,2590600,16234179,27190300,17311500,3425100,11605123,4854900,4073200,13294400,22986000,3405800,9417800,2388100,3660238,5577900,2043600,14769300,1203000,12434200,11087700,1275000,10454800,1570400,2314600,851300,2900400,19413000,2689400,2891400,2590400,4969300,10516900,452400,2314499,7916800,4325600,5686134,10088900,20751600,16646900,7662000,5139700,161759000,4883300,553600,23617500,2006400,428944000,1094539,8912300,5658900,2812000,14435795,7973100,739500,1930500,7488400,1865400,6218000,1032700,827000,780200,3339125,3698700,13056700,1210500,22004600,4395400,911600,723600,1086000,29173148,4725200,2103500,2261500,100261500,1310100,4537600,5368600,2260600,6509000,2267300,972600,749400,9298100,1857200,23728400,11344800,2199500,9765800,1633200
2019-10-17,67585200,6811300,,4172800,1486500,3319100,1904800,5150400,36884400,1380800,1197100,52948000,463700,13125000,3005500,2397100,55575900,4997500,544600,3575400,6319400,11382800,3418300,2355400,3168500,1796000,3760600,9732214,1420900,4364300,1734600,5024400,14352400,8402500,3722400,2369600,1203400,1160825,8005100,972500,2051700,2421100,739600,1372200,2715500,4324000,198100,4678300,27450599,28361200,14449500,2585400,6552993,4682600,3414300,8122200,20958000,2876500,13595800,2250500,3504165,16484751,1598500,16533900,2100000,8434000,10818500,1611700,13190300,958900,2018900,1004600,2615600,12808000,2396600,3340500,2129400,4719700,9603000,316100,2325742,9255800,7049100,7178486,17965100,21460600,11718700,5366400,4821800,382589000,3427400,1081400,11058500,1563900,263436000,1261517,9917700,6484300,2322500,15312090,5956900,993100,1966000,8730300,1767600,5916700,558400,445700,691100,4103751,4359400,6928300,1245900,15730800,3444500,902600,1077700,715200,24521672,6368000,1028100,3903800,71539500,763900,3003500,6301200,2197500,4887900,2545300,489400,1133600,7323700,2237600,20560100,11732700,1787300,9757200,1494700
2019-10-18,97433600,9480200,,5219800,2896700,4391000,2482100,6419100,39681700,2043400,1544400,67250000,633100,16981000,6188500,13544300,48872900,8805000,527900,3581400,10584800,10413600,4329200,3120000,5269400,2030300,4022600,14462011,1245100,5160400,1853900,6080000,17226200,6249500,5679900,3210300,1616200,1617890,8694000,813100,3041900,3151100,673300,1534600,3637300,6595300,247900,1981800,28476162,42422900,17182200,2789600,7827417,8805600,3064400,6858800,31624000,2207000,26677300,3662500,4691636,7507665,2177500,16974100,6992100,25868700,10417400,1219600,18122400,1022800,2207100,1935600,3712300,15238000,4052300,3518800,2796800,5027500,16874200,480600,3221665,13209800,12749000,7883056,10493900,32273500,26215300,8784400,4616100,234299000,6209200,2198400,22048000,1489700,307440000,1260691,12562900,6972400,3630400,14219198,9016700,1110000,1728800,8444700,3015900,6107000,1737500,530000,971700,5413246,4631200,7582800,1362600,17218300,4178700,1271100,1011600,903900,49864620,6026100,1186400,3197200,86247000,901700,4126000,4922100,2720600,6311900,3796200,1566100,1122600,12339700,1896800,21199500,16776900,2500400,13472700,2451400
2019-10-21,87247200,7839100,,5487900,1344700,2868800,2123200,5738200,52182800,1564000,1272400,42608000,726300,13031000,4259500,15493100,61087400,4862500,568600,3337300,8590100,13080600,4225200,1570600,4574000,1891200,2520300,11360242,1274400,6734100,1322900,3358000,13277700,6820700,3926300,2087900,1375200,1519416,6257100,860100,1550200,1982700,1111700,2391400,2121900,5603500,270800,1869500,10353349,33610200,23376900,3459700,12155530,3737000,1927000,7039300,18094000,1934900,27859700,2041700,2688998,6596181,2259400,12189000,2616900,13823600,12714600,1776400,12778900,927900,3944900,1160000,2827300,12152000,2921200,3684200,2931400,5798600,8122600,424800,2390326,10422000,4631300,5352136,14244800,20078200,15473700,6488400,4362000,125992000,5185800,1102700,19103500,2525000,261868000,1014869,8256600,6592300,2829400,13237081,6731600,1019200,1773800,4174900,1638800,5119800,2161300,496800,533800,5951758,4861200,7654700,2399100,16441100,3146400,1417800,878800,680600,35278112,6152500,1053200,2899400,75304500,872100,3355100,3029200,3251100,4898200,3227700,561300,1097200,10882300,1656900,19409100,10230300,1797900,10199300,1639300
2019-10-22,82293600,6062000,,4764000,1752100,3349100,2255400,4442600,36185200,2136700,1341000,42234000,1482600,13046000,3912100,7949700,58662100,4660000,403100,2716800,9707000,11052300,4681600,1323500,3898100,2379000,3864500,12726002,1584800,6187300,1955600,4460500,15067100,6293100,4095000,2570700,1486600,2064578,9291600,836300,1743700,3364200,1151800,2851800,2188300,4476400,271100,1617000,11969014,35878500,23467400,2975000,11459381,5881800,4014300,6730400,22862000,1868000,14548100,2003200,3490796,4353034,2511800,13114300,2919300,7613700,12549100,1183900,9533400,1429700,5708500,2567200,3574700,9901000,5619500,10265400,3220000,7910400,19537600,425100,2468544,9921700,3468800,18629038,12366600,27431000,13802400,12636800,5796800,118024000,5470100,1154800,34315000,3726600,328720000,1069978,7777100,10472400,3248100,14549416,14410500,935600,2548500,4396900,1571400,4944500,1367500,723200,811300,10544286,5767500,7142600,3324000,17598700,2667400,1211600,980900,675200,26683631,3321600,1047100,2141800,69012000,1169000,5518900,5660800,8275700,10094700,3087300,610700,4428000,9603600,2081700,18526900,7634100,2511300,9536000,2273800
2019-10-23,75828800,6136700,,4308300,2263000,3020400,2369600,8493800,26582200,1805800,1151500,42764000,1179800,20957000,3921100,10960800,47771200,4402500,374000,2413800,21256800,10327000,11295900,1301500,7283100,2088700,4092600,24923733,1043100,5252400,1798700,4761400,15647100,4683800,4148500,2685100,1227100,2702350,5970800,1052500,2199800,2132300,1588400,2742300,2228500,5533200,370600,1542800,12215065,44770400,36496000,2174800,9547274,6056100,2954300,6413900,21282000,1574500,11784100,2110500,2524225,3777001,1995500,15887500,1729500,6693400,8828300,1110100,8556600,1227900,9047500,1279700,2181200,19786000,5367000,7943700,6593800,6597500,12300400,559800,3243911,9323100,5908200,8511961,8328000,29844600,13959200,8912400,5186200,71335000,11933600,1117000,60289500,2625100,279916000,1063889,10491000,7655800,2323600,14000598,8249300,577000,2179600,3015300,2329600,5785700,1056100,589300,760400,5324262,7136200,5969800,1838400,12862300,2796800,1227100,1443600,594800,32027692,3898700,2094500,1256200,78916500,911400,18450000,3706600,3644200,7122300,3534600,827600,1544600,10375600,3023000,14173700,8520000,3298200,8641800,2831700
2019-10-24,69275200,5699300,,4470900,2008700,3511000,2809200,18652600,27808000,1220800,1097900,88922000,669800,16896000,2551300,5382700,39491000,4297500,404600,3147200,10727900,7445700,3916200,1657700,4187300,1974300,4994800,20239710,1197400,4552100,2056700,5280100,18338800,5562300,3873900,2265700,2478700,3136968,5746300,681700,1763400,3237900,1416400,1582100,1733300,4249800,329300,1546900,9646040,120395200,32498200,1712600,6848069,5555400,2314900,6718800,20224000,1266500,9416900,2173900,2314041,2718031,1657400,23413000,1606800,12111600,8020500,1812400,11051400,996600,3304500,1126900,2084800,56831000,3791900,4955600,2697800,5610300,11413500,572100,7120147,7872800,4898400,5232769,7469800,37029300,25760200,6411200,4402300,48274000,12085800,1312100,46870000,2057100,232020000,2429018,6449200,7127000,2292500,19998385,6725600,547500,1780800,3665500,3471800,5271200,869000,565800,551600,7235353,4591100,6359100,1363500,11551700,2452000,1176700,1085600,710800,53057976,4238000,1230900,1884900,445813500,1142400,6205400,2546900,2969600,7872600,4566300,606300,1881000,11143800,1913100,16695400,8700900,2579100,9003600,2195800
2019-10-25,73477200,5497000,,4872800,1389200,1822300,2454300,8567800,45368800,1321500,2409800,192528000,570100,20869000,2325000,4058000,43702000,6060000,475400,2539200,6549000,10497600,8319500,2028100,2730400,1325300,3850300,16279006,1396400,3046000,1686200,4991400,15701200,5068400,3369100,2697800,2102400,2667946,6696000,1009600,1818100,2070100,573200,1369200,1945400,2398800,379200,2083400,8948125,51373600,35421900,2080600,8458780,12014700,2898000,8735600,27104000,2602100,13148300,2210900,2069162,2697739,1407500,59767700,1265100,6947300,9055700,1101700,9782400,1025000,4234600,1173500,2260000,25072000,2760200,4773700,3289400,5964300,8061200,605400,3713341,6805200,6248200,7868384,9576400,25959700,19855300,6072400,4970600,47478000,8147200,1563500,16543500,2171600,423092000,1887631,6307000,5270700,2520000,17497665,6093300,877800,2179600,3452600,6245900,6712300,944200,412800,716400,5074154,5235300,3928100,1298700,12385700,2865600,1171000,800400,672900,44063779,2829800,1061300,2006100,450091500,647500,4788200,2815100,2704400,10130100,3899200,621300,1199300,15036400,2461700,17433300,7692900,3336400,7607200,1561000
2019-10-28,96572800,7146400,,4768800,1832700,2281900,2566400,8755200,51223600,1652800,3431400,74178000,980200,12999000,2552700,3234500,58790300,4892500,584100,3521900,6527800,13086900,6174000,2219900,2764400,2019300,4595500,15817208,2563000,7574600,1672600,7576700,13859700,7015900,5076300,2224900,1433100,2194524,8940300,973100,2761600,3615700,923800,1598900,2078100,3211400,288100,3246400,8927235,39635300,17882100,2597100,6371196,7854900,3350600,10645500,65428000,2707800,12464800,2705000,2511599,3374501,2520700,32307500,1554900,7876300,9522200,1586200,8866100,1216700,4168500,1321700,2489300,25281000,3796600,7711400,3585600,7759700,13657900,698400,3753048,12435400,4748700,15557665,10276000,35280100,15240000,7164400,4266500,62484000,10304700,1348400,17329500,2078800,330792000,2379482,7280200,4644400,3212600,25800339,5459500,1155700,15446600,3537600,4706800,9949800,961300,384800,790100,3773081,6653400,5534500,1586400,12727500,4342900,1068200,1262000,1754200,82403244,5101400,1399600,3054300,283054500,1167300,6492900,2957100,1730400,10086500,3941700,1264500,1337400,14621400,3518600,23914800,10213800,3329600,11209600,1441800
2019-10-29,142839600,6391500,,4614900,1554000,1723500,2068800,6353600,78700100,4460000,2044000,45538000,1177000,13272000,2756300,6113600,48266600,4442500,473700,2630400,4831300,9592300,4427900,1345000,3297400,1927000,3018800,13513022,2497500,8699200,1295300,5477300,13713900,6505900,4548400,2544600,1586500,2653620,9305100,3003200,2675100,7032500,2174300,1537900,2401200,3939500,305000,3551800,7619870,36771800,14533700,1464100,9180931,5534200,3127900,18562500,52654000,2030800,11592000,2558000,2879554,4352092,2130100,18155800,1284600,4506300,9797300,1693600,7999700,1080100,2987800,1298500,3034800,20796000,4706700,4454600,3088800,8126700,13574900,1088200,3192602,9042500,7274800,17371019,7773600,20589500,12183600,6861200,4550200,43562000,9044700,737000,9315500,1946100,211236000,1556359,8333900,6373400,2550300,32212032,5659800,782700,5335700,3443300,3838400,4993600,1569300,387600,965100,5647306,5699100,5708300,1845300,10309100,4874200,1313500,1325100,1834600,35364040,5309300,1225900,4154800,190264500,812200,4622200,3528900,2867300,7572800,3259300,1359100,1695000,10619900,3377300,21063000,14373300,2490800,13894400,1683700
2019-10-30,124522000,7222500,,3534800,1243300,2320800,1381300,4246700,78228800,3793500,1520700,48988000,604800,17281000,2264400,3997600,45262400,3757500,323600,3296900,4275000,12431500,3948100,1959200,4253700,2033200,2575700,15410788,1595000,7907800,1264300,4724500,12062000,8032000,4690900,2382500,1624700,3577565,10880000,7840700,1831300,7143500,1341600,962800,1796500,3361400,556100,2327000,10608093,28685300,19786300,1576200,43326155,6289200,4417500,7393200,29204000,1584900,13151500,1956700,2075740,2356638,2372400,15248000,1356300,9627600,8513700,1700300,8620900,1110400,2424700,1064900,3064900,11725000,3485500,6332600,3102600,17324100,28734600,743500,2129358,7848800,6873400,10026845,7101400,18496600,12932800,4959200,4983100,93456000,8127500,840200,9440000,1783100,205960000,1220650,6284900,5558500,2653700,22019430,4734500,1534200,3690900,3644200,2286700,3971000,3557300,604400,802700,4040191,8731300,5284700,1610400,13940300,5253200,1885600,1145000,1937600,45040891,4665500,1395400,4150000,144627000,878200,5276200,3299600,2417300,5374800,4187000,1075600,1195700,12136500,1896800,16155900,8988600,2761800,12840600,2042500
2019-10-31,139162000,10009400,,4614000,1574800,2845400,2309000,6741600,67881600,3255800,2021200,55624000,1011900,27881000,2507400,3868400,49430900,4810000,429500,4305500,5321700,16864000,4037600,2397800,5084700,3971400,4374200,25141828,1541000,6346400,2277400,4578300,12488300,6138500,7177700,2424100,2181800,2862187,9628300,2384300,2454100,3263400,796900,1877400,2916300,5272200,690100,1953400,11574772,29124100,23321500,2110500,17381933,6438100,3711000,7652700,31904000,1876200,10693300,2824100,2273935,3569057,3281200,19249700,1161900,7686700,11589100,2595600,13982000,1303500,4124400,911800,3413100,26993000,5356000,4961000,2613200,5774700,42286500,735600,3173108,12698200,15931500,12419429,9414100,24605100,15445800,8228400,5360500,50900000,6752000,829200,7263000,2952500,209732000,3267415,8260600,12515400,4492300,24539860,6399500,2462900,6367000,4689400,3940600,5693700,2222300,741100,658200,4852647,14008800,7119700,2370900,10079200,5169900,1559000,1203500,1082500,52278140,6221800,1505900,2548900,76005000,1226300,4778400,3960400,2954200,6830800,4396600,965400,2273400,12226600,2069200,18814700,14643900,8817200,16169100,1905300
2019-11-01,151125200,13356300,,5119100,1502100,2827200,1923900,5899000,64238600,3685500,2112200,55808000,738700,21234000,2036600,3538200,41985300,8330000,441500,4777800,7382400,12935200,6220200,2545300,4303000,3425800,6128500,17407145,1358300,6483600,1364500,4771100,24404100,6793300,7684700,3169600,3090800,2592595,8507600,1499600,2647200,3369700,927200,1432700,2897400,3033100,431900,2250100,7900691,55354900,31504600,2129400,16462897,4956800,2746600,7925300,28812000,2112300,11548200,2197400,3008147,3231931,2536900,17953500,1704300,5541800,11682600,1462300,9889500,812200,2629100,915600,2801800,15453000,2880000,4192400,3478600,4841900,21711800,1010200,2951010,9254400,7377500,9281298,9765900,33128400,18311700,8018000,6446700,55943000,5263600,1167500,12405000,2254400,283640000,2162866,7313600,9024800,3054900,19263220,6010200,1662900,4507400,4291800,2248800,8620300,1311800,829800,661900,6444348,10658500,6238700,1533300,11094400,4353500,1217400,1074400,1443700,46648095,3486300,990500,2585800,95758500,1984400,4430100,2919600,4171900,7000200,2843000,912700,3010600,9629100,1820500,16359300,11287800,2855800,14108700,2466200
2019-11-04,103272000,9127900,,5508000,1144500,2790200,2983300,4150500,83343800,2646600,1640000,55438000,962200,34075000,1956400,3703000,54228600,8207500,544100,4149200,6187200,12585200,5437800,1626900,4211500,2451400,6528500,22328469,1377800,5667900,1651600,5748100,15018900,8822200,10348800,2936900,1990200,2452836,7631800,1670900,3105900,3841000,885100,1175200,6537200,6808500,661300,2523100,9351200,46716500,28404600,4303600,19618249,7008700,2526300,7782300,30632000,2538100,16301100,2542400,4650681,3488828,2807700,19068000,1240800,6140300,9159900,1021500,17515100,1086100,3002100,1117500,2518000,12904000,3726600,17662100,5580200,6019200,16371300,1344900,4954789,8863500,6145100,8947195,15965900,16912000,16021500,13459600,7374600,55662000,8161200,1984800,9032000,1467900,376716000,3213648,8757000,13452300,3202400,17709730,10351400,1486100,2574000,4294100,2031600,8389200,1508200,632800,777900,6823166,8271200,8368800,1831200,14206000,4050100,1810900,1116100,4457200,47480891,3033400,1052000,3055800,131805000,1692900,5175400,3186400,4230700,7154800,2482500,1624700,1293300,10133300,1807800,17559900,13938000,3067900,15858200,1918800
2019-11-05,79897600,7475600,,8238800,1536600,6170600,2196600,3857900,84848600,3012000,3449700,37710000,980600,38711000,2630000,5468900,68785600,6392500,716800,5321800,5801200,14403200,4516700,3104000,3851900,2581100,5394100,17062717,1178800,7545200,2204500,4015000,18988900,15587500,6971200,3525800,1314300,3566172,7404500,1624800,2626800,2719900,1325200,1404500,6530800,4412800,934300,2242100,9763528,37569700,34170400,2510200,14321783,6599100,3022800,7317800,25148000,2525100,14116000,3624600,5470728,3153690,4368000,20865400,2273400,6257300,13747600,1715500,19284000,1132900,3357300,1364200,2360400,14839000,4717500,10496000,7684800,5747600,9942000,1541300,2756062,9413800,7018500,9937974,13894100,18250200,13682600,9502400,12383900,40624000,5589700,2410700,11047500,1836800,300868000,3407458,10759300,19344300,4300800,21688474,9239600,868000,4955700,4820400,2268900,7280000,1448300,2345700,802200,6453406,7054400,8986000,2490600,15720300,3958900,1824200,966900,4224600,39343322,5906000,1876800,1622800,104151000,1492300,3994500,5393400,3117800,7447500,3286200,1626400,1324200,10645400,3328900,25965300,12651300,4104300,14930400,4492000
2019-11-06,75864400,9303600,,4489000,1652200,2762400,2394300,3965900,51675100,2540200,2206100,40596000,1019700,18076000,2420700,3815700,47524500,9457500,792800,3662900,4296000,12629200,3736600,2315300,3075500,1763600,4412600,21262536,976800,5464900,1675000,4207400,15904500,22382100,6104700,3984200,1929200,2898734,9132500,1541200,2186900,2448100,739400,1603900,3962200,5247800,375800,2097400,8759696,39497700,21392100,1767400,15650118,6010500,4153600,7280900,24626000,1863000,11389800,2631900,2909686,4683256,3407700,17721000,1462500,5450000,11231100,1398000,13288900,1084500,3973700,1505800,3229200,16907000,3742900,6473500,11298000,5478400,10973000,720700,3603428,7713300,5081400,9735606,7872400,16575800,21803600,6976400,5998000,34383000,7033800,1168000,6840500,1577500,269012000,1929221,10572100,17042700,3645600,18757722,6756300,1017100,3107600,4604700,2130300,9755300,1336800,1017700,1123700,5015679,6365300,4888400,1567500,10647900,2812700,1942300,1297800,3056400,29127073,4052200,1017000,2705600,119113500,1491600,3904700,3668600,2820200,6992500,2529800,2253200,1124000,9287600,2411200,22051100,10843200,5031400,13996500,3509800
2019-11-07,94940400,6561500,,6020400,1676800,3201600,4086700,4486900,54350200,2498300,2117400,53022000,1935900,23981000,2845000,2834500,68310700,45682500,756500,4394900,4586100,14340500,3816700,2122900,3818000,1356000,4332100,16679984,1023400,9492200,2399400,3802300,16717800,11695900,5440700,3592400,1652800,2868842,18047600,2692500,4125000,2156400,775800,1614000,2532100,7641200,383600,1885900,6733385,32640400,38830300,1978200,14261713,7746000,3273400,8070100,45140000,3748600,8367700,2832500,2704277,4261195,2905400,16962800,1373100,5873700,13528900,960500,11725500,1098200,3076200,1157200,2656300,11067000,4277800,4820200,8046600,6795600,13473000,614300,4017125,8383500,5980300,9251325,14501500,17786700,19253600,12473200,7555700,59285000,7110000,1154900,9583000,1217500,280340000,2484127,9677700,15278600,3338700,22727297,8909700,855900,2307500,5217600,2386400,30254000,2592400,952300,1058400,4407092,7221400,5835000,1793400,8832400,5991700,1585700,1125200,1986900,33818138,3935400,1210200,2674200,217009500,2795800,4271200,3646300,3156200,7227200,3220800,1193500,1018500,14604400,2433400,23452500,13324200,4887600,13073800,3945400
2019-11-08,69986400,11364100,,3462800,1282400,1628500,3016100,3313900,39353900,2069900,1819400,42466000,1810100,17830000,1984600,3218200,38724000,25842500,356200,3346100,3235600,7927100,2776600,2279700,2709900,1461300,3489400,14662394,1172300,4769000,1501600,3265300,14407000,9245700,4249800,3361100,1713600,1875187,24175900,2595700,6146200,2306600,587800,1229700,2206400,3136400,505500,1981000,5820683,29476800,24304900,1152500,12535897,4953100,2656300,5913000,30392000,1610800,9603400,2088400,1736645,2383206,2064300,11888900,1071300,5003000,9293400,648900,7141800,966000,2224100,783500,2792400,13730000,2241300,3499400,3555400,3521300,10760800,605900,1932258,5604100,4488100,6653123,7966500,16732700,18518800,6431600,8739900,45090000,4555400,807800,9524000,1627100,189100000,2018592,5869600,13610500,2604000,26626886,4249900,691300,2145300,5287600,1577600,16371300,988000,1106100,627300,2701618,7054800,4274200,1129500,8382200,3909100,1164600,645400,1420600,24672872,2340300,788800,1614800,91038000,3429500,3804900,2200300,2310700,3894100,2678400,1045400,1219900,17644600,1750400,14722100,11498100,4176900,12106000,3818900
2019-11-11,81821200,8726300,,3139100,1167000,1777400,2113400,5651000,43511100,1364300,1347200,38920000,906100,9154000,1704100,11483400,27784000,11780000,414100,2380400,5199700,6020300,2205100,1878400,2295000,1390400,2640400,11917857,773000,3716200,1160900,3541200,19590400,5057600,3870800,2311600,1410200,1240236,10138400,2027600,4871000,2159800,502700,993000,1643100,2905800,309400,1110000,5126273,24846600,19063400,1063400,9144135,3696400,2362900,3907400,17234000,2754500,6712900,2309600,1691871,2686128,1718100,11228900,1509900,4371400,8679000,631000,8198300,881600,1770200,580500,2936700,11794000,2132600,2746700,4003800,3506400,8631200,503900,3186503,5895600,2254900,3725221,7107500,14362600,14635900,6142800,4957600,39443000,3247300,547100,8478500,1315600,243436000,1778033,5018000,14584000,2227200,12542916,3850400,739600,1548300,2992400,1634300,11297700,908900,611900,1210100,2341233,5828200,3455200,976200,8804100,3400700,1449200,498700,1333000,17987334,2978300,773100,6388500,149800500,1814200,5165300,1765600,1318700,3617300,1901400,656000,825200,7754000,1281900,10659400,13317000,2642200,8674000,2035200
2019-11-12,87388800,12165900,,3701400,1522800,2084900,1966600,5115400,58664500,2704500,1475400,40752000,1152000,16875000,2012400,5769700,37282200,12415000,365300,2657700,7076700,11066600,2843100,2657400,2249400,1831900,3315900,12991045,1009300,4939900,1540800,3710600,15632900,5030400,4503600,2170100,1436200,1726742,17284000,3393600,3843000,3684300,685000,1302600,2310100,3262000,358000,3600200,6274090,28703900,15505200,1279900,9819738,4243200,1958700,12687200,28852000,1891600,6971200,2991100,1927731,3186639,1548000,11952500,1403100,5228700,9099000,888900,12656900,1681200,2273200,910700,4174600,11061000,2217200,2930600,3802200,3544000,17615500,458500,2081518,6631900,5518500,8616656,6400700,18641600,15170700,5798400,4522000,57728000,3979600,514800,9444000,1839800,283504000,2136859,6184900,12823100,3246500,13338370,4759600,714300,2431800,3671200,2178400,9332100,1168300,905400,4132200,2562421,8551400,3887100,1352400,11652100,3337900,1514300,613800,1365500,21912332,3496100,791000,4346000,110391000,1622100,4761100,1892500,1555800,6118700,1928200,636000,939800,7709400,2512000,15187600,15189300,1519200,13918600,2131400
2019-11-13,102734400,5798800,,3976900,1817700,1739900,4140200,5703000,67648300,2333000,1664900,59790000,1175400,12625000,1807900,3453700,48887800,10650000,330100,3190700,5097400,14040700,3194400,1799100,2564900,1463000,3454600,12141606,1076600,4644200,1517900,5389700,25187000,5112000,5076400,1950400,1835500,5229746,45725400,1971500,5441900,2860000,737800,1305700,2509600,3847700,414100,2115900,6312645,34491200,22247000,2211900,10830626,4482600,2407800,12447200,20538000,1756000,7355600,2399600,1968367,3052646,1808200,15332700,1492500,5885400,8023300,928500,12257900,1388200,3250600,956100,4252300,8611000,3320600,3405000,2484200,5811800,10860700,594400,1960005,7733800,4325600,6516883,7022000,16919200,15423600,7189200,4728200,91589000,5923600,517200,9750500,1372000,300188000,2355540,6802300,9096500,3166600,25855252,7262800,602100,2924800,3671400,1542200,9353200,1232000,1009400,1513300,2926302,7407900,4443900,1080000,9728100,4965900,1313100,643500,1129800,21974296,3978300,1286600,2715800,126301500,1247400,4928800,3289800,1613600,6138300,1887200,916300,1080500,10255600,2313400,16846800,23135400,2997100,11773700,2452600
2019-11-14,89182800,5425600,,4474200,1672900,1459700,2668200,8236000,65829500,2749300,1362800,45296000,949500,17268000,1990600,5339600,35554600,6922500,413300,2831200,4674500,9446800,2581700,2384200,1933800,1534900,2956200,12125281,1059600,3971200,1336400,3820700,65568900,4032700,4882800,3297000,1307500,2434675,28393600,1741700,3905700,3300700,584900,1186900,1990300,3425200,521700,1166800,6724413,26527800,14364000,1826200,6177722,7548200,1850000,13019300,28948000,1483100,6247700,2282200,2343006,4425940,1919300,12119000,1781400,4217500,8483400,824000,8660300,1003000,2627100,915600,2852400,12029000,2365900,3173900,2675200,5393300,9040500,464600,1930224,6413400,4440400,7911247,5836600,19729800,11797400,6329600,3908500,65290000,6035300,610000,8929500,1098600,518080000,1415801,9056100,8786400,2141900,25190600,5188300,484500,2837100,2896700,1507500,8793600,1565100,1029600,1211200,2757551,5285100,5358000,857700,14068000,5399800,1120700,463800,1405300,36368956,3323400,860800,2881500,96973500,832900,4568500,2101900,1580400,9811000,2288100,1498300,995500,9530200,1558000,16491400,67512600,3425400,11279800,1958500
2019-11-15,100206400,8036700,,5453500,2426200,2011300,3601300,28389000,62958500,2028600,1546600,78552000,1259800,18120000,2341500,5493100,36398300,9160000,342100,3477000,7513700,10294000,2827400,1732900,2187500,3056600,5146800,24731566,1182700,4261900,1706100,3693000,32385000,8767100,5589600,2859500,1611100,15505714,13733400,1674200,3567000,3315500,750500,2661800,1924800,3505300,448200,1914000,6435460,26416300,20827500,1596800,7671582,6908600,2098500,12358900,39286000,1693100,9152100,3524700,3440505,3412575,2833600,16112100,2543700,10495100,10163600,1570100,8982400,1772000,4857400,1533600,3623200,21264000,2544200,2991300,3732400,5060000,11524300,420200,3129812,8329800,4468100,9675870,6439000,23485700,17859200,7382400,3475500,63338000,6785500,871300,11130000,1244500,1053628000,1894855,7216900,14162200,3648700,36378810,7108600,542000,2520200,4611400,1636700,25490200,2445500,912200,825900,3160839,7533000,7064400,1131900,9017400,5433400,1034100,831600,1767300,41675283,4752400,1626900,3941400,72135000,1105600,4496800,10136000,1891000,7808800,2487600,1180100,1581500,11758800,3593100,15225300,30413100,4233000,11252800,3429200
2019-11-18,86703200,5772300,,5812300,1561000,1632700,2789900,10413100,66102800,2239500,1353700,56790000,976200,15850000,2617900,3823800,31133700,9050000,303700,3894200,11969800,8525700,2638600,1795400,2196500,2818800,4568200,17349527,1070300,5793300,1241300,5556700,22742800,8463700,4885300,3707900,1418100,5890754,15353100,1621000,4274200,2646600,757300,2349500,1590600,2965800,350400,2306800,8846059,38291400,15201100,1794200,10226930,6163600,1987400,9766600,27984000,1603400,8836400,5747400,2552554,3358078,3077900,16097500,2542200,9291800,8749300,1064600,13782000,1115900,3361600,827700,5506900,13662000,2715900,3420300,3122800,5052600,16167200,459700,2828062,11529900,3310700,10701757,6446900,21534000,12631200,7002400,4946200,86166000,6165600,891400,15411500,1357500,574588000,1809096,6923300,13130200,3619700,18084532,7493700,495400,1921200,3236800,1365000,10360500,1651100,622500,1156200,2948866,6432200,6983100,1452900,11671500,4968300,981100,847200,1274600,34383883,7015500,1233600,4235800,66006000,1186900,5337700,6985200,1772700,7173700,2938000,1099800,1533600,10165100,2264200,14374600,19644000,3340900,10095600,3023100
2019-11-19,76167200,7504800,,4152100,1342200,2142700,3787700,9886800,94373000,2551600,1526400,45416000,816000,31743000,1891000,6670200,33183700,6850000,350600,3378100,5389200,9095500,2085100,2681400,2503500,1666100,3710400,17572636,832900,6588000,1761400,4952900,19612600,6923900,8723000,2383300,1192800,8089226,11504300,1582100,16085000,3415400,1850900,2286900,2045200,3763500,403600,2873800,13557620,31168900,20572000,1524300,9396375,6135100,2484700,10534600,21864000,1817100,10244400,14972200,2836265,3132770,2389700,17061900,1977900,5192200,8824500,1284500,12679500,1463700,3781600,800300,7154000,13654000,3013800,2910500,4740600,4760600,19056800,428100,2142993,10280000,4757000,9691380,6980100,23935700,18384000,6522400,5652800,59180000,5368400,790900,49338500,1104900,414564000,1704864,7199500,12533200,3019100,26475110,5989000,733700,3604100,4845200,2781500,18091300,1614000,630800,738800,4495758,6008400,6093500,2064000,10174100,3639200,1124400,1231800,1415700,85473203,11468200,1767500,2332900,115872000,925500,3860600,4002000,3642600,8549900,3641300,788500,1706100,10492700,1434700,14434100,11146200,2583000,12605500,2349500
2019-11-20,106234400,10933000,,5416200,1477300,1841300,2136400,12037600,79767900,3524300,1297800,55800000,1199500,19927000,2544100,3774800,43612200,8867500,438800,4966000,5274400,12799900,3484700,1620900,3082200,1633000,3008600,16261293,1187300,10097500,1979500,8450300,18660800,6958100,5903100,2722500,2013300,6856548,9448400,1932200,6414900,3035700,2228700,1208800,2073800,4027600,398200,1855700,35516305,38271500,24073800,2476200,9367744,7633900,2240100,14056200,28892000,2177700,12520300,10225400,4446333,4328557,1502300,18542300,1629900,7594400,11782800,1126400,11970300,1234900,3638200,907700,16114700,12661000,2903900,3131300,3829600,4382000,12355400,496500,3216642,15262900,8599600,8160147,9138700,25696800,24660700,8506000,5026500,51118000,6235400,777600,189014500,2282400,472588000,1330558,9117000,10302200,3047700,19947582,6480000,573800,2861500,5670100,4337000,13045100,2435000,1058100,1123700,4204335,6248700,6188200,1882200,15805500,3057800,1801400,1157800,1442200,92496494,8673900,2329700,2779400,100876500,1359200,4368600,4141600,2904600,6040500,4590000,793100,2487300,12362100,1306800,14994700,15227700,2251200,16930700,2142900
2019-11-21,121395200,9614100,,5211400,1217400,1609800,1859500,13935300,88069400,2659300,1361400,53258000,774000,19317000,2783800,2703800,42787600,8567500,526700,3707600,3935700,8585100,3297700,2378400,3770400,1359200,3432900,17341738,955400,10527300,1302500,5724200,19868800,4339000,5810900,2555400,1627600,7818281,6241400,1511700,7570900,2817300,2366800,1368500,2015500,4147700,322600,1609900,11819701,33161400,17158200,1595400,8364300,5392000,1797100,14379800,25546000,1677700,10522600,7823700,3326341,3499184,1978400,16139000,1390500,6424900,7705500,3498100,7856100,1369500,2909500,1416900,5747800,24070000,2777000,3509500,3230000,3848400,12131000,525500,4312656,8500200,3842000,7195568,8353600,18576100,14192900,4990000,4116700,74884000,5493100,785100,19704500,1410600,288388000,1798879,8067100,9308900,3391200,20942664,7094200,824900,3375900,4030700,2401300,10180400,2252200,858300,936200,3731131,8300500,42834400,2166600,11451700,2776700,1506800,1002200,1584800,41518654,6924300,1058600,1694800,91650000,964700,5447700,3309900,1994700,5112200,3127700,1064600,1241300,8056000,1646400,16186100,12908400,1989600,14080900,1654500
2019-11-22,65325200,7784700,,3964600,1117900,1508900,2596600,8627700,56931900,1975000,1779800,49582000,979200,13216000,1629700,3915700,38783900,5997500,483100,2392800,5655500,7910700,2258300,1996300,3971000,1492300,2616300,15052596,851100,6575300,1277300,3761900,18725700,5402100,4786800,2383900,1292800,5009335,9639400,1885400,5763100,2690200,1627200,1149400,2333100,2903300,318900,1652300,8201700,34966700,22244000,2226800,7720858,4589300,2097600,13566900,27776000,1529100,7404000,5786500,1965184,3449185,1958400,15690200,1223400,9235800,8167900,2274700,9113300,936700,3120100,758600,4473300,12736000,2968100,2417700,2407800,3863500,9959800,423700,3908887,9256900,2379300,7800159,6609800,15901800,11253700,5016000,3573000,59701000,4264400,583300,10440000,1265600,224100000,1307750,6346900,9467200,3014900,25544006,4414900,724800,2014200,4764400,2261000,6166700,1642400,1286400,631500,3783568,6080400,16855500,1986300,7515000,3629200,1224800,916100,1200000,26317280,6193800,841900,2896100,253059000,1419500,3008900,2802700,2597800,6865600,2877500,1378100,1318900,10741300,1417000,13823400,11529300,2401100,12143600,1627700
2019-11-25,84020400,9522100,,5704000,1951900,2205400,2502800,11193700,45769500,2637400,1441100,69724000,1316500,19636000,2285400,3324400,50238800,7467500,434700,3648500,5029900,11497700,3085200,3021000,3054600,2419700,3020200,27949105,967200,7721200,1613000,5509300,19653300,8807100,7390000,2687700,1556800,5518176,11316800,1759700,6254300,2812400,1418600,1452000,1900900,3129200,472500,3961100,11220767,30580900,28558500,2505800,11378143,7492900,2496300,12208000,23590000,2181800,7804800,8865400,2819608,2709245,2144000,15011700,1948200,6111900,10068500,1894000,10963500,1418800,2939300,801400,4468900,19885000,3760200,3999600,3979400,5633900,15272300,740600,3303232,7685300,6855800,9021289,8461000,22420900,18803600,7456400,6133500,78739000,5419700,988300,16132500,1480800,506476000,1562345,7977700,10264400,3612400,31592385,5134300,1170800,2394500,8015400,2758900,8964100,1375000,845000,914400,3818367,5450400,37435100,1281000,8711700,6383700,1513100,1235000,1294100,42985116,5297800,1257600,2978200,185092500,913500,3726400,4082900,2460400,5457800,3027400,1008000,1490500,10644500,4300500,15561000,17644500,2600400,10670000,1774400
2019-11-26,105207600,6431400,,8764100,2324500,2619000,2943100,10254000,43603300,3300800,1877600,63624000,1438200,30793000,4596200,2859000,50626600,8240000,525100,3717800,5847900,11306000,2468100,4903300,3217700,2201100,3513800,41246486,2469800,8151100,3359100,5881400,29422000,10128300,10053100,4119600,2786900,9711854,24949900,2669600,6569900,2827300,2211500,2464600,1984500,3320000,848700,2510300,15425785,30093800,28062500,2769200,12879647,6923500,2533900,8245900,21910000,1926300,10678100,9981400,4858213,3967687,4586700,22338700,2954400,10636500,10490700,2034900,13219800,1547400,4704900,1206600,4752300,17898000,5712800,3877200,7041000,7632300,11735500,1025700,3122636,10749600,9866700,19233420,10360600,24620100,12849300,15634000,11105300,53210000,5907400,1294500,10756000,1691400,385244000,2999714,12076900,13362000,4947400,34620633,8235200,1049800,5782700,5258500,4118100,11584500,2379800,735100,902600,5722625,7651500,23072200,2161800,9578300,8201000,2012400,2973100,1268200,71535058,15894600,1709600,2832200,119211000,1291100,7099700,2998600,2872800,7079000,4971000,732400,1875300,11936900,3373500,18078900,18877500,5882100,15457000,3688700
2019-11-27,65235600,4711800,,2865400,1205000,1469700,1488900,5701700,33630100,1579800,1117000,60512000,685100,20182000,2629700,4145000,32097700,6570000,299700,3945500,4736000,7592100,2660200,2048600,4832600,2042000,2517600,21794755,1722300,5998400,1906500,4012800,14889900,7823800,4106100,2145800,7626000,9876881,6155400,1320800,3229500,1862700,745400,1189000,1505100,2346500,302300,1477500,5866248,37396100,13480100,1645900,9128706,4980300,1884100,5838700,18808000,1614600,9061900,6687500,1108533,3431821,2423500,18184200,1917900,5523000,6607900,1377800,9595200,1074000,1798200,770300,2946000,8744000,2163500,4133000,3222000,5210900,12736600,724200,1592474,5679600,4197100,6037318,8614000,15184400,15409400,8584000,3772300,40969000,4017400,619700,6589500,1456900,215784000,2619422,5790000,7058500,2476100,19201034,3751400,1130100,1811400,4130800,2290500,5215000,1218900,734400,659500,2401456,7502400,11805900,918000,6538200,3532000,1088700,1231600,1430700,22600018,5236000,864000,2081500,83334000,717500,4876200,2323900,1862700,11452700,3016700,991600,833100,8795300,2085700,16352900,10302300,2685600,8393900,1443300
2019-11-29,46617600,3042800,,2410900,750600,1175100,754500,2905800,17609900,945600,654300,38468000,653400,9229000,1961500,1390900,19503400,3840000,239600,2256500,2375500,6246900,1652500,859100,1913100,812000,1385100,9047413,1155100,2707100,981600,2432500,9808900,4463600,3271000,1872600,1394400,2253631,6284900,497700,1325600,1271600,458200,512500,1086900,1497600,187200,1032400,5472707,13096200,11141800,789400,4562336,2658800,1144300,3927000,12802000,770400,6437400,2952900,1732719,1909264,1259200,9481100,887400,3278900,5712000,705400,7222300,847600,1243900,401500,1596000,7590000,1754400,2815500,1465400,4424700,7985200,242600,1127230,2678500,3545100,4880222,4138400,11977300,7343600,3557600,2883900,24117000,2541800,311200,4399500,1608100,141556000,1338298,6479400,4664000,2978400,9793873,2927300,307700,1652200,2927900,1105700,3882400,751600,463600,330800,1575494,3857000,4867700,709500,5445400,1863800,789500,1037700,507600,24060390,2425500,667100,872900,36984000,400400,3498900,1520900,1372000,3139100,1716800,425700,537100,6791400,1015800,10508600,9471900,1730700,7980800,1064400
2019-12-02,94487200,6526400,,3801100,1262300,2891400,2341800,6159400,35710200,1633600,1189400,78512000,1150700,23158000,5538200,4794500,47158800,10007500,379800,3888100,4920700,11085300,2896200,2026700,3377400,1498900,3487800,17912156,1404200,7171500,2705500,5117400,17630100,5264500,5195200,3602900,2694400,9419251,10351000,1774400,4202000,2723600,996800,1262000,2017500,3938000,394500,2387800,9941582,37232700,24408400,2704500,13785963,7642100,2339500,6782000,26538000,2118500,10234100,4416300,3239764,3208187,2141200,19154500,1892700,4717100,8615600,1150600,13173800,1718600,2199700,1283400,3324300,13166000,3062300,3197500,4726600,6162000,11503400,433100,2801271,9551500,4327700,5597997,8117100,27418400,16053800,7118000,6762000,62188000,3892000,886600,11214000,1626100,372036000,1929118,14314000,10829600,3866300,15645998,6146200,866300,2554700,4402300,2418300,7668800,1553000,652200,592100,6121940,6425800,11375200,1001400,8583000,4334100,1820800,1952000,780300,32951182,4831900,955500,2881400,91117500,1137400,4733500,2517100,2438300,6883200,3172900,581100,1093200,9142000,1777100,20252700,17012700,2623000,11116900,2050400
2019-12-03,114430400,10054500,,2912400,1243600,1608500,2096800,7671700,51556400,1825400,1520000,67618000,1162400,18736000,3792300,4683500,58745100,4817500,465700,4480100,3176200,13559400,3839600,1953900,3091800,1975900,3677000,23293464,1250700,6110000,1921400,6216400,19625500,6381600,6135800,4842700,1966500,10916897,9273800,1619400,3954400,2609900,1110600,1093100,2119800,4555500,447200,2899100,8735161,40653100,29930400,3766100,12850515,5333300,3607400,8211000,25270000,3207100,13049600,6505400,4005806,3810055,2425700,25737400,1578000,5741400,10361300,1975300,14498300,1230600,2786000,1384300,5091700,15947000,2528300,3745300,5036600,8440100,11595300,609400,3231592,9241600,5006900,7466162,12217700,24066000,20321400,9249200,9374200,49928000,5570700,1320500,11558500,2085900,465232000,2254920,11963700,11535400,5000000,20869832,6396200,793700,2562800,4750300,4128900,11126100,1918400,929700,966500,5938729,6049800,11151000,1374600,10351800,4746300,1729200,1317200,735900,32927880,4781300,922700,1956600,98605500,1688300,5307100,3239200,2037000,4543300,3345700,572600,949200,10289400,1828000,25560700,19784400,2799400,12245800,2115200
2019-12-04,67181600,6174600,,3953400,1221800,1522800,2792400,6564400,44299400,1908500,1276400,53402000,972800,14439000,2444100,3014200,46637900,10590000,730800,2667700,3657700,8266400,2484600,1908600,2644600,1820300,3279000,18003064,1042100,8036700,1742000,17803300,17202200,4958400,5706700,4844400,1756400,17386428,7684800,1129700,3503600,2735200,1128800,896000,2463600,5310600,413700,2832600,7201093,29982900,17331900,2300800,8777551,5093400,3146700,8962100,35506000,1583600,12904400,4256200,3112337,3692380,2260400,18881400,1039500,7257300,10318200,1144800,13624000,1384500,2597000,1081100,4147400,12073000,2743300,2217200,8642800,5537500,8456300,608000,2558483,8266100,3884100,7293766,8608400,17574700,16921700,6699200,6389700,35121000,4456400,708900,9262500,1831800,273424000,1676587,11436800,10537700,4228200,14501248,6857300,802400,2493600,5053500,2128900,8477400,1957500,605000,911100,4829130,5940300,6799000,1279800,9780100,5336100,1712800,1008500,1078300,50625656,4481400,985700,1905500,82995000,907700,4537600,2694200,2202200,10650400,3898000,693700,937000,8237500,1968900,18867400,16669800,2068500,11049700,2566500
2019-12-05,74424400,6072100,,3279900,1816600,1698100,1536500,5291000,35574000,2083600,868200,56476000,1029200,15494000,3128300,4719600,38304500,9070000,460600,2319300,5409200,9581200,2277700,1945300,3152100,1526300,4056500,24081230,1201900,5047000,1941100,7126600,22632800,4900300,5517500,3606700,1234000,17027950,7363300,2132400,3055400,2261600,1432500,970000,2970000,3480500,337700,2982800,8189222,25768600,13960900,1628200,9484775,5847800,3123800,6892800,24408000,1329300,10274500,4580500,2484968,3760788,1544000,17673700,1424100,5472900,9587400,1320600,14068100,868700,3003200,1203700,2651200,11038000,2580300,2819600,3702600,5356100,9740400,592500,3957923,7279200,3205200,8267462,6680700,17869100,13003800,6413200,9989100,46155000,6946000,803900,5869500,1322200,184884000,1430042,10557400,9214900,3351800,13098058,7029200,665300,2293800,5209800,1688600,6358300,1694200,501800,543600,3720644,5170800,9766900,1192200,6836700,3217000,1379300,1523500,902700,28815933,5160500,844300,2820400,55869000,985800,3260400,3357300,4889400,4638600,3136100,1132200,767200,9812500,1944100,13499700,13058400,1812000,13109000,2771100
2019-12-06,106075600,6044600,,4104600,1345700,1733000,1379300,6033500,31101400,1860900,1206000,62348000,618700,16937000,3287600,2856100,50908500,7482500,507000,3447700,7951400,9877800,2271400,1532200,3682400,1658000,3504700,15650436,1629200,8311100,1462000,4751200,16541000,5103400,6735300,3275600,1523400,25289760,7084900,1411300,2964700,2564100,690600,1618500,2891700,4368000,307300,1562300,6228806,31086900,18135100,2436200,10151591,4140400,2815000,8404200,32968000,4229400,13910800,4193700,2247198,3595625,2170400,16476800,1566300,6640400,10170600,989300,7843500,912300,2462800,709600,2463100,13589000,2425200,3095100,3210200,5047200,12270600,469600,4640480,5144100,3970100,7245872,9487300,16403500,20468100,6196000,6397800,44578000,6368500,931400,9312500,1906500,232236000,1387834,9088600,10411500,3216900,12868708,7150900,1158500,2221100,3787000,2142600,6860400,1740100,575900,635800,4143953,8499800,14627100,1000800,8525400,3520600,1078400,1544500,1457600,29930476,4901700,1199400,2900300,114186000,1023700,3815900,2828900,2762700,14526700,3825100,574900,1021300,9296900,1185100,18325700,13022400,2375100,13710800,2387200
2019-12-09,128042400,5582700,,4227000,1976300,2892500,1705700,4729500,27928100,1867900,938500,48856000,978500,24694000,2885200,2844600,32974500,8577500,372800,2601000,9749900,8817100,1585100,1579800,3205500,1376600,3610200,22981900,994400,5256500,1960000,3709000,17508500,4812600,4736100,4341700,1730800,39237706,11515000,1228600,3798500,1992800,645400,1209200,2913100,3752000,208200,3366900,4786007,21772900,31400000,1728200,5356135,5983700,2766900,6922700,30842000,2134600,12210900,5111100,1651447,3105051,3062900,14298600,2361900,4241000,8498200,766800,13887200,1038300,2335100,821600,2589500,10272000,1903000,2227500,3575200,5842800,11954800,452800,2461607,5337000,5609600,8054823,6382300,16687400,16540500,4560000,6191700,57484000,6517800,1137200,5291000,1986600,211880000,1145830,11996700,17193200,3882900,15641571,7452800,923800,2174700,3295500,1585300,8382900,1957800,974400,891700,2403045,7164700,7147400,765900,8713500,4310500,1045300,1096800,1612000,27278637,5364900,889900,4364300,135346500,1621600,2801300,2697100,1974100,10233100,3172400,889500,1784300,9370200,1697000,15070800,14448000,2392900,12397700,1570800
2019-12-10,90420400,7816000,,3904900,1403000,2155300,1903400,6329100,33733600,1494700,1414800,50286000,928900,14563000,2518200,2920900,41960100,5970000,354100,2688900,5704800,13019600,1888900,1314500,3698300,3335200,3820600,32198219,1168700,4630200,1565900,4074700,21862400,10942900,4886800,3081500,1643100,45906216,7084100,1576800,3208900,2006000,790000,863400,4268900,3646900,340500,1574100,7968407,34217700,17322900,1633600,4971956,4272900,3566500,7594600,17606000,1854100,13220800,4663000,2151496,3640498,2317300,16157900,1109400,5310300,7532900,1189900,8993900,1135900,3592600,862100,2561600,11830000,2514300,2470100,2918400,4258100,9475700,439400,3193918,6073500,3993900,8663711,10009600,16476100,19263100,4345600,7025300,104761000,4234300,1041100,7303500,1681000,256388000,1254086,10719700,12617600,2940200,19171311,4740100,1071400,2635200,3496300,2215800,8082200,1748600,1061600,641500,4246761,7944800,8317700,1243200,9497000,7917500,1896000,971200,1646200,28833410,4117700,1301500,3080600,132424500,1095800,4043400,2515300,2438800,8625700,2858300,870600,1256600,8290900,1603800,15959100,12846900,1654500,14281800,2047000
2019-12-11,78756800,7326400,,2937500,1669700,2928600,2508700,8839700,31698300,1754100,1441000,41952000,1248100,20829000,2015300,7369100,43107800,6685000,469600,3546600,5844200,10484900,2265700,1916600,2839000,1971100,3229300,40131150,1189700,3959200,1749800,4867500,16440500,7192500,7039600,3455200,1245800,59998771,8253700,1751600,4994400,2096800,1087200,1149700,2237400,3158900,333000,2135000,7840685,33204200,33362100,1676000,7365872,5589800,5365200,7754200,20480000,1778600,13972800,8284800,2306720,4135152,3048800,20051100,1067700,6631500,9011900,934100,8879100,1159200,3438100,578900,3611200,15579000,2298100,2490300,2972800,5247300,8036800,382900,2223364,6415000,7712000,6821746,6296300,18856600,22081300,6212800,7981800,55898000,4319700,574500,8920000,1511800,233796000,1726846,12159600,7861100,3339100,15569372,4823300,892100,2297500,3719700,1652500,9571500,1589700,935700,720300,3603693,4921900,11033600,813900,15742800,5796500,3609200,1267000,2567800,24529351,4059800,1355600,3374000,103467000,728700,2959800,2751300,3354200,7138800,3049700,511200,958900,9657500,2528700,16834200,10519200,2212100,13748400,1803000
2019-12-12,137310400,6260500,,4155200,1932600,3104600,2052700,9280400,86878000,1851500,1836000,61918000,2177400,38935000,2933800,5970000,64942500,7560000,535800,5121900,7023100,15829000,3714100,2335700,5272500,2013100,3658400,38404104,1651200,5162700,2742700,5353900,27061600,4774400,6462000,3370800,2168500,83263658,7748300,2054900,5842000,2518500,895300,1110600,2496500,3754800,387300,2735100,9644498,48390900,39236800,2987300,20039606,5732200,4398700,11352800,29114000,2974300,16237100,9915100,2416534,5046009,6006600,27883300,1162200,5012400,13717400,1627000,11233300,1333000,2959400,736100,2533200,18276000,2746400,3024700,5298800,8056300,23734800,401000,3435390,6433200,4380500,6863876,11553400,24612100,36590800,6970400,7604500,47666000,4762800,737600,11112000,3511800,404348000,3975780,15413200,9477300,3502100,13414469,5897800,740800,2238800,6104400,1618800,12164600,1460500,949900,828900,4327483,10282100,16916600,1304100,13609000,6446500,3093100,1779500,1804200,31237662,3981100,1187200,2845600,116458500,1517600,5412700,2996200,4320600,11192100,2495400,559700,1094600,8571600,2239700,19119500,12447000,4493500,17068500,2041800
2019-12-13,133587600,5975200,,3872000,1648300,6606700,2613700,6172600,79927800,2041200,1988600,54914000,881100,70952000,3919000,4526300,48539600,9892500,455600,3160500,7539000,13447000,3311700,2966400,6957400,2090900,5179600,30917285,900400,6965000,5195600,5742300,21796900,3902500,4863400,3413400,1775600,72307733,9350100,2847200,5092800,2451600,653300,897100,3425600,2728900,553600,1844900,10092718,35334500,26652700,2897200,10560930,8198900,4405300,8276000,33170000,1908200,14103500,6869200,2175262,2651610,2861800,22795200,1088700,4257200,10592100,1152800,13072200,1527900,3343900,658000,3118900,22786000,3565400,2077900,5197600,6456200,18798000,449400,2509208,6103700,4836600,7571800,10191200,23845400,30039700,8345200,5542900,38797000,5247600,865800,9334500,2126900,454704000,4520779,21427700,9886500,3557900,16678496,5471600,861800,5503800,5574800,1621900,12269100,2485500,995900,938500,3762911,6714100,15217100,1213500,11981100,5158600,2403100,1468700,1038400,32957538,3525100,735200,2725400,98563500,1299600,3451500,3599300,2968100,8558100,2456400,666300,1484100,10585900,2664900,19179300,16098900,2773000,12274500,1130100
2019-12-16,128186000,6723300,,3843700,2702400,3436700,2066400,6430100,58824900,3047600,1827300,62904000,1089200,37921000,3416100,16488200,50777100,6602500,426900,4278800,8569200,13967200,2414800,2026600,4590100,1867500,3371200,25137240,1544500,5590000,2410000,5370000,21871300,5511800,5619300,3767000,1408700,103834430,9134400,1587100,4597500,1849000,1274800,2021000,2276100,6744500,473100,1891500,10223104,42337600,22353600,5052100,11137921,11647500,5553600,11233700,28128000,3218400,13360600,5850300,3403264,3189463,2883300,19131200,1757400,5353100,11372000,1306000,9538100,1797200,3468400,847500,3749100,15263000,4210700,3650100,4890000,6690600,14911500,419000,3488971,10791400,8166000,10355183,11007500,24144200,38629600,14284800,6745600,46589000,8211300,972900,10412500,2360900,320976000,3371234,19951000,9572400,4701000,24187824,8281900,709100,3308400,5594500,2097700,8719100,1553800,756600,963000,5162502,6705600,11036800,1358400,12149000,7574900,2422300,1172800,1605400,31833064,6259400,915700,3487900,272613000,724500,4973100,4663600,2978200,8249900,3878000,632400,1919300,11493000,2742800,19793500,16052100,2845300,15208700,1391100
2019-12-17,114158400,8750000,,5368500,2377400,2331900,3043400,7848000,44852000,2382500,2439900,72888000,1220800,20248000,4325200,13526400,50840500,7782500,425100,4867400,9109500,14409200,2850800,1990500,3246200,1701700,4647600,19998248,1245000,6211100,2474100,4789600,22510000,7901200,6755500,3863500,1247000,29560481,8776100,1300500,2969500,1374300,909900,1107500,10667300,5506500,411500,1693600,10168426,35503900,24572200,5926900,8376439,7881300,4612600,8869800,32948000,3590000,24723100,7574400,3225228,3040931,4126500,21653100,1873500,10722400,11546800,1333400,9230000,1433000,6718800,730000,3533900,21018000,3354500,3338200,3428400,7114600,10175700,558200,3196430,9646600,5519400,11690545,10446000,25425600,28344800,10374000,6555500,104271000,7050700,753700,9627500,1363600,321196000,2597854,19778400,13579300,5491800,29038016,8832200,2957000,2631800,5435500,2672000,7485900,1656200,1002900,908300,5759172,7296900,9239100,1136100,9658500,10599000,2263400,1667500,1878200,45994833,4755600,1375900,3603800,127452000,750900,4354200,4409100,2804800,10208700,2971900,1077800,1452500,13648700,2613800,16723400,13727400,2788800,14450700,1994800
2019-12-18,116028400,6490100,,5831100,3002800,2332600,3237300,6525100,39083300,2956700,2143300,67028000,1056100,35155000,3154200,7029300,48757900,9495000,542900,5962300,4932600,12643000,2629500,2958100,6584400,2439600,5846100,28867578,1191100,5598400,3309800,4144800,21921200,7132700,7496700,4609800,2209000,36767837,9467800,1655000,4003000,1573400,1717800,1105100,2664200,7742700,491700,2008400,9037292,45905300,20294900,21540900,15133639,10105600,9596200,12651000,23330000,2280800,14949200,6677400,3835197,3244483,3521200,28261000,1639200,7849200,10381500,1516300,15132100,1427300,8173000,1526000,3309500,14116000,2902700,4287700,5655000,6938900,23274400,589500,2715398,8097800,4787000,11578199,9513000,24129200,39099100,8585600,9230400,112074000,7332000,1145400,6362500,1341700,343548000,1899499,14123100,9412200,5370500,27339390,8607600,994900,3114200,6240900,3074800,5860600,1479400,831300,1039300,6036929,5859200,19820300,1004100,9204400,6382800,2007700,1603900,2402200,37645954,6273600,2424400,4106300,211815000,1449500,5776200,3621600,4957500,8968500,4334300,1369400,1759400,17292600,2412000,18857000,15309000,3404000,13652300,2754200
2019-12-19,98369200,5447000,,4643700,3759800,2561400,2227500,6002700,45883000,2070800,2958000,53056000,912800,31787000,2543600,5492600,45409500,6937500,428300,4432600,6883100,13006200,3576800,2640400,4477400,1683500,4266400,22111654,1229300,5197100,2333600,4185400,30764700,6583900,6220300,3947500,1249000,39905820,10243900,2011200,4867400,1541800,1790300,1941200,2226900,6791700,388900,3015800,12812457,42236000,15473300,5826300,9090163,9495300,5892200,10774000,28922000,2418100,13319500,5405000,2844117,4044359,2233400,18865100,1726500,9414700,9350400,1187800,13385900,1205200,4423400,766300,4501900,13324000,2536900,3345700,2718600,6582700,16514600,532700,3298090,9876200,5252100,7602716,9222000,24958900,55792900,6882800,5743300,98223000,12214500,1418600,7168000,1410900,445360000,1748002,11910100,7469200,3641700,22022276,6629100,781400,3127800,5085200,1850500,7471400,1952300,903700,893300,4755241,6022100,9618000,1141200,7048600,8192100,1765100,1570200,2118300,33199697,4318900,1546600,2991900,271606500,1245000,3961500,2905900,3201000,5854200,2782300,1250200,1864200,11901600,2900200,18133300,13392300,2544800,13273200,2055700
2019-12-20,275978000,19134800,,11606500,4148800,4233000,4417100,15663100,68104700,5091600,3333100,103016000,1738200,50540000,5828700,9489400,109395500,14580000,967600,11572200,14231800,32019400,6805400,3225900,15867400,4943200,6008000,44189272,3423900,11008000,4866500,8586700,52575300,8571700,12171100,7757300,2593600,22148844,12629900,2730600,6715300,3320200,2500800,2823500,5460200,9119000,931900,5245700,16771705,50191200,26321400,5260300,14775102,23440000,7900100,13976100,50090000,3715500,16971100,7778200,4617366,7438943,4585600,49953000,3352200,14532800,29992600,2695100,23832800,3034100,9229900,1599600,5996100,33509000,5099400,6415500,7550000,12464400,27306900,954100,8985548,21655800,8907200,17849641,18742900,53477500,44285000,16198000,12074100,99149000,17641600,1534600,11508500,5240400,603044000,4805921,27423700,17274200,10311300,58199772,16250500,1296700,5370200,9379200,4666900,17538000,4295700,1192800,1256100,7252673,14271500,15327300,2224500,13465800,11392300,2836500,1695100,2819800,64039497,8193200,2275300,5944300,221290500,2133100,9321400,6608300,6945000,11259500,4801600,2218600,2824100,42977900,5539100,66318000,23863200,7834500,35092000,5320300
2019-12-23,98572000,5907200,,4067800,2220900,2210600,1514800,5840900,55886500,1686200,1096400,42728000,831000,20254000,3031400,9534800,33995400,5490000,361200,3504100,5062100,9256500,2346500,1035200,5965400,1901000,2776000,24124123,1368900,7019800,1309800,4368600,20253500,3882500,5875000,3486000,1005700,18189902,9314000,1099500,5060700,1622600,948700,1308200,1458300,3159100,181700,2332400,9336899,54784400,15808600,4367700,8834673,7038200,3088500,8754500,19936000,1670400,11847800,3943700,2734940,2932147,2696000,23593000,1233600,6558700,9738400,969100,9300800,967400,2473400,1050400,3190300,11609000,3590500,2388900,3321800,7173500,13348900,625200,5832055,8046000,6449400,7895946,6547600,17718200,23693800,9474800,8136500,57653000,6350500,652300,9708000,1205200,355060000,1227874,10591500,10019000,2992900,17454345,6619500,548800,1637100,3992400,1937500,7274700,1743700,431200,1001600,4361328,4349700,6931800,697200,9911300,3678000,1429600,1054400,1656700,38581095,3907700,1319000,1709400,199794000,818200,3095000,2098900,2047500,5831700,1910300,790300,1132800,9477500,1956300,17637700,13457400,4148100,14172500,1632300
2019-12-24,48478800,1798800,,1067700,998500,1066400,440100,1624100,44432200,612800,491900,17626000,162700,7024000,953500,4120100,13805400,2432500,126400,961100,1036800,4576200,966200,561300,2142300,531000,816700,6940515,750000,3188400,543600,1238000,7044700,1315400,1640100,1027700,332300,1747046,3508500,486700,804500,606100,249500,333100,489700,1236200,82600,664200,2749042,11881600,9206400,1797200,4167022,1965800,811200,2924200,13468000,467700,5828500,2260700,663656,1257397,731200,6313200,838800,4238900,3324300,257700,3359300,399900,1215800,516300,1126000,3866000,641100,1152500,917400,1833800,6046300,314000,1506362,3684500,1570700,2343223,2087800,8989200,8621900,2739600,5370200,20193000,3328100,229400,1528500,725700,138864000,641594,3331700,4696300,1220600,5187683,2022100,231800,980400,1233800,1190800,2435200,573600,221500,253900,1596786,1847800,1819000,294300,3860400,1962500,518600,363000,436300,11515093,1166500,489200,470100,120820500,857500,1403400,714000,872000,2420900,559800,305600,300500,6640100,425600,4635500,6682200,956900,3979400,442500
2019-12-26,93121200,4066700,,2033100,1059800,1055100,1154600,2960600,57562800,1098300,1035300,120108000,344800,15848000,1486600,4593400,26992100,4565000,157000,1725700,2009000,11992800,1576900,692500,3217100,743100,2493600,12824913,970700,4835200,1101800,2155500,11091700,2801100,3648600,1481200,518100,1937002,4422000,745100,2314000,1676500,454300,484600,877400,2588800,153100,1264600,4811664,28961300,10464100,2651300,6092672,3527400,2843600,5439700,23662000,1704000,10144900,2649200,1347152,2227666,1212700,11480300,994500,3019300,6770900,527900,6228500,481000,1272000,711600,1714200,6220000,1369200,1809600,1861000,3565400,9350700,254100,1716499,7351000,3655300,3062675,5517400,14520600,13537400,5813200,4441100,35899000,3709900,432700,4730000,1274700,182852000,1081020,6702000,6050000,2934700,9384078,4760400,547800,826800,2549100,1147700,5070000,820300,451900,297600,2231274,4177700,3408600,453300,7629700,2361000,1043700,450300,829800,26239032,2584700,680700,1240900,159508500,839600,2339900,1050600,1274600,5237000,1205800,315800,697000,8117800,758700,12517100,12671400,1324900,8840200,929400
2019-12-27,146266000,4087800,,2508100,1292200,1229800,1014400,3314500,36581300,1085000,749400,123732000,416100,14487000,1788600,4124000,28111300,7000000,221700,2769400,2123400,10867900,1544500,863700,2093400,1053600,2943700,13094331,1001100,5414300,1439100,3409900,11056800,3543500,4138300,1989300,719500,2924678,5495300,580300,2596200,1163400,646100,604900,992700,1868300,231800,1004300,4897887,28272800,12060900,2693000,6013441,4463900,2017400,5753500,23212000,1343900,8452600,3082800,1383438,2878801,1226400,14085800,1287300,3432700,7868200,553900,6895500,825500,2161300,728800,2419700,6082000,2042600,2263900,1285600,4229300,10284200,233000,1761588,7700500,3682800,3758966,4116900,18412800,17176700,4319200,4971700,50361000,5307500,356900,4988000,1370200,254644000,1120649,7262000,7050800,2554000,10117662,5192000,305500,1250400,2326500,1427500,5808900,624300,293000,451100,2928050,4129300,3733600,525300,6769100,2432000,1087200,688800,1057100,20430247,2943800,628800,1310000,149185500,543800,1800600,1547100,1419500,5448600,1752400,500900,904600,8166800,1050200,9892000,10632000,1931200,10516100,1296100
2019-12-30,144114400,7014800,,2706100,1193900,1896700,1544700,3566400,41149700,1454400,1259800,73494000,470800,13104000,2306500,4525500,30705100,5617500,276200,2769700,3868200,10084900,1789200,1125000,2568500,954800,1810700,13760992,1012400,3665200,1238900,3197100,12128600,3450800,4580200,1845300,953000,2281493,6602800,694400,2237700,1758400,523000,831700,1254000,2251800,247100,1451900,5076642,36074900,8524300,2612600,9659851,5864300,2578300,5353900,19994000,1494500,9078400,3952400,1771976,4308369,2059600,12750500,1133100,2923300,6963000,756400,6431700,807500,1856200,776900,2327900,8506000,2717600,2242400,2266600,3104000,10524300,297800,2051260,6691000,3363100,3932934,4532800,16348400,15271500,4450000,5947800,43115000,3495200,575500,7031000,1262500,258056000,1548929,5936100,10487100,3024700,11554264,3884300,360100,1374000,2568800,1712000,6543100,803800,369200,337000,2674605,4655600,5121400,696000,8155800,2772700,1070800,539000,705000,23389652,3493700,606600,2342000,188796000,587800,2283700,1511700,2430700,4833600,2186800,536000,774300,6765400,2517700,10900500,8837400,1717700,12689400,942000
2019-12-31,100805600,4702100,,3261100,1371000,1592300,1366900,3878200,31673200,1748300,1199100,50130000,527100,12487000,2340400,4958800,29630100,5672500,296900,3145200,3725800,8031200,1952500,1591300,3131000,1483600,1960200,14811774,1016700,3639800,1550700,3273500,14892600,4531900,4215700,2856600,748200,2475170,5662900,1129600,2540700,1436200,775100,916000,1655600,2238900,292700,1461800,5174922,32342100,11716400,2153400,11367670,6984700,3945800,5160200,19514000,1447200,10702100,3789900,1834363,3951265,2358100,14432900,1344300,4435000,7201600,869400,7982600,1040000,1549800,775400,2651300,9154000,2478600,2278700,3093800,5039500,8953500,230500,1881906,5978800,3356900,4710760,5131600,18369400,13296400,6910000,6608700,37133000,3213600,907800,4852000,1445400,231004000,1433551,7094500,10372400,3229400,15175703,4798900,405400,2254400,3718900,1695900,5173400,814800,494600,436300,3227100,4115600,8841400,867300,10649000,3767500,1473900,638900,879100,26766646,3631000,875800,1714900,154285500,613700,2813300,2224200,2875100,5273000,1582000,600200,1036400,8466700,2777200,12566000,14736000,2136900,13151800,1128600
2020-01-02,135480400,5639200,,4969000,2431100,1990100,1779700,6647900,80331100,2088000,1426000,80580000,1320500,20329000,2708000,4544400,37614200,8225000,560400,3764000,6092400,12728900,3311900,1795500,4201000,1372600,3441800,21521924,1464900,4122800,2103600,5189300,16708100,5022700,5205000,3004200,1591100,2915993,9502100,1071900,3921800,1901000,1590500,1200500,2532300,2496400,448500,2380800,7026544,43425700,22771700,3027600,17540015,5038200,4422100,7454400,27278000,3736300,9125500,3935700,3031701,3293436,3045300,18056000,1623000,5777000,10803700,1056900,11867700,2604100,2204200,1258400,2788800,15064000,3272400,3554200,9717800,7272900,12077100,553500,4307633,8717200,4497400,8251428,7808000,22622100,20173200,7884800,6287500,44858000,5644100,941900,9155500,2466800,237536000,2061523,13899600,13066400,3784100,16514072,8130800,845200,2246200,5107200,1607900,8413900,1014400,512400,638200,4451584,6473800,5644800,1945800,9147400,4675900,1849300,1092300,1092600,43165445,5190200,1173300,3392700,142981500,1114200,4614000,2543400,4158100,8733000,2130500,843400,1334300,11447900,2049100,16803100,20294700,2915400,12456400,1576700
2020-01-03,146322800,5988500,,4747000,1802100,1577600,1939400,5415200,73127400,1879000,1598900,75288000,1710400,22870000,2090600,3875900,50357900,7350000,337300,3023900,4704100,12437400,3100600,1254500,4892300,1387300,3473800,21869659,1184900,6333200,1926000,3205400,15577400,4453000,6360900,2840700,1301100,2627112,7320200,869400,2825400,1840300,1251100,986800,2672600,3716200,385200,1557900,7550611,45040800,20401300,2216500,17231837,4689700,4718900,9173000,23408000,2274500,11562600,3423200,2976317,2482890,2544500,15293900,1256100,5752400,10386800,833400,11354500,2899300,1963500,2990100,2774200,9622000,2501300,2767600,20029800,6791700,11188400,442400,2950412,7850700,9671100,5903698,6706000,21116200,16815800,7097200,9148900,38069000,4541800,2600300,5679000,2837400,205384000,1826227,11026700,15097400,4000100,14922848,7970500,895400,2188000,3806700,2236900,8340300,1229400,500800,542600,4969756,4874100,6698900,1635600,9752000,3531800,1308200,576800,801600,36296666,3229200,819600,1831900,266677500,729100,4057200,2711400,2477800,4899700,5057000,906800,943400,13263200,1687000,15608800,16197600,2422500,17386900,1274000
2020-01-06,118387200,6786600,,5631700,2841400,1874700,1253200,8586000,47934900,1802800,1526800,81236000,1737400,20789000,2855200,5355000,42185000,9600000,411300,4263000,5768900,10059500,2549600,1631100,6696400,1243000,4607500,18809289,1329800,8823800,2655100,8836200,22183600,4620700,9953000,2164400,1234200,3101323,8262500,1151000,2410300,2934200,1294800,1308700,3787200,8485500,284200,3665200,7783203,43372300,19145300,2389700,22461009,8248700,3884700,8408200,46768000,3329300,14422600,5682800,3477852,2537073,2649700,17755200,1574400,7731300,10259000,1266800,14698300,2395300,2102900,2477800,3635400,13405000,3307200,4660400,4031600,5906400,17058900,571500,2389608,6532500,7878000,7522963,7476700,20813700,18768700,5518800,10416400,56631000,4612400,2130000,7370000,2239000,262636000,1324056,10982400,16659700,4085100,15771951,6674400,734100,1794500,7041400,3917100,8381400,1518000,690800,1006900,4139504,5409800,6804300,1926600,15534100,3507600,1026700,875100,1294500,51229797,5223000,1010000,2675300,151995000,1678700,4345400,3079100,3381600,10109500,3393200,798000,1436600,15094500,2201200,13200300,19336500,2217100,20081900,2334100
2020-01-07,108872000,7242500,,3408100,3097400,2500800,2608100,7970400,58061400,1518900,1463800,80898000,1518900,18565000,2042300,9898600,34149000,8632500,453900,3517000,4298400,10469100,2841900,1667200,5725400,1354600,4500000,26209468,968000,5974800,1963400,8272700,16501900,6172300,7856900,2555100,1234200,2241562,6906500,1006400,3980900,1692400,1556700,1313200,2497000,4320000,252600,2631000,9501775,44984100,20849500,2140100,14160793,8082600,4274300,17556800,34330000,5255200,12406300,5685400,3185971,3232977,2343900,21876100,3515100,7382900,10531300,1139300,9973900,2589200,2448300,1059900,4191100,15595000,3182000,4047400,13402800,6716300,14912400,533700,2598908,6423600,6578000,11132275,4538100,21634100,49908200,6653200,9378300,47032000,6719900,863600,7192000,2559000,314856000,1610436,12015400,12084800,5718100,20108107,7583400,699500,2054500,4311600,2687900,8377400,1211400,736400,708700,4348775,6514700,9985100,1803600,10971700,3191700,1621600,1253700,1077500,37337462,4586700,917700,3262400,268231500,1179300,7184100,2492900,1952300,4392300,3795500,976500,1027700,14293100,1239500,13278600,20540700,1861100,17387700,1224500
2020-01-08,132079200,7696800,,5693900,2271300,2248500,2245400,4364400,53767000,2214700,1433900,70160000,965700,31979000,3458200,8239200,45311600,8145000,726500,3780300,5071800,11292400,2153200,2644600,5021400,1483600,4676100,19309926,1512300,6470100,2492800,7225100,25175900,8311200,7295900,2591100,1713900,3144977,6984200,2553900,2583300,2651600,1185900,2067800,2554300,5337300,261000,2480500,8607579,45994900,17484700,3053200,11115771,6607300,4143400,13229400,35314000,3564700,14021100,4916200,2700776,4545916,3013700,23133500,2679300,6605800,9695300,883500,10676000,1327300,5188600,1708100,4030100,15537000,3224400,5284200,4806200,5435400,13475000,506500,3298927,5987200,5585200,15200506,6185200,27746500,29730800,5936000,9455300,71045000,4942200,1312400,8704000,2130200,277108000,1912812,11856700,12250900,3681400,16403507,5385100,711500,2013700,5337600,3452600,7619900,1429600,743100,671100,3772445,7296300,10887000,1886400,11327600,3413600,1397600,1004500,1019100,53645832,3658100,939100,3037400,467164500,1665900,3546900,3379200,2016000,5712000,4101800,674100,1802600,15926500,2016800,16585600,17627400,4828900,15137700,1766700
2020-01-09,170108400,7518000,,6432500,2910600,1626300,2141900,5713500,76512800,1629000,1376700,63346000,1320900,42397000,2787100,8175600,39861600,6845000,477100,3497300,7225800,12895900,2272500,1534400,2588900,2018200,3996100,15146492,1667200,6005100,3261200,5952900,18203600,5426200,7345300,2206500,1459100,2374327,6664200,980000,2377200,1818600,1115600,1439900,2309100,6908200,229600,2736900,7459902,51817400,16540900,2240200,7900488,5942300,3842000,9610400,33200000,3980700,13480200,4843600,1898660,3902208,2268300,18813300,2988900,6112700,9469000,916900,15398000,1086100,4522800,1064300,2932400,13748000,3292600,5971600,4421200,5653900,12642800,481600,3284575,6449500,6179700,9714750,7308000,21385000,22376100,6958000,6096000,47093000,5007500,741500,7017500,2672800,255112000,2061936,10671000,14635000,3954700,21971895,5944000,587500,1688300,6180100,3127700,9155500,1227300,587500,676100,4672455,9443500,9749600,2245200,12186000,3114700,2236400,1316100,744400,52228887,5584400,901900,2981900,426606000,804300,3526600,2838200,2151500,6748000,3033300,649900,1435400,20134600,1211900,20817400,16691100,4494800,14811800,2075400
2020-01-10,140644800,8581400,,4680400,1573100,1480400,1452800,4456100,44133700,1777600,1578900,57074000,949000,40705000,2789200,7161700,39730400,4962500,484000,2572900,5491700,10062100,2393700,2760400,4362500,1034800,3724000,16961245,1838200,7233100,2024200,5111800,13502600,5198600,6393800,2420200,2560900,2250924,5152500,2048800,3225000,1756000,828600,1049900,2628900,2950600,307900,2213000,8045377,39796300,12266100,2449600,11767739,5153900,2274400,9644900,26258000,2248100,8385000,4226600,1773674,3405148,1510500,15200600,3847800,5042600,10190900,883800,13040100,1217600,4177600,987800,2391100,14052000,2948000,2336400,6307800,4639000,12119400,335600,2516145,6049700,4941400,5945304,7686800,20725900,19122800,5125600,6672600,47183000,5135300,1178200,6292500,1646000,316296000,2507141,9734800,10540000,3099500,21557357,3927100,802100,2204300,4411000,1910700,9668300,835400,568100,777200,4605240,7097900,7452900,1002000,8089700,4427800,1912800,834500,1232700,39350339,3853400,801400,2224800,194392500,864800,3234000,2477900,2545000,6586400,3551800,659900,1017300,11786700,1897400,13777600,18164400,5295900,11995600,1249000
2020-01-13,121532000,9292200,,5571500,2202800,2069200,2383800,4111100,34266800,2004400,1840600,55616000,1376800,22054000,3285700,5648500,37956100,6372500,651800,3286700,4877600,16566300,3355200,1743200,4041700,2376600,4641300,23249183,1245700,3675300,1778600,6202600,18237400,6654600,6846700,1726600,1300900,2564282,9921300,2072100,2979000,1857400,645400,1756500,1964500,3399700,396300,1638300,9328768,48553700,28779700,1985300,13274420,6868900,3670300,7465700,30730000,3359200,11442700,6060900,2399876,3693426,2627700,16453300,1845600,4593200,12355200,662000,14302900,1225700,5117100,986800,3817200,13994000,3236400,2784200,4810800,7528600,14463400,647900,2500597,7776400,4044300,10261492,8334200,21626500,16163000,5879600,4808200,62900000,6722400,667400,8219000,1951100,319840000,1664410,10858900,8456100,5127200,15392405,8409200,749100,2833800,5402900,2243100,10367800,1244700,637200,547400,4910010,7382500,8906000,1306500,11665600,5262100,2061300,961700,1398600,43780576,3486500,1379100,2283400,397764000,1061100,4313200,6994900,1826200,11290500,2703100,687800,1031500,14158400,1563800,25197600,18337800,2737500,9953900,1797600
2020-01-14,161954400,8876900,,8751400,2499100,2274400,2717500,7998000,38563200,2239100,1217100,68818000,944200,28911000,3836000,6945300,66719300,8292500,923600,3355400,27589000,24971800,2742200,1667100,4406100,1499100,4711900,17831597,1260600,6119400,1459900,4342300,17948700,6484200,7189100,2872000,1039800,3430361,14839100,2408200,3009800,1723400,1212600,1067700,2280200,4281700,385400,2349900,8804139,42935600,26529300,5076600,9034667,9929700,3351700,6827100,26076000,4302800,13325200,3915100,2324863,3850326,3366100,17051200,1335900,7037500,24906000,1279600,16345300,2107300,4685200,967200,3823400,17319000,4951400,2622700,6707000,5984200,13288900,1076900,3481795,8455900,5411900,8625669,9602000,23477400,26454300,8252800,6072600,71994000,5088500,740600,7491500,1845200,359088000,1566576,12627200,12183900,4159700,20919160,7829700,719100,3124500,5129300,2753400,7800100,1112300,638900,805000,4987712,5855200,8874500,1810200,13958700,5153300,1584800,1249100,1680500,35129295,5316800,1069800,2050100,434943000,1768800,4626200,6056300,2598600,6236500,3270900,1412700,1042000,12697100,2365700,56668300,19757400,2444000,16261000,1848800
2020-01-15,121923600,8490100,,5389700,1986000,2213300,4114400,6314100,40199900,1920700,1152100,57932000,779500,22733000,3187200,4578300,74745500,7725000,1005100,2662500,12805500,16063600,2640500,1431600,3656000,1799700,3606200,16446205,1185000,3933300,1604000,3886600,16289400,8102800,5808800,2749400,1139200,3000706,6818200,1443700,2357300,1479100,657000,1401000,2368000,2562500,394300,2653200,8239975,55923900,20449800,2971800,9239517,7080600,3213100,7173900,21550000,5411200,9940800,3444300,2759449,4232011,3015800,18498800,1295700,4960300,16293400,922800,17735400,1078200,3676500,833000,3673700,10829000,4664200,3369400,12352000,5681700,10036500,703100,2968711,6748300,7231300,9614038,11342500,21417900,21638600,6397200,5997900,51580000,4209200,650500,7431500,1196100,263104000,2023236,9090800,7085700,5002600,23925800,4843700,983800,3309500,4155400,2386300,7259100,872900,680700,711600,4937023,6145300,7654900,1460400,13737700,3772400,1357000,1066200,1323600,34526213,5020500,1350600,1612300,260532000,592600,3392300,6081300,3168400,10831100,4001900,1203100,1741500,10291300,1726500,47148000,22362600,1949200,11390300,1859600
2020-01-16,108829200,7073200,,5023300,2691600,2439600,2175900,5733800,58898900,2085700,1782900,53190000,756600,21508000,2424500,4024100,50368500,13670000,778100,3036400,11654300,10426000,3070900,1505500,4772700,1387500,2720300,26060835,1008400,4315200,1758600,3485300,20094900,6902300,7022000,2657700,1410400,2737656,6948400,2232100,3244200,2108300,1393700,704200,2438800,5128600,522100,1677000,8080988,44310400,16998900,2343700,7358067,10633900,4395300,7280800,26080000,3968400,10188100,5390800,2350539,4519661,2686500,21365500,1496700,6476000,10783800,1197200,10234100,1302600,3794800,1085200,3781000,16068000,3323300,2726700,4878600,5481700,10015300,728900,2571280,7159100,7222300,7252474,34590700,23865400,22732700,7914400,5895500,50160000,6571700,839100,11347000,1782500,284192000,1510126,9866000,9757600,4977900,16216422,6233700,515800,2627500,2602300,2568200,9295500,800600,620500,562900,5671300,5180300,13752200,1494900,11771100,3145900,1103900,789500,2617100,36172077,4114600,842000,3109300,326050500,1041300,5475900,3710300,2426800,9983700,2829500,888700,2124000,10689600,1851700,37020200,16108200,1919400,13340300,1822800
2020-01-17,137816400,10122300,,5879700,2584500,2536100,4554800,6327800,57722500,2582800,2352900,79946000,1857000,26896000,3659400,11061700,54156100,11770000,669100,6603800,15909800,12413100,3331500,2070000,6560200,1680000,4019700,29520796,1263000,4765500,2506500,4577000,27176200,5500400,7885900,3610800,1653400,2942726,10355300,1355000,3053500,3053300,1157300,1312600,5008300,4542600,794200,2978600,10607953,41644900,20145200,1846100,9345794,13457600,3231500,9871700,52424000,3108400,14378500,7979200,2767088,5881972,2468700,21803400,1777800,9083600,14697700,1604700,14264300,1903700,5393200,1195600,5913800,19299000,4821000,3540400,4696000,9336300,15905900,541700,4413360,11468200,6122600,10131226,15403900,34371700,20549200,9354000,9702500,60665000,6271200,1237700,10570500,2341300,253792000,1820448,11166600,14379300,6908700,23083970,11315200,859200,4292500,5908400,2782000,23694400,906000,862800,594600,7365492,6962800,10257100,2143500,17644600,6072600,1436900,2246600,3742000,44477926,5382300,1100300,3559600,204436500,1948900,5487100,4632200,3403400,12518900,2891700,826800,1599300,15615700,2177900,29669200,30135000,2384300,18144100,1993200
2020-01-21,110843200,13552000,,7458100,2687200,2121200,4731400,5777400,49095000,3094200,1827100,74156000,1699900,21967000,3102700,19318000,50811000,17792500,775800,5840700,8590000,10522000,2476700,1650500,12100700,2192200,6470400,20424087,1183900,6974000,3585900,6302400,21771800,8662800,8470300,4520000,1655100,2586617,9250200,1286400,3429000,2165000,1273100,992400,3146300,4522700,680900,3505200,7146555,49556400,28941600,2460400,8775485,12261100,5254100,11550500,48930000,2492400,21047800,4873500,2322105,7577329,2263600,28358500,1504200,9543900,8474200,1571400,11968900,1384500,4849500,1071400,3477800,15000000,5998600,4100500,4112200,9152600,14275800,590800,4027769,10192400,6499800,10022129,20833900,29517200,24821700,11486400,7471400,143503000,4854700,1420900,12793000,2282500,217916000,1898261,8773000,10814200,4440000,23115696,8553100,1016700,3335500,6373200,2102000,10868500,3369900,1488400,719200,7797382,7094600,8849900,1596000,16710200,4546600,1628800,1423500,1605100,57931090,5090600,1340700,3612000,267052500,1398100,8631500,4962800,2960700,14861700,3221500,1173700,1399800,12857600,1707700,30858300,22061100,4549300,17982600,4693300
2020-01-22,101832400,6438900,,9841200,1873600,1600300,2985100,5598700,40772200,1998200,1294000,64326000,927800,29264000,2483800,18792600,38879700,8932500,778100,3164300,6515200,8045600,3602400,1920100,5109200,1468700,2890800,19474457,952500,6755800,2218900,4781800,15186000,4201400,5589900,2279400,1285700,2123347,7550000,1648000,3638500,2423100,1408200,998000,3024300,4030400,444100,5604100,12269182,39914800,20845900,1911100,12428998,7906100,2976800,7358400,28458000,2030900,12042500,4030800,1996484,17228038,1930400,29475100,2031000,10305300,7549100,1084600,12869600,966900,2742100,918700,4843500,15040000,3518500,2757400,2711000,4505300,12212800,400900,2894559,7300100,4152000,7800474,10276800,24138800,22604400,7065600,4257500,217300000,5031400,864300,8848500,1612300,239240000,1269154,6380500,12953200,5366100,18097812,7396700,1005500,3434700,4595700,2505400,8342300,1836700,1320300,682900,5546881,6157400,6699600,1093800,12796800,3369800,1582600,956300,1528000,47842475,2943100,922500,1672500,470535000,1023100,8899700,3117600,2425300,8065000,2129400,665500,1134000,8847100,2116100,20367700,14778300,2659200,17033100,1888900
2020-01-23,104472000,12266800,,7418400,2368400,2084400,2402200,6540700,40135400,2088700,1485400,49692000,1072300,30266000,3841000,9702100,45717100,9212500,804500,4750000,6366700,11618200,3182700,1246800,6305100,1511600,2581600,40282451,1101600,6199900,1535900,4369000,16767700,8602500,8007800,2270900,1245100,2428922,11082000,1258900,3824900,1564900,1253300,1089300,1819600,3369400,352200,3081300,8518552,75848700,57230700,2059100,14679157,14648700,2905500,8595200,26650000,2806800,12567900,4617900,2582474,5918059,2333000,42778700,2941500,8671900,9345700,1056900,12858900,1400700,3138700,978400,3365200,15566000,4188300,3378200,3666400,6536600,11195000,385700,2820646,5699000,5107000,13198093,10064500,19680800,26146100,10212400,5526700,182003000,7102900,1099400,7959000,1652400,244516000,1147584,6583200,10789800,3915700,27148510,11096500,1221900,3200900,4592100,3520300,11282000,2123100,737600,766200,6369348,6100600,8126200,1297200,11844000,3481200,1561300,813400,1415400,38406592,3529600,1213800,1754900,294765000,980800,8598700,3169600,2493700,8520800,2952300,545400,978000,11109000,2335100,17297900,12915300,2486900,19605900,2148500
2020-01-24,146537600,13215400,,4218700,2348900,1640200,3189000,8007500,80004900,5019900,1284800,75324000,1763500,55782000,8612500,17798200,47797200,14510000,751200,4022500,4022300,15036100,2526200,868100,6470400,1882200,2938300,41857663,1245500,5689500,1986100,4653600,14066700,10126000,6920000,2640800,1103300,2222950,13076300,1916300,2218600,2304000,891100,1088700,2037700,3128800,329000,2626000,6731282,68100900,29554000,1973600,11912960,18685100,2554400,9386600,29786000,2877400,11684500,4467500,2903957,5836889,1880200,84711000,6266400,9051900,15166400,961000,8594300,1541600,3183300,1086700,3670600,16322000,3634700,3106300,5709800,5916400,11905800,305800,3161148,10049500,4607600,14954960,9752000,24918100,28555300,10310400,5677500,179397000,3839300,738000,8948000,2009700,373512000,1033961,6426000,8797600,2791500,34143698,9508600,659700,3201800,3888700,2120500,9471700,2689600,1103100,631200,5879141,7815500,11268100,1400400,10408600,5048900,1893300,835800,1558900,45632057,3909500,945800,1596500,215304000,1267800,5606800,3678500,2015400,7812900,2580300,565300,904300,10182800,1479000,21239600,13150200,1851000,18238600,2047000
2020-01-27,161940000,13832000,,4482200,1381300,2652000,2294900,9350600,48878600,2843600,1197200,70570000,1368900,38843000,6432400,7468100,57096200,17722500,516500,5454000,5672400,15859600,2920500,1363900,8099200,1498300,3688100,25660070,1719900,7321100,2265100,4239400,20666000,6403300,7609800,2226000,1586800,2648093,12831800,1527000,2481100,2175500,1156700,2399600,3566000,2968300,233200,2194200,7642442,60769300,44484900,3368400,9602991,10421600,2547000,10359100,34132000,2506200,18996600,3595600,2643482,4358264,2343600,30764000,4478700,7587100,12860500,1581300,14359900,1947800,2826400,1737900,3497400,19109000,4367500,3389300,5319800,5602900,13810700,545100,5216234,7419900,7797200,10847534,10649100,32078100,27310100,8678800,7131800,77095000,9841400,665200,8623500,3016400,470536000,1850170,8259100,9303900,3895300,31964026,9338400,815300,2770800,3795400,2472800,9240200,4937300,775000,835600,6889427,11066500,9537800,1233300,17360600,4412300,2061600,919400,1553600,46633398,3795700,1236100,1934600,204121500,1368600,5890900,4399400,2903800,7198900,3369600,1071800,802000,11482300,1601000,18156200,21055200,1656100,21231000,1656400
2020-01-28,162234000,8614400,,4983700,1810200,2270800,1572400,6228100,62343800,2103900,1051800,56160000,1338500,23166000,3712700,5502200,38834600,12812500,496600,3609300,7223100,10960200,2763800,1539100,7155700,1603400,2770600,16939372,1406700,4824700,1571700,3445300,14035100,5039100,5771900,2718800,1750700,2375004,10390000,1678100,3696500,2961900,894900,1985900,4289700,2794300,318100,3394200,7176137,85163400,47002000,2190000,12625782,10241100,2553700,8871000,29724000,3123000,8773600,3621900,2311282,3610374,2034000,30915400,2550000,7336600,13062800,938100,15240200,1229400,2649100,2063200,3228600,18150000,3486200,3855200,3960600,7426100,13413800,434500,10669157,9545300,5148700,9496347,9232900,24899900,18544900,8262800,6324400,68216000,5673200,674500,7718500,4406700,310976000,3353587,8620300,7206400,2908300,70202408,6200200,1020500,2245200,5263700,2926900,9187000,2576700,729500,1165300,9083677,11922400,7282900,1189500,10938000,4714600,1422400,882400,1702900,40842487,3928500,1667000,2395000,176827500,1502300,4397500,4341000,2039600,7215700,2424100,838000,861800,15367500,1341900,16673300,15810600,2040200,19664700,2176500
2020-01-29,216229200,5703200,,3914300,1491600,1521300,1643600,6515300,112349900,2001100,1434400,41760000,709000,23668000,2518400,12454700,37414700,11130000,434700,2310400,6629600,9478900,2620000,1519400,3407500,1849500,3233400,23381384,921100,4102500,1713700,2785500,14273600,6285200,4772800,2973100,1959200,2141170,9382700,1895900,2335700,2463900,587700,4450400,3087500,2701000,243200,2108100,9148190,59057400,22382000,2521600,44278356,7071000,2680000,6977700,21566000,3711600,10328600,2564000,2333139,3194275,1762400,18055800,1694400,6288600,9326000,1028900,13163600,982700,2815500,1268500,2566900,18080000,4389400,5734800,3447400,5570500,33181300,504900,6391304,6318000,9915000,8511227,9027800,34754500,19278300,6008400,4064400,76435000,4503700,639600,12689000,2860800,258848000,2594035,6332500,6653900,3263200,34165726,5271000,1389900,2730100,4418500,2395600,8158500,2121300,558600,1163000,6079832,17678700,5918700,1906500,9003800,3252100,1667500,760100,2871100,76732420,3449200,1434400,2602400,267022500,934700,4535000,3963800,2845400,7041700,3478200,669000,893500,13408900,1548100,16166300,11326500,2345600,14202800,1366500
2020-01-30,126743200,10870000,,5248100,1579600,1834900,1952900,9656100,70460200,2581600,1271400,126548000,1074100,21128000,2428500,6022000,50542800,14722500,511000,3350900,8792500,12498200,3862600,968300,14856100,3180000,3539300,26787142,1559200,6931500,1232600,3715700,14822600,8430500,8382700,3380500,2496400,4325316,11847300,1594700,3273100,3838500,654100,2738500,2659400,4535800,348400,2680500,7347181,42827800,33247600,3380200,19154638,8771800,2802500,11533000,27110000,3261700,10652100,4685700,3263742,5290563,1463800,18522400,2236500,6470600,9048900,1448000,20225600,1381300,5243400,1210200,3471800,39431000,3512100,3560700,4912200,18286100,48775500,737800,5211092,17717800,5282600,11016471,8685900,51597500,30783800,6328800,6521700,53281000,7065100,1397400,24737000,2845700,290504000,2756575,7176200,9509100,4058500,32316589,5894400,2165600,3455200,5625100,2610400,8379400,4088500,664100,1151100,6958867,12224900,11536600,3222900,10489600,3755400,2639600,913900,2130700,67100717,5375600,3670000,2352700,435085500,1033700,5521300,4211800,9473000,8571900,4281400,621600,1169500,16719600,3210100,14760200,13744500,3486400,18544700,1735400
2020-01-31,199588400,13870100,,5914100,1793600,3692900,2457800,10132200,60322400,5968900,1700900,311346000,1596400,22123000,3522600,4999600,54845300,17945000,646400,3948200,12425000,17101200,6785700,1293900,11796400,1816000,13592300,25616856,1634600,7673000,1837000,4193300,20069900,9869700,13699600,3968300,1693300,4227180,12379100,1923000,3175200,6995800,1095000,2206900,4309900,5004100,488700,4701800,9646741,59813700,30505000,3286200,15646447,11416800,4695800,18631400,43822000,3482800,12501900,5304700,5835500,19868352,2067900,25268400,2303700,8651700,12785200,1505700,17685200,1909700,3913500,1650100,4370300,24365000,5586800,3920800,7770400,14070000,31359900,387900,6865399,11794000,9482400,9621583,11286900,36142700,28550800,7536800,7670900,52300000,8780300,1086400,12164000,3214800,370420000,6917909,8884700,16035700,4753100,33894005,6612900,1947600,5227600,4861600,6451000,9503600,2020100,988600,1250400,7325131,11693900,12297200,2703600,16887900,5469000,2920300,1209700,1511200,54495840,6151900,2623700,2863600,235789500,1486200,5782500,5532600,7234300,16699600,6537200,1042500,3373500,14283600,2419200,23080400,23327400,5165700,34282900,2582300
2020-02-03,173788400,10143700,,4675900,2345700,2693800,3671500,7847300,46983500,2565400,1560200,117834000,1639600,21288000,2721900,4841800,48485500,15865000,503100,3525000,8763400,11096500,4385300,1225000,8341500,2356200,7725400,28151301,1661800,7015300,2816800,4755200,15374900,7694600,8785500,2030300,1813400,3381180,12639900,1396000,2666200,4155500,1612700,1925500,3933500,3803200,445700,2745100,8584306,71405400,29622200,1988400,10105766,35527100,4367100,17934700,71636000,2733000,11481700,5100900,3758805,9295488,1920000,16646600,2771700,5765200,10021100,1181500,12333600,2911500,5137800,1795800,3979400,19454000,4240100,3539200,4224400,7686400,15495600,607100,4694898,10197600,7339800,9729318,8375100,30107000,20471900,11041200,8395300,66706000,9727000,1316200,10480000,2270000,255564000,2146663,8892500,8727900,3977800,20875735,6052300,1185300,23204900,3356400,4306800,7792700,3064500,930100,1019900,7450027,9090600,10490500,2517900,9202500,3144600,2812300,1002300,1148500,53993382,6333100,2693900,2873600,705975000,1119000,5396400,5646800,5627100,10885900,5188900,1011900,1988000,15566400,2770500,15471100,13041300,3880000,27389300,2377000
2020-02-04,136616400,8251500,,3904600,2242800,3053000,3203200,12322100,46302100,2765300,1105700,105786000,1447300,22559000,2547500,3779800,45061600,16565000,851800,3642600,9126100,12173200,3501600,1264700,6164400,1955700,4671800,30028794,1649300,13403000,1982300,3983200,13947300,7525100,9909000,3025800,1412200,2951299,23519700,1222500,2802600,4190500,1388800,1413800,3781100,4725200,325900,4735400,8540143,86196400,34272400,2573700,8905297,15904100,3889800,14346300,95880000,3052500,11941000,3505100,3175043,5879566,11043200,20970800,1844700,6541400,9157100,1735900,15417900,2369400,3177500,1216300,4119600,25310000,4158200,3367900,6819800,7231700,19628900,482600,5219224,10126000,7009000,15091305,9375100,36433300,19998600,10482800,10062600,71615000,6559600,1054400,10196500,2984400,271544000,1291754,9769800,7859600,3494300,31150865,6512200,1161800,4978000,4615900,3427900,9236400,3308000,956800,843400,6090160,9997100,10595100,1922400,12373600,5504400,5060800,1308000,1248900,42313451,4266700,2019700,4597800,914082000,1653600,4434700,4290200,4858700,10205900,4504400,936800,1485900,13924600,1915000,14973300,15696600,3705700,31922100,1839800
2020-02-05,118826800,10020600,,3565700,2102500,2463400,4064600,8252100,42737100,3669500,1338700,87524000,1590800,24825000,4084500,6071800,54604800,13807500,943000,3360500,13227100,13070400,4448100,1257900,6679600,2122600,4282900,21694351,1870400,12891800,1731800,6162700,17042300,6609800,6914100,2604600,1476900,2195088,27824100,1748300,2319300,2895700,1443900,2448900,3944300,3724800,327400,3339400,7098326,145792500,32753800,2013700,10046658,21184500,4967400,19050400,36376000,3126600,12034200,3868600,2990004,15048593,12768000,23401400,1548300,5979900,10150700,3113100,11414900,2970400,4060900,1251800,3215300,21572000,3868000,2911400,12321000,7629300,12538200,559600,3729367,13515300,6227700,29290133,8237500,39186300,19795300,8666800,7318000,64370000,6108300,815200,14255000,2513100,208220000,1843874,9612900,8613200,3504900,29443490,6125400,947500,5736500,4860800,3100700,14220900,2455000,1404400,762800,5727709,9982700,9583000,2439900,11399900,6441600,2811900,1324200,1160200,32620050,4353200,1786600,2758800,726357000,2982300,7281800,5761000,4439900,8672400,3248000,1222800,1951600,10271900,1738400,20141800,17048700,3021000,32099200,1507600
2020-02-06,105425600,7769700,,4270700,1611500,2224500,2752700,4870600,48670600,2007500,1257100,63660000,1517600,22683000,1708600,12845500,39511500,10300000,824400,2799400,6994200,12826400,2283800,1005100,4534600,3006200,4663900,16242301,1280000,5901700,1917900,4102700,9814800,6514400,6274000,1594300,1805100,2080370,9504600,1127800,1611100,2500600,1235600,1759800,2241700,2128800,215000,2507900,5835825,68823400,23101000,1706800,12763278,28805500,4006900,11866300,37822000,2225600,8205500,3930300,2575578,8786923,17797700,17408000,1329900,6201200,8992300,1370300,9347000,2234200,3285000,833500,2469100,12625000,3422000,2903300,4231400,5181000,10567500,534000,4082905,8763500,3571700,16110170,6976900,27751400,23358700,7874400,4995000,39204000,5641800,860000,7372000,2033400,218284000,1047686,8832000,6201500,3571400,21047748,9102700,967000,3935200,7306200,2606100,21059000,2518700,1605500,491700,6011664,8901400,8767600,1985400,7980300,5625700,2151300,1975100,790200,34705482,4588900,1636200,2976200,598212000,3333700,3686600,3044000,3861800,7001200,2615100,1030000,1320300,10283700,2256200,18259200,16058700,4507500,16055400,2206800
2020-02-07,117684000,19090300,,4472300,1447700,2092700,2260700,6093200,53107600,2295100,1237500,101906000,730800,15883000,2885600,5337800,31263000,11237500,712900,2882800,8381700,8341700,3812300,1119300,11253000,2046800,3222700,15049181,1163100,5081800,1903500,3713100,16807500,6611300,4830100,2276700,1711100,1874285,10948900,922800,2747900,2231300,832200,1597500,2283700,2257800,186900,3064000,6773623,98256500,25463600,6532600,13369743,27320100,2470800,14437100,28360000,3006500,10241400,2456100,3453025,6718876,12776900,18134600,1806000,5700300,6379800,1492800,8757800,995300,2670400,883800,2068800,16026000,2584200,2421600,5007600,5942000,12242500,310900,3272495,7138300,5589000,11419427,7588000,33529100,20891100,6410000,4691300,43852000,4121800,790300,8388500,1988400,189752000,1204034,7864800,5030100,3138500,21903596,5915100,947300,3643800,4654600,2481500,10725100,5071200,1172400,583100,7886048,8073900,5680200,1704600,8582100,3732400,1983500,1401600,942200,33363079,3727200,1577300,6740600,255952500,8808000,4331700,3425900,5754400,5691100,2333500,544800,1443100,9418100,1581700,13174600,11068800,2316900,15112500,1780800
2020-02-10,109348800,13998300,,4219400,1421600,2426800,1541000,5121100,60971700,2144700,1576800,101124000,861600,19218000,1816500,5876400,24373800,11755000,744100,2944600,6151700,8418300,2331600,1583600,4829300,2041400,4418400,16022179,1042700,6756300,2336300,3873500,19012700,8760200,6011800,2329800,807700,1883534,8162100,1854200,2647800,2170800,877500,1149200,2753100,2865400,270300,2039600,5926815,71834900,20093400,3948600,6720424,24347800,2147900,12260600,38302000,2591300,10099000,2568000,2546082,5480831,5715000,22299300,1209000,4835600,5960700,1680300,7984900,1435600,4892100,870400,2975800,10884000,3848100,2318800,4020400,5561900,11856400,744000,3294741,6272100,4114100,10590983,5115100,35844300,15929000,7666800,4596500,52941000,4213900,716400,8909500,1850700,529608000,1404655,7198200,7915400,3775600,19998385,5216100,501800,5153300,6392400,2171400,7481300,2737600,939500,500000,6419878,7289300,6062000,1518600,7197400,3659800,2893300,1089000,650200,24552653,3449700,1781600,3423100,370338000,4090400,2882500,3147400,4669400,6239500,2602900,732400,1273000,8270200,1834600,18124800,18434700,2306300,20934500,2456000
2020-02-11,94323200,10682800,,2661900,1321000,2004700,1498000,6203800,74719100,1934500,3231900,114920000,965400,15527000,1733300,5311500,32476300,10222500,598900,2916400,4861100,9437200,2381900,3488200,5807600,1815100,3992600,11817772,1269900,6143000,2047500,4299200,23168300,7933600,6072700,3759800,1315700,1862328,10790100,1869900,2993100,1195300,901100,1777100,2729800,2191500,345000,2481300,8674735,80164500,29614000,2016800,8202487,12858700,2731900,12718600,34852000,2238800,12984000,2692400,3128359,4011515,3827800,17975600,1293000,3715300,6578600,1269000,7431200,1385500,2976400,744600,2316300,15207000,3449300,2694500,5751200,4446600,25030800,901400,2721020,9814000,6780700,10252689,7120800,53159900,26776900,7850800,4584700,47729000,4871800,697600,5974000,1994200,638556000,1728600,8466600,12132300,3870500,16027335,6105700,586800,3740400,4975000,2682900,9452800,3238600,992800,534700,8577104,5098500,7082600,1223700,8825600,3341900,3060400,1397500,834500,42338872,4490100,1808400,25874400,175462500,2411100,2986800,2992200,2806300,10231900,1886500,982900,2280000,22488200,1891700,13686100,17390400,2176200,14908700,2274200
2020-02-12,113730400,10591000,,3389400,1801300,2355600,1503500,11592200,45994900,2501300,1625400,66686000,690000,15310000,1715400,4421500,36656700,11830000,426300,3785200,8374100,9484100,3222000,1969900,6867900,2720700,3735400,25221746,2374400,5906800,1384600,4535400,31686200,13500800,5725700,3463800,1008200,1865035,8168200,1829700,4377700,1567200,1100000,2763300,3358000,2860000,566400,2006200,7402139,111536800,20173300,1607500,13184414,13927100,3174200,12076300,31042000,2119200,9893900,3592100,3130799,4641939,4506100,15586600,1398000,5166800,7958000,957700,9179100,1238000,3953200,1419200,2727500,16872000,2451000,2844900,4005000,7041400,13813700,636500,3272734,10533000,8065000,19630926,7130000,47062900,47180800,5836400,4985100,46248000,8075600,935400,6532500,1770000,374644000,2005073,7541100,8214600,4217400,22944315,6031700,679600,2523300,4086100,2361400,9824200,3994700,1076200,614700,9167100,7747800,5136400,1109400,9094900,3545000,4957300,1288000,871500,41453646,4304700,1948400,8915500,180337500,3782300,2839100,6701900,2493300,7355800,2543800,1050900,1805700,20938000,1412500,16668100,14206800,2032500,17862100,1830700
2020-02-13,94747600,10613000,,4448800,1721200,1917100,2555100,21742700,51640000,1946500,1146600,60636000,666200,13857000,3178300,3783100,31775100,9720000,479700,2838500,6406700,8946200,3318800,1202800,6670600,2115900,2907800,19113278,1094200,5995600,1438000,3132100,47044700,8553900,5991900,3571400,831100,3083952,7543100,1610100,5132500,1627000,1088300,1931300,3549800,2197600,508300,2059500,7242031,67648800,21059500,2624400,10234936,8031000,2405900,7578400,22914000,1461300,10072300,2468100,2106828,3996452,5791300,11602700,2261700,5480200,7447500,1158000,8173200,2231800,3455500,800200,2532100,21102000,3001000,2853400,3652000,5872000,15396600,616100,4083024,6111300,6661100,19388734,5718400,35295800,23679700,7500400,6076700,44854000,5386800,848600,12445500,2108600,528016000,1382674,8480100,8402000,5041400,22099745,7159000,575600,3652700,4322800,2727700,8428300,3140500,656800,572300,5420874,8576600,5873100,838500,11718000,4513500,2557100,1107700,1055200,32606942,5195300,1560100,5490500,394339500,2093300,4268700,3565500,2768300,9495300,4507300,704800,1329200,19460100,2650800,12530000,15999600,2430700,16949400,3384500
2020-02-14,80113600,11175800,,3919800,2096600,1690300,1377000,8104000,52365400,1611900,1600700,52124000,650800,19137000,2360300,4199800,26447700,13397500,472400,2506200,7289900,9056600,2813400,1424600,3998000,2077300,2820400,16997950,1054500,4204500,1113400,3599400,26747200,7655100,5148700,2881300,1152400,1842926,9110500,3785900,6300400,1227500,1377300,1433800,2797100,2087700,438600,1991900,5107626,46359700,30484300,1679000,7416954,9109100,2525400,8946000,23198000,1718700,8415500,2841600,2640829,6379763,5111600,13405500,1911300,5716300,6627600,864800,9965500,1280300,2273700,948600,2774700,11099000,2716300,1720400,2195000,4959000,10741700,545000,2671266,9026000,6811500,8743464,4579300,23149500,20920200,7354800,6226600,37363000,4305300,635100,5530500,1995600,1041924000,1694131,7496800,6401500,3555600,21006747,5889100,535200,3296000,3348600,2254900,6256500,2555700,536800,455000,6175331,5686900,7106600,916200,7904500,5032000,1501100,979300,1447400,36262904,5472300,1467700,3045900,235405500,1117900,2605200,2485600,2694600,6548800,2990400,640600,1354000,9138900,2484500,15526400,24391800,1959400,10855300,1810500
2020-02-18,152531200,9406300,,4492300,1699400,2074400,2121900,10208500,70133200,1936400,1998500,58912000,857900,26693000,2428200,2904600,40318000,9087500,403200,3153000,8024500,10343500,3869700,1275300,6245300,1956100,4370500,14612032,1240400,3937800,1547100,4957000,18546300,4844000,4975800,3419500,1177400,2162038,8214900,3167800,6256900,2171400,1355800,1972500,4292400,2520800,427900,2298400,7238666,65094800,16416300,1924000,8820688,9904700,3181500,10531000,25642000,2736500,8500200,2892600,1929535,3496778,2656200,12758400,1628400,7230700,8996400,1778300,10075700,1524700,2858200,776100,3430000,27494000,3597300,2712600,2194200,6972600,15609200,700400,2964764,12033800,5258000,10017308,6897800,27792200,21513200,9789600,7514400,51739000,4916200,810900,6444500,1822800,620164000,1351094,7185700,9519200,4938700,17988513,6767600,800200,3742800,3606200,4542600,7248100,2977800,512200,560700,4553280,5288800,8165700,1239300,11792800,5167500,1594300,1047000,1533300,32138644,3498200,1462400,7460100,245725500,1231700,3094400,3241700,3371600,7651500,1856600,2306400,1305400,12427300,2991600,22423800,34539600,3552200,18948500,2461700
2020-02-19,93984000,6349100,,3464900,1806000,2580400,1910000,8502600,58597300,1322900,2618500,51224000,931000,20525000,1785000,4935700,29632100,6032500,383200,3187000,7412000,9145200,2134900,1211500,4625400,1615200,2686700,15806965,1854500,5267400,1413600,3903200,27626400,4831600,5887500,2665800,1244600,2980627,7080900,2250500,2809100,1540000,1200800,1338700,2961400,2765200,405000,1873100,5640947,69668200,16686600,1699300,11010597,7754000,4543100,9079500,22746000,2207100,7035300,2713300,2614835,2858613,2520300,13551200,2213400,6115200,7071200,1069300,6265700,1590100,3082800,787200,3170500,15396000,3040300,2229500,3231000,5448300,12135100,753600,2746494,5888600,7065100,11740220,6075300,29997500,23335500,21134800,8137500,48964000,6200500,864600,6534000,1736700,694332000,1294438,6819200,7536300,2978800,17750941,4734000,904900,4724300,4372000,2441800,7820900,2531900,564000,678000,5339993,5210800,6377500,1479000,6592300,4894000,2267800,1341100,1243700,29923989,3384500,1189400,6091300,381345000,1225800,3931600,3021100,2663200,5927500,1831500,1220000,947700,13642800,2193400,15602500,21563400,2284500,12804900,1676600
2020-02-20,100566000,5446200,,3657500,1481700,3789300,3344500,7535900,74203400,1638000,2150300,62626000,922900,25521000,2541700,2807500,42604100,8980000,475200,3547700,6123500,11763400,2678200,2180300,5343800,2206200,3350900,12844333,1604200,5755000,1427500,5451200,20416700,5719300,4466600,3034800,2048500,2739686,5981700,3939700,2711000,4034000,1200200,1889500,2338200,2447100,353600,1755700,5250911,52318200,21148000,2602500,7937566,8697200,4830500,7817900,25962000,3183700,7202300,3701800,2479345,3013003,1880700,26452600,1909800,7464700,7422800,1664400,7597200,1534700,3417000,1190600,4696000,18878000,4316000,2869400,2554400,5008600,13109200,506300,3917020,5242900,13576300,10941330,58533500,36862400,20797100,10731600,12255900,40794000,6427600,995200,9740500,1329500,810052000,3349769,6114600,7728900,2805900,42953135,6094600,946100,3992900,3076400,2905900,9754900,2867900,660800,893000,5380831,5969200,16198800,1021800,7836000,5046500,2202300,1898500,1006300,35981156,3015200,1505700,6350400,264523500,1612100,2487800,2885500,3171200,8531900,2015800,1299600,1524800,16748600,3168400,15965500,15068700,2243900,14817200,1182500
2020-02-21,129554000,6676000,,5570900,2088800,2742800,3361300,9658100,88271100,2047500,2570200,92926000,1587000,24522000,3106100,3709900,46675500,8962500,494200,4699100,7282400,14020000,2855600,3006000,8009800,1469800,5341500,22658172,2869500,5216300,2239000,5242100,20028700,5186200,6443900,3126400,5917100,2194862,7725800,3346800,3520000,2546900,1053800,1111000,2593400,2963700,604900,2465700,10307925,58326300,18498900,1645300,8611565,22478200,5010600,8431500,42520000,3081600,11631000,3881100,2058764,3699597,2047300,20775900,2202300,7776800,9772800,1909900,10842400,1660100,2900900,1055500,3861600,21606000,4997100,2791200,4047200,5709000,14092300,725200,4228219,9367800,6490700,9295970,29536400,48572600,27038900,11030800,10402900,39301000,5750900,880000,11743000,2348800,768180000,2293620,9078600,8921100,4271800,32425256,8723900,702100,6382300,6314300,2406900,12257600,3352400,655300,1162600,6796948,5800500,13500500,1149600,7246300,5386400,3180200,2066700,1733000,37691897,4681000,1540100,12101000,214722000,2337300,4121000,2987100,6034600,9231500,2084800,1032300,1365100,15704300,2202000,21729100,18726300,3563600,20315700,1754800
2020-02-24,222195200,10705100,,5667200,2600400,3924000,3279600,11223700,86624100,3049600,2329800,130940000,1330700,36849000,6329300,6073200,79159600,22150000,1063700,7932400,6536700,21096200,4964800,2092400,15441400,3114500,5584400,23176094,2604800,10350200,2300400,8463300,35295900,9637600,9539800,4665600,2292900,2782889,19336500,3314000,5282900,2817100,1307000,2518700,3592000,3854400,543200,4177700,8397279,110048200,24486900,3116300,14240786,42905000,4159600,14743100,49560000,4139400,12540100,5350100,3399762,5703210,2558900,26903100,2545500,10588900,13618400,2649600,14415500,2020400,4727400,1117800,5399600,31022000,7816000,4218800,6910200,6232200,23080100,853400,4348178,18907800,10276800,13734145,28670400,68311100,33321100,9091600,14746600,69364000,8364200,997500,10084500,2793400,856916000,2956783,10992500,12503100,5027700,37969296,7533900,1294800,3688200,6497400,3732700,12158500,7476900,2959700,1502400,10190257,8313600,13407600,1697400,16714900,5644300,3097400,2006000,1617000,46190256,5638500,2638300,4700900,227883000,1960100,7483800,8790600,7300400,13316800,3868700,994600,1659300,18520900,3017600,23075900,19848000,3531000,32096600,1642000
2020-02-25,230673600,11366400,,7021800,2883600,4188100,3356500,9942500,88699400,3915500,2268600,124382000,1423700,31892000,7628100,8052500,91586800,23957500,1064600,8558600,8745400,27451000,4840200,2038500,16153700,2824100,5739500,23944120,2754000,10447900,2881800,11361100,48024700,15062300,12871900,3879900,2358500,3595726,21032500,5027100,4093000,3651300,1285800,1954900,4330300,6558100,677700,4140900,10669500,108888300,39353400,4223800,16269102,39199200,3947500,14621900,51580000,5343100,13040400,8061500,4341824,6497229,3063600,34495700,2652000,10529000,20797200,2046900,15915100,2743100,3401600,1600100,6522600,25498000,12715700,5053700,5441000,7636500,21433500,802200,6295026,12475900,8826300,13171683,25568400,68073300,41894200,10285600,11595000,64812000,9602100,1458800,9196000,3336500,1055496000,4024387,12202600,22058600,7585800,41878898,8903200,1308100,5305900,6125500,4211800,14725000,5906100,3568800,1120400,12089748,9404000,16466000,2530500,18709700,5246600,4040700,1439400,1995300,64725329,8317600,2378300,5117500,259357500,2362500,6347200,8171200,7609100,18539000,4057500,901000,1581100,19384900,3761900,31110100,23292900,3581800,36414500,2236200
2020-02-26,198054800,9786900,,7380100,2671100,3489700,3258500,10851500,86378400,3314000,2024600,104492000,1310200,23074000,5268000,6987300,80012800,22582500,959600,6901700,10062300,25552100,3902500,2293700,23492300,2869700,4188700,32571242,4404600,11646700,2236000,13923100,38513200,16872600,11990400,3902100,2545200,3613097,31195900,2665400,3152200,2858000,1716300,1733200,4798800,5371300,414600,4108600,9675482,92469500,29846400,2766300,18682881,35000500,3366700,14421900,49776000,4171100,16143400,6963000,3619814,5656663,3923900,26190100,2238600,10093800,24825600,1879300,15837800,2711200,4659000,1678000,12739800,23796000,9403300,4190800,7456400,9745500,16524500,1021100,6161912,14293000,6040700,11940283,22286100,56206100,28075600,9551600,8875600,89341000,9308400,934400,8082000,2878600,747732000,5457938,16413100,22683000,6157200,47920005,6894200,2268100,4662200,7929700,4156400,13125000,9748000,2299300,854900,13401785,10541500,15389400,2172300,19240700,5026400,2228300,1460500,1993400,53306756,14677500,1944800,4371300,211282500,2561800,5778000,6806600,7411700,14214700,4702000,1911200,1578500,16803600,3839900,27372600,20019900,3060200,29801000,2562100
2020-02-27,320605600,14184100,,8657200,3040100,4737700,5865600,15746200,106416200,4071100,3168700,162880000,1410300,34837000,8279800,10982400,121148300,33450000,1286000,10941800,15338000,34656800,7369000,5822200,31486400,3101300,6181100,38516673,3940600,14676100,3625300,9927300,51442900,22059900,15783700,4549200,2957500,4781028,30827500,2844900,4784000,4906200,2116600,2328900,4641700,7699300,718200,5546400,11601830,118642400,53912400,3535000,18910102,51482500,5097500,14940400,62290000,5848200,20069300,7612800,4192329,8808471,5272800,42226900,3199800,12566700,23005500,3589700,23754000,3685500,4292800,1894100,8830100,28722000,13814600,6406200,8248000,14101000,21682600,819000,9856954,13884500,13247500,15734253,26815200,93174900,36349200,14604000,13346800,109677000,12825700,2054500,11380000,3649800,906416000,12251491,16161100,23516900,8605000,55444827,13298900,1722200,6227400,8930500,6900500,17898300,14785900,2093500,1363500,16203986,17120800,28185100,2345100,23765700,8529100,3834700,2298200,2090700,87815227,12640100,2231900,5856400,364158000,2502800,8687300,7604300,9143800,17536600,7682400,2282500,1973000,25907200,3598400,41180000,28476900,4225400,48141300,3075200
2020-02-28,426510000,18450000,,16671900,5785200,6463400,6763800,14943900,100331800,5316100,5188100,189620000,2353600,44586000,11362100,15364300,171198800,24425000,2039300,15147200,19870200,46013200,8300700,6204100,24855700,5465700,11130900,66353209,4751200,16558800,7091800,12640800,80188000,23726000,20835100,8245700,3048300,8959478,35389900,5045700,7908900,6853700,3424800,2983800,6472800,11070400,1132000,6789600,20859797,116490700,67995400,4391200,30359552,33786900,10113000,20827000,80198000,6727100,27295500,11809600,10141144,13607832,7199900,60721700,5829600,19820300,45931400,3695100,40890600,5555300,7898300,3363800,9987300,31956000,12846000,11324000,10948800,14447200,32568900,1117700,13753641,23998100,14192500,29246117,36978800,97012700,40121300,27468400,20171200,111686000,16552400,2919600,16012500,4665900,1133252000,7241131,24426000,24168100,14164000,66057447,22784300,2000000,7285600,13650600,7137800,20843300,9924700,1591000,1585800,19610008,19108600,27459700,4074900,26830600,15567600,5789400,2900400,3091100,160070673,12935400,3961600,6957600,363343500,3384800,11431100,9961000,11498000,22659000,7421700,2431900,2485900,45828300,5619700,71703000,52369200,7762100,62446700,4776300
2020-03-02,341397200,12171100,,11483600,4317900,5398100,4936200,10795200,102324700,4245700,2718500,135234000,1625400,31976000,9851600,11012300,147776300,21730000,1278200,10395800,14333700,29006400,6100200,4077800,19716200,3901200,7940800,42687362,3768500,10672800,7563800,7761000,48864300,15909500,15050800,5612300,2532100,5282086,21775900,6312700,6803600,4291500,1778700,3317500,4778500,8008500,757100,5188800,13534628,96766000,35073500,4418600,25039892,31113000,7603400,14994600,55430000,5285500,20530300,7150800,7156339,8923844,7056100,43140300,2842500,11508200,27355400,2706400,25698600,3489600,7355700,2859900,8794000,23473000,9688100,6154200,9250200,12252600,24949000,891300,9599455,14560000,11884700,18840525,23234100,71030800,33272700,19305600,12708700,69979000,14102000,1547000,13500000,4039800,890744000,4655971,17328500,17223700,8504500,42034469,12399800,1122000,5715300,6916400,5279400,15043400,7890200,1713100,1649800,14433840,14258700,21834000,2520900,23253000,7744600,3437900,3140800,2503900,90605027,10155000,2741000,5160600,302925000,2321900,7207500,8866300,8738800,17434500,6526300,1619600,2406400,30736200,5980800,44231200,51222600,5117800,38127600,2881600
2020-03-03,319475600,12660900,,9510600,3514000,4204500,6823000,14036600,141972300,3975100,3502600,150690000,1607800,29930000,9285000,7499300,138698500,17607500,1589800,10716100,13875500,29547700,6358100,4248500,19720600,3570000,7487800,46151378,3753700,11785400,5131400,8323500,49294700,14989700,16525500,5624500,2443100,3502891,19529700,4144400,5060500,3984800,3065700,3017700,5142200,6432200,678800,5114600,16336104,97457800,46929800,4373300,21919391,24482000,7073000,15816200,56602000,5677200,26031300,8432500,6481119,8259321,6139200,49740300,3081600,13662500,32547700,2397400,27099200,4063300,6936600,2531400,8337500,25103000,8051100,5115200,11342200,13008200,27984100,879900,9922614,18031600,8506400,17394599,30206600,71677000,36893200,15636000,18278800,83646000,14767600,1207900,14761000,3277600,652792000,3625416,21830500,19991600,8728300,46174475,12510900,1184000,5843400,6034700,5710300,16356200,7591300,1210600,1629200,14444010,12395900,28382000,2212800,22020400,9656500,4913100,2691800,3061000,84481792,10092900,3895900,5702000,386760000,2073500,9217300,9188100,9263400,15226400,5587900,2133200,2092900,27500200,6261700,45091000,33340800,5425200,50580700,2768200
2020-03-04,219178400,16590400,,8660000,3875400,4146300,4027200,7925800,93311800,3880200,2350400,95458000,1213900,23477000,7470900,6986100,111239800,14837500,1175000,7408700,10112500,24188500,5074700,2384700,19503500,6127800,7174700,26671692,2348400,8924200,4219300,5846300,30022100,14690700,14753000,4571600,2513800,3906602,13842100,2950400,4284200,4289700,1897700,5162200,4313400,5455100,586400,4269000,11412000,70588100,25141500,2854700,16665500,23741700,4298100,16227800,47598000,3520400,30188600,6770000,4808983,5226234,5223500,29223100,2202000,10560500,25795900,1493300,20526100,2755600,5301900,2025800,5206700,19170000,6463800,4260400,9008600,12787200,23062500,816100,6905465,12612900,6923700,20224199,21938100,49814400,28222000,14713200,10207100,54873000,6904400,1193700,7877000,2302600,597408000,3725933,14813700,14006600,7635700,38712155,9459300,1584900,4210300,5675300,4201800,9894900,10264600,1960700,991400,9077480,10999600,26339300,2210100,16155900,6517200,3673600,1468300,2532600,55701210,6853500,3043500,5222200,225735000,2573300,5556500,14533000,6644800,10789100,6485000,1515700,1971800,17626400,2592700,33881500,24625200,3454200,24079600,3283700
2020-03-05,187572800,9688400,,9288700,3548200,3199000,5285700,9842500,98302700,3185400,1969400,94964000,1548200,24374000,12060600,14669100,110878700,19720000,1022200,8112700,20434800,27277600,6015300,2513900,33085000,3106900,5877500,26978668,2800800,9603800,6407700,5797500,30255900,8581800,12814400,3880800,1878400,5069458,22397200,2408700,4327400,3029900,1599100,2868600,4692900,4905100,578100,3980400,11901438,78070900,26564600,3150000,21686251,22727600,5406600,17921300,54380000,4151500,28694400,6473900,5723777,5696725,3752300,29099200,2871600,11339200,25025600,1697000,17948500,3204300,6882100,1967200,6619100,20370000,6621300,4107200,8313600,10517000,19333400,720600,7040852,11502300,15767100,15017840,23950200,47817300,26223000,12412000,9960700,87470000,8851100,1214100,9797500,2899900,540328000,2358946,15843000,19218000,6579100,35096303,9363500,1920400,3135200,6587500,5724800,9396200,16079000,1270200,1228100,13601522,12545300,28000700,1775700,15754600,7867000,3553600,1824800,2797800,59974684,9162300,2192400,4941300,162790500,2289900,6162300,5908400,5277200,10106900,5918900,1129700,1518300,21249900,4065100,45037900,25638300,5871800,40788200,2472600
2020-03-06,226176800,12664600,,10647600,3284400,5622900,5815300,8958500,124590900,3100500,2693600,105472000,2175000,30169000,9897700,12861800,119121200,26937500,1460300,9443500,17949100,29916600,5767900,3109400,29767800,3447900,6339600,33399341,2771300,14504800,6185500,9757700,48605600,11683300,16861900,4520400,2973400,3560419,22899600,3622100,5522600,3886200,1864400,3414600,7721400,9915000,826300,4760000,13209083,109932200,40678900,3886300,29787216,31704700,6130000,20009500,64640000,5071900,30003000,7399900,5327918,8570192,5964000,36259200,3102300,12239100,38159400,1858400,22353900,4466800,8010700,2161000,7886900,20486000,7061500,6360100,10880600,9781200,24559600,629400,8557500,15485300,13937000,14208574,30898400,72821100,30313700,14556400,12278100,81472000,12336400,1361200,20545000,2975000,515412000,2948734,24581400,38969100,6754900,40931036,9817400,3336000,5562100,6596900,6374400,11536500,16949000,1130700,1321100,13614711,18080100,29385700,1971900,23793200,9790800,3613100,2513700,2798600,64721224,10401300,1922800,5978500,189943500,2426100,6386200,5361900,5598400,15183200,9569600,1387700,1872600,22510800,5658000,56766500,29411100,6689400,55640500,3204200
2020-03-09,286744800,15806200,,10285000,5112200,5291900,6660600,10305900,80859800,4065600,3209200,156264000,2393700,43934000,12266300,11585500,145196000,19257500,1478200,13950500,15378700,35625600,8636200,3291300,33764200,3897800,7399300,50070255,3294200,29828600,5203100,9657100,61535300,13484500,30595500,6171300,2886400,4797158,26233600,2708400,5616000,4784300,2081600,2712800,12610600,18938200,724500,5205800,17452096,103901700,33742800,4048100,24558063,32839400,8204100,28350600,69252000,6443000,74704100,10120500,6205789,11252345,5790200,56197000,3455100,13848600,40352000,2815600,27898300,4822700,5351300,3086700,8188200,26495000,8498300,7788500,12189800,15615200,29949000,1032600,9800502,16480100,14834800,18942810,28177500,70419300,31260800,15564400,12440500,74055000,13272700,1355400,17181500,3939600,614160000,3998278,25949300,104930300,8716300,43183856,13116500,3002000,7291600,10717700,7993800,13898500,19180300,1344100,2230900,13778378,15930300,24766500,3484500,86148000,8520000,6489400,3947500,3095900,89990559,11188700,2520100,7946600,256105500,2388800,8454600,8070700,8648300,20486400,12531100,1425700,2034500,31862200,5732100,53277200,59243400,9885200,72896300,2827400
2020-03-10,285290000,12965800,,9417400,4349500,5973700,5729000,10107400,76228200,3928700,2658300,142666000,1962500,55071000,9793200,13059600,134863600,18550000,1608300,10929200,13372200,32527500,8293200,2944400,45551300,4188200,7521500,51988828,2730800,20337700,4245500,11443900,50536500,13274300,22642900,4869600,2797700,4585207,24083700,9935000,6386600,6525600,2935700,2611600,10773500,13804500,706400,4974000,18634262,101873600,30694900,3564900,19850767,27660000,7927800,18287700,54872000,6803900,62821800,7206600,5811734,11935592,5243100,36569000,2935800,12698100,31102700,2438500,27457400,5604100,5961200,2505600,9289500,23725000,8131400,5835200,12821600,16742300,24517800,880400,6759433,20532700,12222900,17527486,27111000,65354400,31652900,23743600,13334700,76044000,12755900,1826700,19595000,3648300,580648000,3844303,27067700,110525300,8258600,40548329,11419100,2398200,6623400,7496100,7047200,13615600,30322600,1390500,1722300,14774045,18414000,20293200,2829300,40409000,10316600,6009900,3059300,2987200,75018634,12575500,2707500,6713600,233916000,2474300,9206200,7366000,8914200,16119400,10527600,1539400,2024200,34330900,5142400,40078700,37797300,8897400,60445900,3265500
2020-03-11,255598800,10382200,,11534200,5188300,4869200,4213600,12974200,101601100,3777000,3360600,112496000,1470600,36030000,8822900,28503500,127347000,20745000,1263400,9573900,20113200,36709000,6543600,3287100,38235000,4106600,6860400,41469062,2816900,18460700,3622700,10341300,63594300,12099100,18412800,4258300,2397300,5395450,24771300,34673400,6268200,4906000,2145400,3415900,11699200,13208700,897900,4422800,12817505,98587100,33944300,4746400,20746329,32018600,8693500,21309700,54732000,5314000,35888800,7253900,5121341,8835039,4539900,38563500,3014700,17763400,38127000,2730500,22653900,4315300,7211800,1950800,6205500,31441000,8366800,5625100,18819600,14984300,20373900,801300,5678847,16557300,13535400,14274179,27376200,56371600,38483800,19631200,11533000,60360000,16172000,1484400,14542500,3356500,499964000,3778668,24139200,70436000,7465100,65350213,16456000,1911800,7836800,7083200,8448500,13376500,23724700,1351800,1761000,16346679,17138000,27992400,3127800,33291900,7726600,5926000,3389000,2881100,59972036,12107500,2566400,8840300,199837500,2212100,9636500,7744600,5557200,14598200,9184800,1454800,1733800,21147400,6277600,44769500,31620000,5815100,51986100,3591500
2020-03-12,418474000,19935700,,13876300,6357900,7230200,7534000,18043700,107461500,4902600,4734500,226924000,2288700,64281000,12206600,31734400,139552600,32052500,1669700,22293800,23545300,45941600,10285900,3854100,47752900,4830200,9772200,67492552,4187500,16581700,7307600,13213000,51855300,16856700,25768200,6777600,3288700,6604327,40392900,9406200,7684400,6288700,2583500,3100200,8994600,12384000,1003900,5814900,18593745,89453100,37820700,5156500,31583435,26364600,9145700,20344500,94326000,8357700,38621400,10928700,7607901,13088284,6554300,50661700,5082000,21539200,49725200,2672700,31913100,6340400,7836300,3892600,9903400,36844000,15031500,9079300,20688400,15533000,43266300,875100,9826097,19322800,23939000,22664782,27964600,93226400,40117200,31668400,14944800,120716000,21534800,2525900,19389000,4495200,816540000,5076924,24123800,73141800,12808300,62731445,20988000,2611700,7912600,11487200,11492100,19386200,28866300,1627800,2491800,30644501,25170600,32521600,3269100,47922900,10790400,7611300,4659900,4075100,111500925,13572800,4519200,9075300,283636500,3587500,15158500,10496600,9412800,27467700,14645700,2366900,3757900,45610600,12651200,68447600,56323200,7310900,65725300,5344300
2020-03-13,370732000,21867700,,18316900,5742800,8935200,5127500,15539300,86689700,6903900,4220300,176194000,2180400,84714000,12680400,21168500,128357400,28827500,1579400,14859100,17420900,40519800,8718600,3769000,55565800,5081600,11952900,70681708,4385600,17506900,6100100,13765400,53859600,15473500,23497500,7362700,2525500,6481037,40960100,6545900,6156000,5842000,1908600,3027000,12188100,13961100,1081100,5711900,16002989,125375300,40387000,4275000,22099041,30116100,9723900,17909800,79400000,6368400,43906600,10292300,6710613,13077197,7338700,48805100,5606400,20084200,38543300,2804300,33697200,6386900,6841700,3877800,10007100,26920000,9934900,8042600,13216600,15074300,35028600,850000,7870039,16308900,17766900,25857094,33305100,92727400,35264800,31586400,17784400,94582000,21859600,2307500,15191500,4387700,634836000,5375172,28339400,64910400,12007700,60553038,17378700,2826600,6021800,11013100,6997200,15971400,27483000,1380700,2179400,26649596,19247200,26153200,4273800,29182100,9862400,7038700,3394400,4716900,85647971,11254400,4534400,7401700,339604500,2637100,16040100,9308400,10918900,19948900,9700600,2147300,3813400,45744000,9208100,78365700,42962100,5724700,79891500,4073300
2020-03-16,322423600,20916000,,14358900,5324900,7140100,5564600,13763000,84545900,4932400,4093100,178346000,1809000,76935000,15072400,26844400,121688800,24672500,1569300,14168600,17232100,35133800,9899000,3833900,50744900,3340800,8849300,44265242,5752400,13774100,5465500,13845300,44211300,13566000,17535300,6506700,2617700,5520094,35379500,6914100,7118500,6196600,2419400,2815300,10564100,10311100,1018900,4825300,12094493,110310900,40627300,4417400,23255932,26764600,13060100,18056800,96520000,6888000,37973700,12536600,6250351,11054128,5791800,53878900,5370900,18877900,38589700,2752300,28682300,7079300,6619700,2351500,14770800,30960000,12111500,9341300,13245600,12679500,39120400,1073200,8899197,18032100,14482400,20808354,26789900,87905900,36879100,20240400,17769500,105599000,17976700,1520200,16945500,3168400,726972000,6357533,27493700,37309700,10733300,50995050,17367400,2362900,6663800,10163400,7192800,16134700,25379100,1926300,1858400,19586014,23354300,23373900,4736700,24971100,10451100,5743600,3119400,5757500,77820218,13684100,3766500,6787700,307342500,2918800,12389200,10303500,9006300,23692000,8241800,1575800,2521300,36990400,7116800,57466700,36753900,7884300,48924700,4364700
2020-03-17,324056000,23205000,,13315300,6081100,6189100,6641800,16361200,92741900,5912800,4527100,218342000,2284700,70662000,10512200,54492200,120065700,27002500,1609700,15072400,18097200,51650000,7206100,4441300,41578700,3765400,9389100,41543538,3602600,18692900,7170600,12191500,41572400,15473700,22684200,8190800,2909600,5473394,27526200,8061000,6712800,6370100,2791100,3100800,8578000,10122100,1215500,5774000,19085987,104233500,31925400,5548700,24121739,28823700,17279000,23544400,83194000,6876300,36224500,16234400,9044813,9684182,7108100,52085200,5773200,18911800,35239800,3213600,32106700,4956600,8909200,2626200,15323900,36694000,12665200,13708200,14931000,15149300,34255600,1072600,7816338,16972000,13424800,24745795,27047400,81059800,34869000,21538000,13940500,100139000,17122100,2113200,19540500,3875600,833632000,6247625,25588900,34731500,14242300,54220606,19451400,2153400,7883800,11051400,6274500,16864500,18129200,3856500,1989500,25522359,25045200,21796200,5943600,25536500,10298100,10561600,3205300,3902400,78966008,18604500,5253500,7609100,359919000,2956100,16243500,9642200,10476100,22298000,8839500,1774100,4447500,33898000,8052300,58112800,52806000,8959300,41204400,5299600
2020-03-18,300233600,23712800,,17541100,5860200,7293300,5517900,18870000,106949300,5597900,4210000,192904000,2582200,98993000,14359300,61943200,148272500,23335000,1969400,16669300,18167500,48351400,6995100,4357000,69931000,4199600,9189300,45383138,4677300,17039700,6701800,12988200,56904300,17953700,24947300,6562700,2635000,5536562,43592500,7986500,6426500,7073400,2395700,3649800,10350000,7759600,1027900,5784500,13570939,125954700,37912700,6997700,27873844,34965900,11170500,39591100,93044000,9543200,45137200,14681900,8099568,9176035,8145300,49309900,6621300,17521100,41525600,2664600,35408300,4723900,6734600,3589400,11133900,36072000,11352800,12627600,13632000,15316300,37553100,1507300,8205038,18217800,17497000,18558508,27603000,81593200,36519000,22198000,12221100,125936000,19498800,1779400,22141000,4376500,874268000,6615946,29557000,41257200,15250800,43884976,23139200,2315700,7302000,14720100,6970800,18381200,24554800,2529500,2301800,36292760,28770600,24241700,5138100,28198200,8141700,12166900,4235700,5096300,100669546,18300900,4570700,11114200,356793000,4012600,16413900,12917500,11152100,22787500,8900200,2865300,3406400,38417400,8833800,51904100,77355900,6690300,54036400,5218300
2020-03-19,271857200,19739900,,14476000,6338300,6023800,4741700,13066600,88939000,4796500,3847800,207998000,1818200,74438000,12330400,40210600,122461300,24515000,1593700,12488100,12088500,43397100,6870800,4548200,52662000,3987400,8926800,39298037,4223800,15655100,5429500,10444000,58319700,16247100,29871000,7855600,2455700,6490399,30866800,4429300,6361700,6549700,2084600,3322000,7000900,9407700,985200,4599000,10488222,126603800,38977600,4646900,19861762,46268200,7293600,34361800,74064000,6548200,39826500,13499100,7229760,8782739,5503100,44538000,4804800,18482300,32175100,1954800,41956900,4296100,6554800,2836700,12141200,33439000,9126400,12773400,13221200,15194400,39862300,971400,7613377,15889800,17581700,19268738,23929600,85922700,31015200,17441200,10520200,106160000,16177200,1711600,13960000,3166600,765512000,5823679,20159100,38092500,9393500,59820929,16428100,1874600,5489800,9453600,4936100,17127400,17031500,2358200,1841100,25171667,25167400,18311100,3081600,25449300,6855400,10392200,3203500,3485700,80521973,22567100,3511100,8906200,452932500,2358000,9298500,8065200,7690300,19362800,8776000,2696200,3118600,33024900,7698400,53123500,57100500,6840300,49412400,4492600
2020-03-20,401693200,18844500,,15131400,6449700,7461800,5611000,13967100,106859500,5726800,3940900,196358000,2155600,74044000,12208600,41370700,150910400,28662500,1363100,15213600,11222900,38163900,7650300,5346100,80096400,4711700,9168300,50478703,5123400,23790200,6581200,12450100,48582500,15682300,26960400,9964200,4155200,7189646,31957800,4732000,8975700,6174400,2746200,4780200,7373600,12411400,1230300,4540900,12120290,129378600,39899900,4479200,25306037,35110200,11007300,35702000,82878000,7561300,49166700,12602400,7216073,11031639,8462600,52344000,4264800,19785100,30150800,2632600,51513500,4699900,9113500,3040100,11541400,39045000,10518600,12000000,10194600,16245900,32568400,1372300,11468683,21595700,19580400,23075912,27472500,84866200,37667400,22482400,11641500,108538000,15761900,1768500,17511500,4139900,804636000,5075582,26340800,50833300,13093200,52488989,19922900,2388900,6826500,12175000,7605100,16591500,22221500,2027000,1701100,22923550,28420600,15922500,3788400,32875200,11839200,9258400,3558500,5222000,154553565,13402000,3715600,6836600,424282500,4210900,10253200,9364100,7355300,18692100,9225000,3278700,2764700,46013800,11125500,73915800,55423500,9148900,76534600,6662600
2020-03-23,336752800,19219000,,13037100,6173700,6016800,5499800,15138400,101704700,4396600,3890100,156170000,2162800,46921000,8907600,46140100,181898500,21497500,1422800,16501500,17190500,33013300,6737500,4029300,52551800,4226400,8306800,41187160,3848600,16239400,5646400,11898300,39823400,16336800,23764000,8042700,3130900,10128650,32246600,3915400,7060100,8149000,3445300,3236700,7546200,8642100,882100,6096900,13594493,134925000,35098700,3933900,21193467,19875200,8448300,25419700,83672000,5472600,27219200,12241600,8700624,10176952,6813600,46698500,4780500,20815200,32536600,2124900,44978500,4434000,7299300,3172100,9594400,30272000,11588700,10660400,19436000,13466900,29830800,1052600,9489423,24246000,12971100,18375003,26401000,78975200,45286000,23661600,11250200,134494000,17690000,1497400,14125500,3721800,643876000,5516453,23063700,36784000,13926800,52853041,17776800,1676300,5631200,14031200,6075800,14920300,20278800,1829300,2071500,19084526,24905800,20573000,2876700,24393500,10346000,10694900,2605100,5261800,128274548,21303700,3477200,8328800,246817500,2892900,9680700,10654500,7117800,30344100,6535300,1956900,2802000,39225100,7627100,47064100,39366000,6062700,56952500,5405800
2020-03-24,287531200,18376300,,10903700,4685100,6592200,4937500,16338500,106794200,5288200,4221400,142942000,2161600,62970000,10593900,43683100,147882400,21350000,1319600,14075100,16752800,34100600,7417100,4397100,65012400,5464300,9887200,49607818,3172100,16724400,7124200,11834400,48235600,19331500,29198800,6514400,3488000,5930122,32538100,4666500,6516900,5765200,3078900,3130500,5697900,10485900,914300,5155900,15638329,146192100,47531300,3014400,23974833,20608100,7348200,24082900,72468000,6647400,48419800,14676600,6152845,8340699,5101200,50019800,5644200,17604800,34363200,2776100,49096200,3423100,6827300,3088400,9004100,29212000,11654800,11678400,17734800,12476200,30440400,992500,11136793,21746000,14391400,19901939,25905500,82516700,45588000,17900800,11861300,116387000,18849500,1655100,16855000,3644400,1101644000,4729450,19323700,42020600,11447000,44466784,14625500,1928300,7893700,9328700,5476000,18966800,28057200,1615700,2545600,20411023,28286200,17925200,3735300,25812600,8055000,7401800,2755800,3529500,101022392,14467600,2691600,5929100,343428000,2642000,9385700,8894400,6067100,24488300,9068400,3488100,2830400,40626900,7375700,48630300,42705000,5499100,61835600,4732500
2020-03-25,303602000,20017300,,9351000,4795500,4830400,5448600,11550700,93760400,5301000,3201500,129582000,2165300,64442000,11046500,77826000,146991300,24967500,1951000,13851200,19681700,38211100,6578100,3121700,78051700,4232900,10375500,61708985,4155600,14295900,5639600,10639300,42873900,19601500,22560100,4987600,3962200,6471674,28533000,3729600,6573700,5005600,2236400,3521300,6407000,9492500,723800,5259100,12643937,198999400,39768400,4133200,27665082,24138100,6019500,27617200,90324000,8587800,51372200,11497400,7595805,9052084,4553200,41106100,5216400,13986100,38111700,1703000,42511700,3258400,6472100,2950100,9907500,28374000,12642700,9708700,17580800,12419800,35184300,1620500,9260030,21540900,18300300,18311494,27198500,75638200,54091000,17794400,11293700,87672000,27053200,1615600,15442500,3323900,793432000,5572697,25625800,55409600,9485500,44601275,13789100,2843000,6918200,9075300,6516900,15969800,32761400,1288000,2009500,19096125,22977200,22746200,2766900,24201200,8206500,8662200,2045300,3657400,90068675,14331800,3075700,6252700,318340500,3034300,11862100,10014000,5682000,20619600,8933300,2192400,2066600,38551300,8434200,53341100,53287500,5942600,56607700,4424800
2020-03-26,252087200,15979400,,10530500,5194500,4531000,3903500,11864900,73680200,5162200,3413500,124426000,1512800,60213000,9459400,63267300,116111400,15412500,1598200,14131400,13137400,31528600,6059600,4092400,97446600,4059400,9053300,40897577,3594300,13576900,5463100,8573100,38473300,23189500,24129100,4741300,2227500,5942981,24520300,3885100,6163700,5750300,2426000,2705300,6629700,9263100,754700,3073400,9752592,138227600,32481300,2713900,24714600,18351900,5600200,16959000,76562000,6762200,32866100,10170300,5935658,7482561,4670400,41459800,4961700,15066800,29826300,1870400,37821700,2726000,6723600,2680900,10103600,31663000,9957900,8259900,8952000,11595300,26556800,1004600,8033532,14403400,18506600,18052848,26422500,64568100,62450700,14655200,10892400,72296000,17200800,1425500,18655000,4184100,696108000,4619026,22417900,70253700,10376800,43269967,15796000,2232600,4965400,7830700,6014400,15820300,35085100,1686200,1547900,23079589,20997500,16976500,2562900,22180200,8647300,8730100,2884200,3278200,84786312,17080100,2856100,4821300,260710500,2233700,10441400,7517600,6373900,17062900,10055900,1451900,1752500,32610900,7642000,45494700,58250700,5489900,46722000,4159000
2020-03-27,204216800,12293300,,8360600,3802500,4862100,3255200,10624200,74599200,4119600,3367100,107758000,1173100,39448000,6999800,47880200,91522800,17537500,1044200,10259500,11232700,25484500,5746500,3220000,64592400,3563000,6366500,29780397,2339200,10647200,4250400,8273500,31278600,15034000,20411500,4217000,2302600,5929332,30591500,3703000,5091300,4519800,1800600,2585300,5209500,10078900,616200,2621400,9277595,106324000,37285500,2619400,18719196,16521600,6662000,18349700,62794000,4186700,33438800,7121700,4164319,6718458,4639700,31633500,4865400,12133200,30041500,2240600,23297900,2301600,4717400,3562800,6885800,32033000,7819300,6441400,9326600,8254400,24879900,911200,5097711,14679500,11426300,12467218,33375400,57042300,39791500,16184400,8734900,79488000,14183400,1504800,15381000,3114400,638828000,8143822,20025300,34675600,9852500,38290344,16073100,2398500,4490800,7972300,4191500,9739100,31129200,1109000,1168100,16126443,18950500,12461700,1990500,21794500,10065000,4837800,2924900,3398900,61415064,12743200,2314600,4309600,215661000,1880700,7579200,4879500,4671100,14950700,8028700,1741500,1712700,25363600,4939200,38942800,36160500,4399100,51558600,2870100
2020-03-30,167976400,10671600,,47540200,2731300,4340200,5390500,7839200,68486600,3219000,2581600,122522000,1281800,52343000,5565000,51052500,80449100,15020000,1177300,7672600,12192900,27459000,5725600,2934600,46165600,3677400,4950500,33504013,2299700,11089600,4396000,7650400,27120300,12939200,18486800,5701400,2251100,5380222,23119200,3774600,5300800,3352700,1773800,2095800,4569000,9148200,778600,2873400,10074912,97879700,22468300,2281000,17425331,15929400,7425700,18477800,58736000,4152800,28100100,6936700,5342878,5820467,4768800,31628600,2829900,21754000,21656900,1623700,23446000,2480500,5057400,1756300,5717100,21298000,5765800,5621700,6826600,8356600,22515200,885800,4627922,18352900,10263000,15803316,18046400,63420300,33763900,16373600,8988400,86220000,10960100,1261700,11843000,5136000,602252000,6258254,20611900,44717600,6916800,29943508,14571600,1767700,6295900,6361400,5207900,9880800,25443700,1337000,1199300,12019832,14199700,10078800,2259600,25981500,7222600,4848900,2529500,2325900,55117988,12442400,1990000,5625200,179971500,3389300,6950800,5329000,3994200,15714500,7691900,1034300,2138900,20660200,5214200,41232800,29212500,7024900,45835000,2031900
2020-03-31,197002000,20474400,,23792300,2963000,6413700,6247300,11068000,83483700,2929000,4629900,102472000,2372800,50191000,6075900,29954000,95213700,19257500,1389200,8996800,14174100,26219100,8970800,3078400,112205700,4427600,5784400,29647982,2546300,13481100,5618600,10429700,26014200,11018700,18514200,4531400,2240100,6170611,21563200,3774200,5115500,3762300,2442800,2956400,4995700,7816000,1135000,5641200,14844096,231800800,35490500,2643800,24307107,12111900,5795300,20303000,65228000,3588200,34498500,7335400,5619056,6635092,3815600,48074700,3418500,15746100,23379300,2907200,25373900,3142300,7560100,2169300,5523700,27836000,10373900,4519900,10725400,9248700,23676300,2338700,4321985,15865800,11631300,15079672,17122600,77927200,36723700,18899200,10537400,93665000,9610100,1980200,16966500,4390100,949960000,6358152,15802000,35568400,7091700,29466151,21691000,2520500,11324400,11601800,4743800,13213900,26187400,1953200,1896800,11616702,20109800,10708400,3840600,25754200,9803300,6507700,3805600,2876200,92432942,18375300,3275100,6920600,266572500,3100400,8968000,5450000,5391300,20613100,7423500,2921900,3300700,21251800,6286900,36920300,26258400,6829500,41491600,3956000
2020-04-01,176218400,12948000,,12208300,2973100,3903000,3570100,10665900,92083100,2747900,3772000,82438000,1566500,41858000,8313400,41899700,83961300,14070000,1163700,8682700,9990600,29219500,6847000,2519000,182979300,2993300,4247700,27845712,2333300,11101400,3745800,8737600,26790700,11474400,14362000,4381200,2040600,4200334,18303900,2542100,4600700,4056500,2659600,2225900,4608100,6250300,714800,3769700,8181371,119174500,27051100,2569600,19974760,12177600,4669300,17467100,51970000,4689100,27200600,7858200,4505112,6394093,3229100,29586600,4517400,12606100,28029600,1660800,21936400,3822000,3297900,2082300,8115400,24655000,6646200,4668900,7833200,9069100,19507600,1463100,4518010,18310500,9305100,11665288,23755100,57969900,37452800,13691200,8534100,66725000,9771300,1226500,12120000,5412700,656912000,4732855,17918200,39837200,6873000,26709625,11095800,2335200,7994100,6497600,4142800,14167900,24415500,1679800,1408900,19658472,12880400,11700200,3430500,25393800,6932900,8728800,3457900,3238100,72351304,8810000,1927400,11018800,200298000,3031100,8229700,4548800,5762800,12595200,5354600,2616100,1482300,18672600,5002900,48497400,28269600,4086600,36045900,2521000
2020-04-02,165934000,8077800,,10167900,3030000,3589700,4959900,8764600,79024100,3867300,3993100,86720000,1963500,45049000,8338100,42372400,70007400,14345000,649300,7271900,12401900,29532100,8106500,3240000,262061100,2501400,5676700,26337721,2335300,14693200,3500600,8150500,28180500,16796400,23220600,3533000,2863800,5812471,13936500,2551500,3665500,3793000,2486500,2625600,5714100,12694000,801500,3162500,6045704,90891700,32168900,2336100,19561750,20482100,4961400,17920600,56410000,4446900,51270900,6353900,3717956,6619820,2963200,27810000,2671500,11594500,24018000,1346000,17621900,3369800,4725000,1896200,8246500,18914000,6446600,4803200,8014600,6818100,20886300,1267500,4772399,14393600,11990400,12843345,21656000,49630700,31457700,9234400,9184000,45925000,12731300,1061900,22093500,4188200,675764000,4341830,16434400,79141600,6181800,27186876,9168800,1460400,5395900,6143500,5169000,15432900,29239400,1058900,997400,20980044,18175000,15329500,3257700,33976500,5471100,7679000,1735600,2140100,44775562,9665200,1666600,22956100,297876000,1725800,8353400,4636800,4039900,14051100,8098300,2667100,2503900,20159400,3825400,33113500,29515500,3525100,62000200,2403700
2020-04-03,129880000,8062700,,9139400,3766600,3934700,3963900,9488600,79335000,2281400,2858000,72198000,1943700,28960000,10023100,37347400,68293500,11057500,612600,6643700,10895500,25327100,5036400,2117600,124436200,2271700,4720800,20606224,1747200,11505000,2650100,6004400,21235200,8793000,14905400,3388500,2053100,2762246,14814600,2819800,2907200,4084300,1635000,1777000,4738900,13593900,557200,2606700,8987381,85659900,26937200,3205200,19622924,19421800,6876900,13835500,51374000,2801600,35876800,7299800,4277422,4747585,4932300,23906100,3269100,10071200,21199400,1143700,14207100,2665700,4013200,2113200,6448500,14906000,4163000,5050400,6238000,7788500,25983300,1325000,4291607,10338000,14114500,10039211,16926500,41243300,28522400,8755600,7800400,48608000,8476900,834900,14249000,3504600,663212000,3923458,13362500,92062300,5552000,32837370,7768700,1212600,3882600,5254100,3587300,8600700,26467300,1169500,935600,18932300,14676500,9127900,2051400,24822900,6180300,6759100,2217600,2061500,70758797,12141200,1320400,8378500,338431500,1885000,6587300,4650300,4471900,11994700,5313400,1988500,1989800,17612500,5650000,32735800,28625100,3450300,48425700,1701900
2020-04-06,201820400,10266500,,12373800,3090000,5145100,3610300,12046500,82294000,3702100,3050300,115464000,2090400,38868000,11253000,51085500,97766200,18787500,957900,9935500,13647100,30064700,5785600,3275700,195697600,3060600,5172800,33699274,2359700,13532900,5272500,12296800,31641400,11833800,17334900,5060900,2079300,6323004,20407400,2425800,3960100,4280200,1708100,2648600,3850100,9030700,698800,3109300,9670435,102205300,39115800,3512600,19672140,19101100,6353700,22442100,63320000,4689400,28269000,7454000,5171632,7357773,4128100,32323400,3801900,14994400,26820800,1846000,22850000,3604000,4159900,2525400,9422300,33272000,8636700,8330900,9534600,9426700,28453600,1348300,6745081,14463800,10180000,14314108,18788700,67111700,37899100,13267600,11003900,81839000,11266500,1047600,16075500,5256500,727884000,4676198,13845800,52068100,8242200,40503217,16848400,1373500,5914400,6293100,5347800,12153100,33519300,1285500,1366600,28777500,18010800,11658800,2193300,24572200,6795800,8207200,2129200,3188400,70836648,12722100,2437800,5256300,223527000,1626900,7189500,6365900,5642700,16479100,6213000,1997400,3046300,20284400,5405200,36056100,47768700,4525600,41301900,3419900
2020-04-07,202887200,11591700,,10872100,3002500,5422300,4037600,11962600,102098700,2447500,2226100,102280000,1383800,45892000,8693200,56699100,94560300,19585000,831100,8148200,21342400,35220700,8489900,2645600,185454300,2351500,5964900,28146393,2448700,11704200,4036500,7859500,30366100,12324100,16394800,4259300,2067500,3890810,22899600,2359500,3522900,5496100,1464700,2450000,4636800,7531800,621200,3372100,8691559,115150400,43593400,3189300,19278732,19917900,6516000,30405600,61620000,4953500,40153500,6438800,4298854,5852684,4680500,41410000,4463100,11567100,22563800,1454100,21279600,3097600,3900600,2101500,7854900,25778000,8627300,7848300,8663800,9592400,31411900,945700,6573575,12021300,14246900,10657950,19536700,62769000,34646400,10507200,7001900,70464000,10468100,1098500,15226500,4768400,784520000,5620478,14063000,54728600,6253900,24226295,14438400,1790300,5388700,7069800,5281100,11285600,51068300,1046900,1199900,27110200,13799400,13087400,2435700,29091500,6086000,8424900,1678600,3462800,71847522,14116000,2126500,4410100,268797000,2387000,7762200,4984100,5113900,15379000,7767300,1600800,3551100,21786000,5039500,39229900,41369700,3916500,48921800,3075000
2020-04-08,168895200,12218500,,9266400,2466200,4002500,2912800,14429000,64930800,2861500,3329400,79546000,1804000,27565000,6122800,41351000,81212300,19522500,772300,6109900,13608500,32944800,4686100,2153800,108041200,2548700,4265600,28299508,1685000,8171100,3964400,7665500,22683500,8559800,12284800,3891800,1210100,3700968,22562500,2104300,6729500,3199600,1723200,2415200,3722600,7217500,533700,3272800,9259509,117022200,26970700,5576500,18589124,12215400,4553900,23774400,40334000,5194800,27550400,6094700,4127927,5395896,3512100,26719500,3145800,10758200,22903300,1350000,18937100,2495400,4006600,1447700,4715600,18923000,5690100,5665700,13348200,5820700,21664200,778100,3673036,11727600,18008600,11481888,15376700,48318200,27694400,18290800,5422000,69089000,6642700,919000,8850500,3152100,542444000,4329137,15710700,48988600,5241100,25523980,12564500,1218300,5110400,6565800,3754800,10695600,28694300,1167100,898200,26540900,10417600,8104600,1770900,16039000,5636100,6692100,1326200,2471400,54010329,9146300,1997900,3831600,189840000,1706200,5426500,6390200,6628400,11146500,6830800,1182300,2737500,18234200,5030400,42213700,27876600,2771200,33355600,2478400
2020-04-09,161834800,9425900,,10466800,3743700,3290200,4003700,11654400,80270100,2503300,4331000,92930000,1744000,34828000,6902500,37874200,125275700,25820000,1154600,10519600,19098700,43637200,4752100,4349400,144691900,2485600,3582500,30533059,3187700,14176800,6487600,7094600,27643900,9168000,17023800,5479200,1596100,3694538,31453600,3032600,6536800,3717200,2170900,2191200,3978600,10998400,904300,4472100,13123982,175681700,35022100,4745600,25701070,12798600,4270200,22490500,54028000,6445800,62286900,7125100,4631265,5832705,4285600,40499700,4173900,11125400,42055900,1303800,19165300,3206800,4415300,1629400,6543100,26173000,6662900,4901300,12136600,7990000,23534300,1024800,5721305,8933800,15625800,13876568,21902200,51385100,39799400,19587600,15204400,77113000,7773600,1115800,13771000,3478600,525564000,5133581,15521200,110464100,5502400,30648107,12747300,1448100,8283900,9281000,5316800,15459400,46241200,1011800,1240600,24734300,19748100,12354400,3194100,25065500,7529500,9095600,2740500,2572300,66599583,11108600,2445300,5770900,204750000,1950000,5902300,4923300,5588500,12231800,7708000,2769300,2491400,19689500,7865200,62462000,32828700,4319300,60107300,1962300
2020-04-13,131022800,9293500,,6665800,1918500,1839000,2076600,5750000,64290100,2168000,1830900,134334000,1096700,25729000,5037700,26034100,83164700,10110000,689100,7888600,11990400,27944300,10519600,1725500,77438800,1682800,3335000,21593306,1290300,10222000,3120400,5138600,19592000,9990300,13854700,2740600,1655900,3024394,17306000,2361200,3800500,2680800,1287800,1036600,3613000,5758200,541000,2238200,7913168,99320000,22290100,2821800,18874790,16255600,2707300,14802600,38702000,4774300,46429300,4415600,3200294,5355206,2499300,23251900,2311500,8153200,26911900,868300,19586000,2087700,2289000,1237200,5489700,14107000,7114400,3182500,4896800,5398700,19355400,516400,3160191,8449800,11670100,7706678,13369900,41905300,30449900,10757200,11329700,116929000,5077600,639000,11597500,3278100,398408000,4507776,12694800,43697500,3785000,18270141,7926700,1094100,4250500,6382000,3438100,7896500,34049200,789800,730000,15181800,11191800,11531300,2571900,16740700,4771400,4123200,2900400,2421000,45209039,10381300,1547900,3955700,337131000,1641900,5209400,2964900,3355100,14043700,4668100,1523700,1831300,12977700,3596100,36068900,24194100,2401800,29651900,3188900
2020-04-14,194994800,11072700,,9861300,2875000,3858900,2187800,8025500,85306800,3029000,2011800,161744000,965400,23094000,8703200,33970500,88991100,14475000,566300,7032000,12337200,40466200,7166300,2460700,79840100,1799300,4940600,23264121,1905500,11082200,4288300,7334300,22882400,8254200,14797600,3390800,2479800,3847946,19866900,3636300,3812800,2622800,1748400,2145600,3872400,5410700,549800,1943400,7044069,74877000,21245200,3084200,21481602,14379300,3999600,12654700,63358000,4149600,37407700,5655400,3699283,5322780,3350600,25674000,3236100,13838000,46151300,1274700,21801900,2372800,3809600,1653400,5655000,16268000,6354400,3863800,5572400,6905100,21011800,368300,3968806,8526500,11312400,12155333,14471900,52874300,25738000,11673200,11337500,115810000,6397200,639100,12779000,3349400,530948000,2928403,11674600,40661000,6278700,21845309,10474200,922200,3663800,6154200,3496900,11314100,32458600,962600,1072200,16758300,10912000,12376800,2263200,20214400,4522300,5105100,2588700,2122000,42290546,8871200,1513100,4787100,458647500,3199800,8142400,4778900,4093100,9980500,4201000,1209300,2180500,16765600,3245700,64267100,34098900,3067400,30769000,2508200
2020-04-15,131154400,8977300,,14128000,2504700,2818600,2558800,7206700,83814000,3107000,1909700,137332000,1042400,25926000,10415600,39297600,99082200,11320000,590400,6138300,9994300,32249000,5652800,2697900,55875300,2597600,3390500,21111982,1648000,11354700,2937300,4042600,18428800,9272800,13982300,2972700,2938200,4172359,14157600,4310800,3694300,3100000,1069800,2424600,4022100,6256000,361100,2040500,8279511,74727700,24947800,2945000,27732155,11397400,3824200,12760900,42236000,6042700,34865300,5693900,3451221,5896616,3483100,22841600,2517300,11962300,30118600,1278600,12893200,2025500,3614400,1251500,7379600,15428000,10240700,4961500,5062400,7335700,17423000,690700,3640504,7415200,8269100,10809072,15590100,40940800,22389400,9990800,8304200,135612000,8053900,712300,8998000,3675800,366148000,3651835,10398100,47465200,5773100,21312196,14192900,2332800,3870200,5730300,4093100,9951700,22565500,836800,718100,16662100,10642500,11516400,1869900,22681400,5571900,5168400,1594000,1757200,49706800,10240300,1652300,5804000,353655000,3584900,5381300,7841800,3721200,12118700,5311800,1659500,2686500,18372800,3127800,41883900,22435200,2524700,33125000,2262900
2020-04-16,157125200,10326900,,27036500,3051800,3918600,1802900,8878100,103106500,2617300,1640700,240764000,974400,26896000,7526600,41364800,89213300,12210000,764900,6228200,8086400,37756000,5926400,2038600,59788600,2678800,3561800,22379045,1200600,13220600,3940000,4391500,26178000,11098600,12291900,3623700,3642700,4819718,18029300,4086300,2335100,4020600,921300,2717300,5423800,6638800,521700,2961000,6367183,58951200,24789600,2238700,33241115,20935400,4632800,11501700,57896000,4662200,26960600,7262800,4261719,6754650,2675800,24433500,2806800,12181700,32449600,1563000,17606800,1806700,3512900,1568400,9034700,20778000,11455400,7120800,5613200,7143600,23593200,683000,4987798,7429400,11792600,9145058,27913000,50479600,26589000,10331200,7570800,161287000,9373800,879700,10382000,2652600,745620000,3052553,14098300,40453900,4564000,20657451,12020200,3105100,2887300,4531900,4363300,8819700,24760200,1206300,765700,14108100,11946800,10852100,2226000,18242900,5003600,8421600,1265100,1353100,43074884,13209900,1830000,4796400,309868500,4626500,5777700,7738900,4303400,20308200,5133200,1708800,2172800,17825800,2492900,52962100,31882200,3074700,30934000,2064000
2020-04-17,215250000,10734800,,16074800,4759100,3342400,2323500,9367600,76908800,2864200,2328100,158600000,1755600,34089000,8269000,52389400,92800300,17282500,977200,8272200,19998000,41252900,4132300,2058900,60675100,3482700,3762400,30661952,1597100,13162600,3688000,7312900,30701500,8006300,16130100,2828400,2468300,4021546,17926900,1799400,4299100,5032100,1265900,1954700,5357600,10886100,502600,2450900,8010467,91989300,38253400,2464000,33287181,94348500,4952300,17166300,51050000,5426700,34351200,6717600,5040493,5194436,3854600,27385600,4096800,10920000,30191900,998100,19844600,2634400,3709900,1768400,7136000,18316000,10412100,6467600,6323000,10669600,20974800,666100,6450148,10455400,13646100,15433162,25074500,52765600,23388300,10952800,10473200,126163000,8111400,1236800,10642000,2111700,539120000,3976502,13608800,51691000,4866500,24404843,15899800,1716700,3678400,5352200,5601700,9926000,24741700,2133500,1073800,14111000,14268400,13305000,1824300,33939700,4648100,9279000,2667700,2538900,45884809,15547100,2057200,3847500,196923000,3703400,6100000,5857500,5850100,15375800,6855700,1203100,2166700,15054300,4518200,46985000,30915300,2550600,40829100,1977600
2020-04-20,130015200,9126300,,17251400,2511700,2772000,2331300,7041200,72367300,2824000,1281800,115414000,800500,23801000,6140400,34983800,74446300,11480000,589500,6474700,10392400,33471900,4083800,1883500,41265200,1861500,3187400,19680282,2660200,13226400,3156300,4686000,23438800,8217900,15749000,3369200,1974900,3017851,17021000,2077900,3144000,2946100,1011100,1597900,5376300,6680800,519500,2181200,6933311,71079400,19590000,2242000,20001786,31003600,4189100,15912400,35292000,4674800,41649500,4753100,2683269,8558058,4323000,26420300,2156400,12226200,23679400,634800,18957900,1598100,2562200,1487200,5271900,17823000,6042700,3856500,4356600,7040800,16110700,621000,3460028,13229600,9923400,11675768,16573800,36669600,30463300,8714400,8867500,126558000,7244400,695700,9385000,2033800,449388000,2382475,10358900,74975500,3995400,22530620,10832000,1544500,3187900,5953700,3468500,7217700,15153000,949300,1031600,10564000,9684700,11016500,1747200,21290600,4436400,6498400,1512900,2238700,40492157,8325500,1717900,3508700,221199000,1881800,7957200,4072600,4359500,10505200,5451300,1347900,1967800,14002200,2844600,45441600,24401700,3454300,39260800,2418600
2020-04-21,180991600,9627500,,12030300,2711400,3548200,3013900,9359600,123906400,2672900,1925500,149534000,1498500,29138000,7360300,27043800,78871300,16317500,1200700,5882500,11514900,35336200,5743300,2103500,40644500,2452800,3142800,24545802,2532600,13639500,3833000,13737900,31661000,8569700,19620600,2962100,1958500,3420096,16101400,2560700,3682900,2483200,875200,1617900,7351700,6313900,420700,2400300,11058555,82400200,30596600,1605600,15539929,19989400,2695000,13507300,49648000,3819000,34791200,4845000,2565604,15009054,3154600,25248000,2728500,9951100,23035000,1284700,26863700,2010000,4270200,2042000,5541500,29990000,5964600,4758300,4636400,8171000,24850500,834700,2787996,15089300,11871900,17876574,14134900,56203700,32482200,10622000,8977800,231776000,6597000,813200,14464000,2043700,735160000,2469886,14111700,62591200,4359500,23975233,9465400,1142800,4255100,7726900,3287100,9273800,15515200,1026300,810900,9877400,10345800,9671800,984600,22926600,5497900,6130100,1856200,1890100,57214144,9508600,2183500,3946400,303136500,2502900,8799800,3977500,3793800,10562100,5692800,1068400,1602700,14234500,3127900,41918700,27900600,4284700,44381600,2607800
2020-04-22,116862400,7033300,,8369000,1921200,2231500,2512400,7785000,63041600,2845100,2041400,84244000,1318100,35438000,5130300,22734500,49669500,8915000,842800,5470000,10398000,21888100,3794000,1649400,38548100,1756800,3498100,21465159,1794300,12048400,2970600,6660900,18330700,5740400,10320700,2892700,1280400,4400892,11463800,2081400,3089900,2558900,985400,1174000,3726500,5273600,434000,2639300,5731656,62237200,23653400,2082500,15398901,13970300,2816800,9547300,46296000,2314500,39590700,4067700,2790112,7412479,2237300,23350400,2332200,11515600,16662400,1207500,15811600,1376400,3278000,1188400,4770900,35658000,5083200,4243600,3702200,5691200,33242000,956100,3288522,11190800,9891700,11933890,10449000,34620200,21346600,11759600,8479100,210848000,6463000,676200,7109500,1603200,483356000,2075146,9668300,44530500,4084600,20182624,10259400,997600,3317900,4868300,3071800,7365300,9840700,825800,671300,9439900,11347000,8397300,1117200,20596000,3662900,5913200,1112200,1207000,67184129,7715700,2321700,4261100,212482500,1938000,10961000,3663300,5099500,14502500,4678600,891400,1546000,12701100,2260800,28043300,19448100,2515600,27074200,1943700
2020-04-23,124814400,7869600,,10567500,3027900,2120300,2426400,9048300,69662700,3226400,1419200,101332000,1113900,21659000,5807200,25936400,50614800,9317500,512300,6211900,8425200,23970700,3545400,1537200,46795200,1024000,4041800,22614211,1348500,9849600,2625200,6281400,16100200,6053400,14226500,2532000,1377000,5778067,17132200,1927400,3298100,2737700,1296900,1587400,4729000,7565400,382400,2289100,6435881,61959800,21015100,2021100,16611930,65439700,3167900,10673000,34202000,2013300,43765500,3565500,2956370,7198154,2204600,35092000,2280000,10665000,16638800,1404500,17668200,1249900,5692900,1164400,4096200,26249000,4270600,5050100,3385000,9781200,21426600,593900,3092019,7182400,9947800,8152497,8694800,32790800,22273100,9360400,7648300,139523000,5343500,1104400,7284000,2363600,424160000,2113330,10330200,55054600,5527700,20185365,17277000,970400,2974600,5332400,3419800,7673800,21504000,739500,876200,9320000,15513400,8748800,915300,20619600,4653200,5861000,1699400,1567400,45031226,8092400,2668100,4537100,198550500,1485300,5374000,4420500,4061800,11411300,5164500,2290200,2770400,15684400,3409900,38331500,28839900,3083700,35271000,3259300
2020-04-24,126161200,6770700,,9016100,2121100,2143900,2828700,7663900,72761000,1946200,1775600,76498000,811900,23373000,9125400,35884700,47633500,8362500,517600,5205500,8100900,26282100,3045300,1475000,39084700,1346700,3549700,20473596,1483600,8683900,2019400,6710500,14639200,6098000,9175500,2410900,1498500,4481093,13614100,1448200,3723900,1753800,1272900,1390700,5052900,5192300,459800,2083600,7518926,54320400,34635000,2111000,31222349,24424200,3215300,11990500,37402000,2024400,46122800,5025200,3011012,5215251,1804400,50187000,1553700,8653400,15809200,1492500,15175000,1187700,4414000,1029200,5432100,15289000,3824200,3319600,4548600,6263000,28792000,582000,2687532,8785500,10755800,7686451,8567500,34277600,16581800,8029200,6970900,86589000,4450100,560400,7375500,2393500,352328000,2586192,9403500,40991300,4063100,17353794,12751100,1052400,2916300,4193500,3399900,6071300,14773900,837100,850600,8557100,8456000,8043200,807300,22709600,4860100,10103600,1124500,1230800,47061315,9493400,1987900,3564100,198180000,1137800,5570200,3265000,2792400,8391400,4012500,1541200,1805800,15371500,3339800,35135900,17343600,2868800,28653800,1945400
2020-04-27,117087600,9209700,,6838200,2457800,2375200,1956200,6587400,62568100,2472600,1557500,112912000,1194300,16588000,7785000,34563000,66916700,11422500,613900,6622400,10040400,30929200,5344800,1626500,54811200,1529700,2926700,23234565,2104600,8302500,2287300,5036400,17937900,6728200,12037100,2412300,1528900,3634416,15518300,1746300,2593100,2352000,1783300,1794200,2852100,4777200,349800,1992300,5787596,91082800,21960600,2395900,21475783,14640700,3134100,20240600,44186000,2743100,27910700,5472800,3329100,5150295,2273800,25902200,1280100,8924000,22870200,1030500,19175500,1542000,3210300,1457400,5336500,21361000,4099900,4048200,6619200,8014600,29197800,721000,5555300,6066300,7702500,12786753,11619400,33194400,16667200,8457600,5424400,62775000,6875100,764500,5781500,3438000,479388000,2601982,9123200,39972500,4009200,23394057,10635700,1092800,2539400,3915900,3234300,7219500,19029200,1467800,1057900,8305700,8258500,11030800,1401000,17717100,4661900,7038000,1289700,1549100,44116607,10028200,1878500,3726300,310221000,1236400,4728000,3706200,4362300,9903300,3813900,1325300,2181600,16050100,3253000,39606100,17923800,2752000,28274400,2202200
2020-04-28,112004800,8341000,,7805500,2160100,3895600,2129700,7759500,80501800,2548900,2091900,105388000,1093400,18988000,7165900,37806900,65504900,15337500,655700,6674600,8984200,28973300,5604600,2059900,90378200,1347600,2995700,17027933,2140200,9445700,2425900,4731800,16427700,7346600,10645200,2567700,1752100,3459125,16503700,1656900,3135500,4647900,2385200,1789900,3973300,4409600,374300,2249200,8890643,106222800,21404000,2738700,28223273,9778200,4588400,22085500,80700000,3344700,28508700,5080700,3583952,4997893,2333000,28784700,2001000,8558700,20238900,1198900,17246700,1896700,3270200,1313900,5588400,17316000,4344000,3805000,7225000,8869100,21731000,769200,9919744,7098500,8460700,20273560,12778400,34392700,25234900,8464800,6062200,101012000,5145400,696100,11273000,4238400,442904000,2785058,8350500,46179400,6674200,35666728,9958000,1688500,3141800,5487400,3851900,6250500,23428800,1128200,2397600,10477000,12801400,7674800,1564500,18234000,3713900,15427700,2048000,1557800,40944435,14079500,2361400,3356500,228330000,1654600,5762300,3862900,10400900,8614400,4570900,1214000,2338300,13392600,3697000,35188000,20732100,3176300,26545100,3098400
2020-04-29,137280800,8231700,,7068300,2957600,5006400,3387600,8946300,110800900,3365100,3505800,91832000,1323800,28871000,9396500,60454400,73493900,17575000,638000,7645000,12659900,32941100,4261100,3280000,111882500,1844500,4675700,20390583,2394400,12958100,3667700,5256700,17430100,7689300,12342800,2737000,1563200,3028454,20139800,1901400,2997600,3911900,1638100,2080800,2902000,6661500,605800,2563300,6436302,126393000,22248700,2172500,45188986,78230200,4115100,23541000,108358000,3086300,37511600,4381100,2812923,5499450,2054500,30451500,2138700,9285200,20462600,1518900,15780000,1282300,3240700,1500400,5205500,21558000,8505000,3465200,7414800,9774300,45954500,761300,4768572,7350400,15179700,13687194,15880400,51286600,35743000,9901600,7349200,96931000,9461400,2044500,17389500,4256700,379160000,3696830,9064100,59582800,6706800,26518535,8707900,2449100,3151300,4583600,5191400,11950200,28659800,1306300,1492700,10327900,24575500,8225300,2886600,19406700,4590300,16205700,1757100,1817000,43903972,10941200,1936600,3110700,243240000,1492400,4936900,4258400,9974000,12862800,9892400,1478900,2401700,17818100,4084100,38515200,44612100,3760100,29502500,2905300
2020-04-30,183064000,15535800,,7978300,2740800,3902200,3253600,14457000,65543900,5704500,3410300,190692000,1284000,23379000,6553700,37876600,55244100,11272500,580300,8217800,11143100,28687000,4040500,3669500,87744900,2732700,7128300,35437738,2413200,11760700,3794300,6830700,26679900,7361400,12222000,3145000,2054600,3999550,18638700,3019700,3536500,3506700,2138400,2098700,4807900,5449300,752000,3597600,6952378,93437900,21663600,1970400,35254082,39332600,3263000,15272400,55842000,2695400,45404700,5152700,4766649,6941047,3764200,26279900,1686600,14829600,19127600,1241400,20801100,2104400,4175800,1343300,4814100,38871000,5898900,7127200,5900800,13343100,46230100,584300,4386689,13830900,18487300,11638878,13431700,53875900,28585400,17934800,6981800,79540000,9371400,1137400,26947500,4537600,375916000,4705610,11808800,44491700,6783000,29450973,10026400,2425400,3377000,9192200,5993400,17113500,21274400,938000,1391000,12472200,15186000,8061700,2059200,25829800,8494300,8992000,1916400,1947100,53955516,14765400,2215000,3938100,427078500,1210200,5781000,7631700,6262500,11331600,6676400,1262400,2825200,17532400,3994700,29506100,40497900,3659300,37076300,3075300
2020-05-01,240616800,12705300,,6839800,2064200,2578600,2742100,13583100,69562700,3045400,1896800,195452000,827200,26836000,4620200,36613100,51772600,11462500,526300,7513700,7484800,28078900,3960400,1553200,63622500,1614200,4497000,21288357,2457100,9256700,2525400,4276900,22095300,7715800,13250100,2679700,1603100,2397000,13209100,1316900,3036700,2378600,1356600,1240800,4095900,5699200,346700,2505800,6808533,82660100,25342500,3141800,24151935,34498100,2606300,17874500,48872000,2650200,28085800,3819300,3905647,5152073,3026200,21194800,2041500,7309000,18547700,2692500,14290400,1169200,2576400,911600,3811100,57151000,5067800,3764800,6508000,7063000,30415600,455200,3499974,11765500,7456900,9518565,12806200,39370500,28194000,9168000,6214100,82999000,6151200,849700,12249000,2802800,342096000,2920870,8702400,36902400,4488000,22679867,7366400,1692500,2643300,4782300,6626600,9742100,20273800,482200,701200,13680400,11216700,8176600,1241100,18752100,4758700,6430000,1152000,2118200,48791121,5910300,1603100,3162000,487977000,1428300,5839800,3526100,5415600,10109600,4667800,983900,1940200,13857400,3325700,35197600,31143900,3324200,35399300,1738300
2020-05-04,133568000,6833000,,5036800,1710500,2372000,2419300,7798000,62590600,2035800,1642700,97318000,1345100,17046000,4875400,30708900,45886100,11785000,634900,9448600,5631400,26340200,4500700,1803800,74722700,1525600,5031500,26574702,2274600,12515600,2477500,5974200,15997700,6372000,11192400,2234400,2277200,1865261,19514800,1389700,2947400,3284800,1101800,1241600,4255100,7710200,515200,2839900,8642769,84214700,16969500,2410400,27457604,19203000,2266200,16188800,30806000,2990100,25440100,4090900,4374503,4202723,3015400,18957200,1493100,7198400,15725900,1473200,22544200,1828000,2228500,1077900,4088100,26313000,3747100,4027100,4582000,6857100,19250700,740600,2666841,9177300,13776100,8850255,13985100,30372900,21377100,9077200,8285100,77991000,6348900,576400,12689500,2115100,317556000,3383515,7567900,37197400,5245300,19893512,5636000,1820500,2212200,4589800,7575800,7202400,22844900,885600,1273600,15623300,12921800,7292100,1184400,23079600,4480200,3763600,1187800,1590800,46557268,10082700,1189000,4212200,288556500,1527500,4987000,2894200,4784400,9386200,6629800,1157800,2650300,11833600,2199000,34343900,17807700,2682300,27465600,1833800
2020-05-05,147751200,10927000,,6747900,1621900,2377400,2982800,8220600,56560500,1975500,1421200,64850000,1106400,26462000,4410300,30621000,45691900,10647500,525900,9016300,7002200,27342900,3477400,1174900,89357400,1440300,2458000,20042635,1678200,10096700,2460900,5264800,15060200,7846500,13608700,3862600,1125500,1693128,30169800,999100,2781000,5060600,1092700,1177000,3124100,7181600,321600,2260100,6779091,96301300,20285300,1703100,23474184,14925900,2344500,17802300,39666000,3272600,30398500,4655200,3312760,4078772,2676900,17252100,1518900,6562300,18064100,1868900,13370500,1171900,2862600,1270900,5237000,22686000,3926200,3828400,4376000,5221300,21071200,1391300,2713963,9590200,13474500,7401395,8951200,36839200,21007500,8042000,7367400,62863000,6321500,595700,14886000,2726500,368896000,3513650,7271800,49502200,3580000,24123952,5425200,1405200,1845400,3696400,6934400,7540800,25370100,1550700,759100,12776400,12976000,7645300,1121700,15936300,4002700,5189500,1049700,2119300,32604956,7951000,1139900,3020100,254875500,1578300,5242400,2501300,5001000,13513000,6329600,1401000,1934300,10902400,4909500,56753400,19337400,3186000,29276200,2445800
2020-05-06,142333600,17042600,,4248400,1474900,2319700,5099800,8594600,48138100,1980500,1441400,62356000,1314400,22727000,4723400,29627700,53874600,13165000,520900,9003000,6826300,25028000,4465300,1581600,50586800,1438600,4551400,21502077,1575700,8213000,2406700,4112600,16040300,16386000,11145900,5276300,1150800,2460732,51992400,1107200,3581900,6082900,1185300,908800,3597600,3247100,388300,1825500,7051499,89390400,10883500,1917100,23525367,12591900,2791600,34430500,31732000,2408700,19837800,3321100,2492820,4042372,2318900,17848700,1468800,6191600,20978000,2422700,11892900,1336100,1964800,1089800,4435200,23508000,3261900,3916900,2930000,6255700,21857000,1061700,2593646,15203600,7794700,12414922,7817800,32139300,22011900,7377600,7239500,66607000,7342300,570600,11952500,1563700,323464000,3101573,7050000,57659000,4192200,24047432,7892200,996800,2277100,7199100,5972000,8179700,15416900,1906200,521300,8822100,12740900,5791200,1025700,8990700,3796700,7686400,881000,1474600,59704721,5804100,1215600,3840900,166848000,1363300,3701300,2579200,3630300,8540500,4406000,1781600,1290200,12460400,3521800,57732900,17309100,7734500,22659000,3393900
2020-05-07,115215200,11941800,,7255000,2295400,2465200,3833200,6645600,48956600,2451200,2548900,67928000,761700,18238000,4627600,29525000,51884300,16370000,537100,6698000,8829200,29849100,4377900,2337300,39715800,1127400,3985800,18632381,1716900,9520700,2601800,6460900,20173600,9783700,9749600,4363700,1059000,8317872,20868800,1655600,3426400,3579000,1014400,1003400,2763800,5907500,663100,2219300,9224179,67222900,18687300,1842100,20196745,13491700,2576100,16977100,30652000,2480100,20163200,4501300,3285387,4615580,2064500,14733500,2835000,5570500,16771900,1682200,16466000,2295100,2330600,1462000,3206700,15417000,4371400,3039600,5934600,5993500,15152000,534500,3349757,17855900,10622100,12602410,9348900,28316000,16372100,8692000,7032400,56419000,4565900,593100,13775000,1803000,373732000,2977836,7154700,35565400,5528000,33546080,8762800,831300,2704200,7019200,3586900,7291800,13834900,1132100,647200,26893800,13360500,10672300,1172700,14609800,4697700,6753600,1282600,2222900,42122133,9375000,1795100,10442000,172915500,1442200,3601300,3162300,3309800,9262200,4307100,1066600,1622000,14083100,10992400,52387000,27345600,3252900,22160300,3098000
2020-05-08,133838400,20188100,,6167600,1778600,2547200,2409200,8082200,40686100,1534300,1879700,64132000,808700,16757000,3913100,22695700,45181000,21935000,450500,5793600,10191900,22905200,3911300,1370000,41461800,1300600,3938600,13848593,1445600,6974200,2337400,5403400,21959100,7320900,8585900,3236100,1727400,10505628,24079700,2077100,2875200,3597800,1052600,969000,2938200,7284300,439400,1555100,11426580,101207100,20157200,1770900,18787072,10539200,2039600,16554500,33326000,2277500,21288400,4365200,2907564,5232615,2126700,20384500,2776200,4712100,20487800,1265400,13985100,1841400,1966600,1130400,3951300,28381000,3215400,3411600,6769400,5846500,12506000,558700,2594961,8451500,8061600,8791672,12096400,30877800,17437100,11308800,6370900,50493000,5488000,664800,10516500,1614100,339216000,2546150,8130800,31255200,4209100,19893618,9279900,1487800,2249000,5573700,3275800,7887200,15948800,698900,698400,10177300,11917200,9489400,1477200,16418000,4349200,8335500,852000,1991300,31824326,5586500,1616000,4851100,241297500,1314400,4331200,3200000,3418000,6470100,4405300,1210900,1084100,11097900,6798900,53725300,20830800,2529000,19977400,1617500
2020-05-11,145946400,19219800,,7239100,2013800,2266200,2496900,8211500,68746400,2163700,2040700,65184000,852300,20851000,5917600,20055400,68951800,14117500,699600,9235700,7992300,34765200,4207300,2017700,36936900,1068100,2797200,23215893,1950200,7076800,1865900,8696000,26182700,6912100,7101000,2791000,1356000,7122982,20555900,2087800,3924200,2899100,1193000,1157400,3662500,5279100,558900,1786800,10123702,75734000,16171500,1863500,14414337,13340500,2957900,16754000,32718000,2212200,17674300,4378300,2500140,3697924,3081300,18684400,2318700,5887500,31907600,1145800,10874600,1894700,3196200,1287800,3863700,17626000,4056900,2631300,3881800,5329700,12911900,774100,3629382,8254900,7232900,10622528,10106400,30892700,17353500,7854400,5997300,54860000,4937600,922300,7882500,2326800,469060000,2471124,8138600,22899400,3591100,25620421,6947500,2037400,3627800,3916800,3441800,6604600,9389600,1040900,837100,10652600,9004500,9750800,2395800,12661300,6946800,9361400,1206000,1260400,38691782,6726100,1313900,3732800,247794000,2106600,2723600,3490700,3118400,8683100,4981300,2016500,2068500,12636800,5063400,51444200,25341900,2426200,22258000,1888300
2020-05-12,162301200,23492300,,5384200,1912300,2071800,3699100,7479000,55631100,2241000,1852500,61498000,1062800,18764000,5504900,22579000,69588700,12672500,3499000,6470900,8027300,33328300,3874100,1961200,35482300,1334600,3961400,18280911,1307700,7375900,2264900,5904600,25817100,10781900,8749100,4554600,1392500,3638702,17049700,3860300,3524700,2875700,919100,1311800,2893900,5286000,1527300,1996200,10488082,70965200,21145600,1979400,19191335,12140800,4541900,12182900,33918000,3549200,21854000,4399600,5167494,5004587,2624500,16754900,1482300,7039200,27962900,965300,13424400,1741100,2329400,1447700,3685200,17645000,4031400,3610600,3759400,4474500,14704600,621400,3623880,12086400,7025500,9544660,13605600,32038200,26738900,9565200,5181700,45982000,5622600,1098300,16954500,1924900,493060000,3480110,8598800,27103700,3914600,19335314,6734400,1667700,4440100,4703300,3117400,7318100,10499900,918600,713700,10906200,8549900,10475300,1867800,14169600,8897900,16602200,1303600,1295400,46632472,6713700,1510000,3773600,238603500,1448000,3547100,4214300,3504600,8219700,5030700,1283400,1727500,13117700,7700800,53560500,19100100,2325900,25439100,1889500
2020-05-13,200622400,23562600,,11622500,2349300,3365500,3673700,8696600,76824700,2292700,2200600,95658000,1128400,21927000,10681600,26002000,112113400,19522500,9666100,10258900,8053500,35350600,5376100,2143700,57274000,1845800,3864200,32968486,1508700,7666400,2954900,12534900,36986700,10931400,12215100,4172800,2027400,4644314,21085800,2474700,3998300,3079200,1433000,1711400,3649400,5768000,1572000,2336600,10290400,100192300,18122900,2905900,47299141,11166300,5467300,16832600,40368000,3445300,24155200,6237200,6139158,6153409,3332700,21065000,2297400,6970500,35451600,1805100,15854800,1857300,2650000,1287400,6643300,25459000,4802100,4729100,4468800,4569600,20684600,743400,5747976,13141400,8503600,10935146,11565900,44711500,35117500,14076800,6876200,70146000,6739800,690600,14474000,2895100,625852000,3134081,10274300,35258100,5168500,24596882,9312600,1892300,3935500,4541200,3687400,9584800,22563500,1058900,1044400,13948000,11532700,10168100,1466700,15827300,7166300,13982300,1642500,1808000,65226860,14312400,1791200,3256900,285982500,1517700,4653000,5474100,3690800,13377100,5721100,1460400,1644900,20604500,6717000,90209900,29175300,4288000,30827900,1879000
2020-05-14,158929200,13379500,,8189200,2773300,2752000,3766800,15839000,73814000,3322700,2112500,72962000,958900,19912000,10625100,37499200,88359100,17717500,11804100,7013600,6564800,40976400,5542400,1718500,56189700,1838700,4999800,25965338,1505500,6718700,3718900,7442300,50417700,8854900,10678200,4005900,2720600,2921746,22002200,2624100,3649300,2802800,1748900,1300700,4718500,5903800,800500,2734000,8849985,108061100,33955000,3254700,28130338,10711900,4164000,15629100,36660000,4176700,22312000,6434500,5544998,5501332,2450400,21569400,1605600,6871400,35152500,2683500,18000800,2442300,2393900,1776400,6097900,35760000,6294200,4868400,4683400,5148800,17178900,758000,7053649,9128800,7941400,11407585,14986600,41873900,27543500,11595600,8611300,90075000,7431800,1121800,11536000,2669600,602312000,3323556,13794000,32064000,5522200,22362507,9310000,1462700,4389700,5878300,3159700,9956800,22829500,702300,1490200,16745200,11932300,10143000,1631100,13323200,5028800,10654900,1253700,2226700,52730948,11424800,1147600,3990100,205233000,1165200,4396100,5704600,4031700,9695100,5237900,1870100,3076100,15859200,5266400,87965500,22233000,5046500,24856500,2246800
2020-05-15,166348400,14071200,,13609400,3630000,2626600,8018100,20755900,66950900,3111500,2246800,84700000,1441300,21650000,6618600,26756800,64484000,15815000,5957000,5937500,10291500,28494900,6583100,2593900,36812800,1305200,7939700,33686897,1802900,7242300,4577200,5673800,30573000,10420600,10113000,8694600,1649600,6301121,29766000,3107400,5250700,3268100,3032000,1174100,8300000,4004800,564600,2661200,16426813,80544700,17750400,2940000,25779038,12350800,4684900,14221300,41544000,2867800,22989200,16176300,4944578,5006470,2595800,21373300,1386300,10340400,26099000,3709900,31579400,2829400,2824500,1854500,8950400,36819000,3813300,6879600,5079200,6039000,19383200,498900,12095985,12566000,9469100,9367234,9175800,46610400,28803900,20232400,7419300,72440000,9165000,1672600,12523500,3585600,987660000,4991681,39055700,27756400,20338200,25460002,10694800,1380200,4971900,3727000,2830600,29597800,18249400,865700,3215900,22048800,9489100,6780900,2658900,10347800,7756200,7579200,1960800,2898800,42699397,20593600,1614500,6715500,157776000,1749300,7237700,12182800,3990600,10785900,3768000,2076600,1740100,10174000,7250400,51616700,31770000,5744300,22445600,2921700
2020-05-18,135178400,16300200,,7646500,2254700,2351900,3470500,11293300,48569200,5631400,1792800,87144000,1159300,26531000,7781700,43781800,86589400,33050000,5587200,7458900,13687100,39383300,5603500,2565900,79741300,1257900,5017700,26490836,1338800,9047300,3987300,6398300,26966500,6819400,12304300,3394200,2450900,3875921,40044600,3194700,6747800,4335100,3021800,1324500,4306100,6340600,586600,1916500,8842975,136157700,33445500,3602300,51073738,16586800,3334300,23277000,47094000,4505800,40033000,8314800,6793371,4399162,2872200,20428700,1758900,7388400,30504400,1492100,26118500,2105200,2703700,1879700,7729700,26604000,6037800,4653000,4543000,8508100,20151900,667900,7196452,9826500,13224100,12552630,14722400,35264500,20307800,9123200,8210200,77735000,8517200,934400,8772500,2172800,774460000,3526344,9901900,39883800,8480300,22635177,10020800,1432400,3123300,6661100,4530900,13191000,29372600,962800,1514400,19741400,8903200,15300500,1856700,22646700,4266000,9214700,1773000,1937000,46244540,13385100,1396000,6383600,174987000,2692500,6527200,4015100,5509500,11802200,4418800,1288300,1727000,15735900,5163000,55684400,38633700,2177400,32026100,2762800
2020-05-19,101729600,9892500,,7693100,1784100,2753700,2781100,10535600,60388500,3835800,1542800,86410000,720400,18702000,4920600,32373000,62179000,20710000,2099700,5574800,11366700,27271600,3404900,1349800,51347100,997200,5304100,29623334,1044600,6126300,3523000,5264000,24345400,5061100,7749300,2743100,1859400,2835679,20332600,2040800,3020800,2517900,2594400,1013100,2672600,3559100,455600,2356200,7440554,94836300,27629300,2484600,21766084,14152000,2579900,18484600,31586000,2210500,26264000,9387000,4697896,3390191,2656300,21865000,1192200,6107300,19597300,1074800,17839900,1774400,2339400,1087100,7041000,19015000,5211800,3365000,4026400,5640000,31843200,480100,4855640,10010800,13057200,10591822,8895500,26799100,17389500,6532800,7241600,48105000,6514100,564000,8610500,1119700,717320000,2423652,9805100,28708600,6640300,19476234,8047600,1432200,3093100,4830600,3736700,8118400,17966900,737900,989100,14442300,6484900,7009100,1665000,12776600,3199300,7025000,1237700,1136600,46628367,11220300,1201200,21394500,144547500,3227000,4594800,3059400,3674300,7446800,4573100,928800,1267200,18467100,3241700,48234300,74746200,2547400,21771600,3335300
2020-05-20,111504800,10661500,,7488800,2294800,2824700,2160200,9824100,50888200,3714600,1346600,79962000,781700,18605000,5218500,21835500,59789500,17500000,1496400,5455600,10708500,23841300,3735700,1816900,40132600,1617300,3406100,24672775,950700,7203000,2827000,4951200,20184500,7046500,9160000,2115200,2399400,2380306,25749900,1979200,2710900,3530400,3473400,1122200,3218900,3303600,590200,1905100,6915365,87685400,25585500,2604100,18315596,13429500,2206100,14056800,38262000,2599900,28188200,7534200,3129632,4017372,3702000,30584000,1964700,5713400,20552400,1302600,22295900,2300400,3780800,1880500,19289700,20597000,4592200,4920800,8132000,6851900,50162900,468800,4100845,10310900,18678500,11027685,12031600,31261300,17876500,5847200,7607900,56073000,6347000,899000,7318000,1674400,587536000,3298582,9115900,29203100,8213100,17504200,6593800,875400,2519300,5298200,3501500,11379200,22451000,840800,840000,10344800,7790500,8876200,1890000,14142800,6340900,7010000,801200,1510400,50178408,9771600,1352300,5978700,109639500,7065900,4961600,3200600,3291700,9545600,5337200,1476900,1436500,21405400,3423100,45297100,32246400,2612300,19352400,2303400
2020-05-21,102688800,10393200,,6148300,1373000,2261100,2108400,7467200,48496100,2377500,1263200,102288000,736200,14847000,6241900,48263900,57726000,15797500,1007600,4059900,24248300,21698300,2342300,2254200,50573100,1072300,5171900,22134061,1807500,6646000,2492100,4429700,18674900,5484100,8830900,2387200,2100200,2570486,17578300,1886700,3108000,2257100,3440600,1084300,2602900,3881100,512300,2130100,6106832,87098200,27813700,1740300,19827132,7193500,3384600,14320700,30894000,2153500,22874800,4772700,2519132,4184941,2397500,20987700,1395900,6487300,14621400,1001800,13193500,1891600,3049800,1179100,9727900,17727000,3944100,2913600,4688600,5844400,47782600,468300,3335764,10212100,11427200,9000329,9654200,29119500,17445300,8308400,7481000,91173000,7504300,733400,4958500,1533300,761068000,2457295,7464000,35671400,4886300,17652181,6552700,770300,3091900,6851900,2299500,8141500,28093800,812600,789700,10309900,10312600,7426300,1605300,17533800,3198500,6061100,725200,1663400,51200272,23101500,1175900,5586900,183819000,7409600,4381700,3604900,5452100,11338100,2959700,961000,1315000,18201000,3393900,28376500,22448100,2630500,19130700,1413100
2020-05-22,81803200,5507000,,5184500,1317500,1688200,2186400,7121000,43524100,2334300,2812700,57342000,775100,17452000,3734500,21098800,48107000,14365000,632700,3584800,28426100,22631700,2735100,1874000,29208000,818700,3427400,13212661,999000,4674000,2366400,4965100,12592800,3495900,8563100,2977600,3427600,1673162,9288200,1518100,2760600,2287300,1656100,889800,4231700,2500200,503000,1784400,4691793,76656500,21058900,2245900,13961540,6268500,2089500,14317400,28544000,2176400,19319100,3041800,3138438,4373117,1747500,14103000,1669500,6140900,13557900,666400,13008400,1676000,2355000,752600,6064700,17559000,2897000,2475200,3631000,4240900,33925600,434900,3183034,6943400,5682700,6357482,6468900,20826900,13385400,5990000,4513000,54223000,4049500,723900,5030500,1162200,1038764000,1893720,7211700,26334300,3429200,15781226,5571900,705800,1276000,2605300,2036100,5530400,15272600,653500,736500,6510700,7653300,7300200,837600,9974700,4437800,5301500,621500,1669900,35269109,13446900,1098200,4849300,149812500,2233800,3061600,2922800,2406600,5807600,3521100,1013900,1066500,19960000,2387400,30415300,22359600,2018200,15406400,1602400
2020-05-26,125522000,11869800,,6243800,2408700,3526000,2952100,7757600,51618900,2397800,2833600,71364000,1043100,23573000,6559400,30338300,119485500,30025000,1064300,7107600,12272300,34429300,4185100,2657200,59226200,1542700,6475600,23031088,1595700,7702600,3234600,8353600,21776900,7974400,9430000,4157600,2500300,3494093,16466400,1969400,3910200,3260800,5241700,1248100,3461700,5685300,573200,2683100,7994344,86046300,26165000,3823000,25984590,12308100,3530600,18870500,44590000,5971200,23319700,4535200,4636782,5720888,2689600,20933600,2469300,7072300,41233900,1911100,22223100,2214300,5013400,1596100,7684000,19099000,5246900,3990900,10316600,7378200,33178300,663200,5521095,9596000,10481800,19146017,19709900,36073600,24303900,7658800,11325300,78811000,7185200,1217700,8573500,1910200,770780000,2943470,11200600,28033000,5579300,23260094,10432400,1908800,2743400,5627800,2747400,10067300,27211800,3742000,1667900,15937800,8422200,14756000,1377900,11760900,6801200,10442100,1695300,2878500,54791357,12240600,1647700,5007200,121345500,5916700,4822000,4567800,5563700,9662200,4833500,1791800,3487000,20830500,5301800,57720300,23730600,2701000,20356500,2322300
2020-05-27,112945200,12529500,,5420600,2000500,3553300,3547600,9071600,102414500,2932100,2311000,101138000,1025700,22812000,11007700,32799900,117672700,25447500,1182100,7410500,9472800,43660500,4462700,1690800,88455700,1288200,3811400,22038778,3862800,5768100,2980200,6340200,22157200,7118400,7822600,3575500,1936400,3508870,19345400,2158500,3606600,4978700,10254900,1348400,4238800,3968600,555400,3190800,8443966,110413900,21025400,3203000,29644242,11752300,3316500,15030700,31684000,8182100,20093700,4664800,4553494,5990965,3450100,19886300,1863000,7950000,39402000,1659600,18447600,1603400,5376100,1986900,7615500,24587000,5147900,3993400,20745600,9120000,34697600,1223000,7243335,9502000,10878100,12828987,25892400,39517100,56071500,12343600,14701700,104463000,7915900,934600,18805500,2246700,1175892000,4293946,9228100,31403000,5686500,25904158,8279700,2149800,3045000,5959800,3328100,9125900,31922200,5902600,1399200,13951600,8245300,13261300,1355100,13778600,4483100,9220000,1182900,1907700,57514957,10793000,1744400,4540400,173242500,5231800,4079400,5618900,4436400,7650300,4359800,2153300,3189300,17063800,4426300,61963000,31073700,2986000,20788300,2287000
2020-05-28,133560800,8765900,,5316300,2280600,2903600,3752100,7234100,53670200,2591000,2190900,63804000,930100,18543000,9268200,34734300,84340800,16602500,1132800,6313100,8924300,37972800,3743700,2437000,60785600,1463000,4685600,19477018,2497200,5871500,4301900,10275200,20013000,6599500,9633300,3402500,1914700,3483715,18606000,1652500,3957600,4752400,14058400,1303000,3073400,4688700,441200,3491100,9833067,76930200,18119600,3238000,27831269,10511700,2793100,11641000,35170000,4886100,19018700,5259300,3694190,4095404,2682000,17253500,2467200,6189600,24713900,1272000,16230600,1740200,3982700,1487900,7994100,22868000,4520800,3567600,12229200,6826800,29377200,697300,8049917,12056800,6998100,13180906,17615900,33810200,38289300,12416000,8497400,56551000,7260700,728200,7733000,2000200,734896000,4764228,9465400,39856900,4974400,22521767,6586700,1961800,2616900,5536000,4129200,11161700,21502300,7869500,1096000,12683200,8331400,8760900,1647900,10372900,4551000,7862000,1928600,1696100,52532745,10447400,1290400,5457700,108834000,2346900,3798200,4387700,5460800,8352200,4992100,1107300,1922200,15427900,3907600,51490200,24424800,2640400,19698000,2367800
2020-05-29,153532400,13758800,,10138500,2535400,5892000,3445400,10819600,64666700,4251200,2138600,70198000,1241800,27300000,7710900,33853900,113811100,17220000,1159300,10630200,10062600,35873400,4219000,3286300,50273900,2306800,4317000,21658713,1761100,10172200,4971800,19588900,43553600,8977600,17010000,5577800,2249000,6010999,17745100,2341800,4017500,4571900,21059600,1859000,4713000,6602700,589300,3361600,9767033,92936300,24503800,3409400,25942336,24375100,5433800,22203900,37044000,3822600,28707100,5341600,4387235,8294675,3405600,33393900,2686200,8504000,26526400,1792100,51125000,2354700,9466300,1733800,7402000,27947000,4930100,5717200,14361600,8322200,23241500,702800,10324111,18946000,11445100,13517104,13102100,42130400,26337000,15309600,23789800,52549000,10332500,1118800,9844500,3734000,745256000,10750550,14734800,61295900,13337900,48333067,7868000,1770300,3769900,7185900,4305200,10558700,19047800,6675100,2935600,13950600,10043600,14247600,1315500,21018100,6581700,8489700,1935800,1741800,57900771,13006100,1548800,9777300,176467500,4593600,5953600,6251500,5962400,10211900,4971900,843600,5392900,34227800,7484100,51336900,29311200,3972300,25874700,2814500
2020-06-01,80791200,8486500,,5451600,1530800,2034100,1711500,5374800,36864400,1816700,2035000,58578000,711700,18444000,4269500,27127300,58375500,12252500,668000,5718800,6174600,22860100,2131300,2907100,42436400,1062900,2640600,14245090,1442600,6344300,2293700,5711600,18712400,5187000,7344000,3799900,1464600,1705762,10538300,2024200,2438800,2036400,24301200,1470800,2294900,3263900,447200,1584000,5354939,61879700,15140300,1990300,15083601,14665300,2524200,10452800,25162000,2230800,20750000,3407800,2197437,3003798,2137300,14317700,1434900,6141800,15176800,1085400,17010700,1658300,5233800,1090300,5136200,13785000,2841800,2168200,4911000,4428400,18223800,743800,2491746,6573400,7414300,6269241,8649500,22622400,21809100,6655600,8050300,37437000,4295400,1232400,6683000,1580600,389876000,2574943,7363200,36714900,4049200,76884979,5105600,1110200,2310600,3309300,2470200,6474800,19886400,1579300,725300,11314000,7922000,7469800,1040700,10251700,3119300,6494900,892300,978300,33027445,6906200,845700,2903300,224092500,1932800,2842500,2894000,2510300,6011300,3893900,1692000,1819400,18156100,3817800,34201700,20550300,1897800,19031000,1413000
2020-06-02,87642800,9413300,,6394100,1939200,2509600,1672300,6998700,42855200,3198900,1809800,50598000,933700,31847000,5433800,24780500,71118100,12840000,846800,5803000,10371200,27651300,2977500,3183300,41632100,1964900,3751300,20337127,2287800,5858300,2528900,8571800,17285900,5463700,7880300,3407600,1335400,3338090,10753100,2369100,3446800,2357800,38401500,1219900,2580100,4824400,621400,1741300,5697728,80046000,23764200,2522000,22787385,16897900,3560400,10953800,23442000,4128700,21763900,5301000,3846974,3115093,3342800,20702400,1488300,6078300,21195000,892600,15255100,1675100,3269400,1404700,6023200,16974000,4131300,3125500,7014200,7972500,20919000,796600,2791225,8952600,7533100,11352984,11179200,30794600,23035600,10640000,7525700,34948000,10798700,1451400,10122000,1642700,391320000,3174948,8756300,40165900,5327500,42690900,6327900,1379400,3143300,3869800,3151900,13255300,18216000,1511500,666200,14938400,9521000,6232800,1582200,16286900,4098400,7797600,1280200,866800,37650588,9785500,1166500,4720200,203484000,1801200,7277700,2756800,2860500,8462100,4373900,2537100,1600700,17300400,3958600,39058000,19187700,3477700,22319000,1649100
2020-06-03,104491200,8588400,,8056300,1605400,2537100,1868100,8026700,46765300,3660500,1802200,53420000,849100,31926000,7301000,66486400,86744600,14937500,1071500,6706700,12471900,33341800,3712600,1917600,53113200,1404700,4535700,18290407,2197000,8024200,2165900,6004000,17492000,6102400,8440200,3229300,1678800,4584869,12584300,1630600,2449600,3813000,27343300,1388700,2987700,4638800,436700,1819500,6408963,98876600,24780300,2728800,24642090,12654500,3509200,16860900,27732000,3471900,24102100,4638100,3175255,4097914,2781800,16737300,1938000,6339500,25941100,1659800,15508300,2155300,3190300,1382200,4585200,24278000,3429700,3881500,17451000,4967000,15380300,676200,4394463,8422500,9151200,13675457,11253500,27311000,34662100,7303200,11839500,43160000,5867700,1628800,7004000,1514300,365440000,2730362,9188700,41191600,5421200,38751996,6171000,1676700,2970000,5182400,2562400,13029300,18385800,1541000,830600,15875900,9956700,9672100,1545900,13986600,3717700,17321700,1058900,1186700,36888361,7033800,1209700,3756300,119242500,3076100,7650600,4360000,3633800,8879400,4963100,2469900,1782900,16086700,3951600,50814000,20262900,2591400,23418000,1459500
2020-06-04,87560400,9525700,,9113600,2451400,2422600,2252900,7456900,44869100,2392800,1997600,58974000,1210300,34997000,5841600,67155600,94545300,12560000,913400,5809800,6797000,33083500,3076700,1941800,86050100,1259200,4985800,13611186,1634300,5577000,4553900,7301600,14100700,5468900,6371700,3960700,1469900,2932462,14195100,2804400,3640800,2905300,5127500,1511500,2606600,4361200,508300,3069600,8093466,115798600,20941400,2001300,25118482,14740900,5792000,16328800,26982000,3522300,22497000,4759400,3998060,4042581,3720900,22010100,2490600,8170500,26784700,1068700,13604700,1951500,3328700,1261700,7448700,20592000,4147700,3469100,7794000,7552000,17041500,498000,3445317,7842200,9239300,9292930,15279600,28761800,34830800,12012400,10132800,54105000,8775000,689900,10437000,1933500,424280000,2405076,9696000,39027900,5229700,27013388,6895800,1766600,3326300,4206700,2586300,12109000,33102100,851800,772300,10135000,7667600,26855900,1907700,20361300,3346300,17516800,1209100,1113800,40729947,14901700,1763500,2534100,133315500,2647000,5052500,4374300,2768400,7829800,3391700,1461400,1603900,16147300,3395600,61839200,24015000,2385700,18731400,1524800
2020-06-05,137250400,9630100,,11874500,2537900,2793700,2670600,8349700,53908300,3714600,2336800,66128000,1243100,50958000,10097600,99846000,118767900,25860000,1438000,10390400,12623000,44648500,5591900,3265800,113521100,1956000,5976200,21629797,3033100,11578800,4375600,8232200,22591100,8598400,12760100,4573900,2061200,3422578,16581600,2733700,3353300,3355300,14131100,1730100,4348300,6327200,828400,3398100,7827506,208648200,27840400,3583900,33669153,11047100,5489900,29418600,42642000,4737600,27776900,5054300,4800919,6163764,3964700,26813100,3038700,9725400,42231000,1500200,20504800,3525600,4578800,1702500,5550400,24996000,5058200,4728300,7885200,15525900,16750400,1350000,5414531,10776200,10867700,10413347,17976100,39893600,34110700,12370800,13454200,50996000,8363600,1259700,12276500,2276200,481748000,5100866,12210100,119073400,7075700,36705655,7337800,2669400,3612200,5395600,3767300,11882100,61286500,1324100,1043900,14203100,12030800,20489900,2654400,26486400,4681600,23237100,1522200,2081400,61816766,11740000,1712100,3957900,117178500,3318000,7788500,5554300,5026800,8561200,5700500,1135100,2753400,17105600,6457100,107651200,39337200,2893700,41328900,1947800
2020-06-08,95654400,6621400,,5426800,1626900,2593000,2179500,5528700,39681700,2270500,2095800,79414000,889400,23916000,6795200,80902800,79598500,16800000,1133400,6695100,8499800,32587100,4139200,1958300,107262900,2092800,5033300,18365204,2022500,10242200,3764500,4592600,17820900,8556300,11090700,3138600,1373000,3179832,13858100,1918900,2771000,3500100,5622300,1829800,3853700,6075100,563500,2574200,7405224,113169300,21779000,2709900,31792699,17973400,4558400,15234200,33878000,3260300,36372000,3811900,3791377,5617543,5449400,21546200,1816800,7555600,24881800,816400,19896700,2970400,4076400,1294600,4951600,16894000,3724300,4443900,6909400,9139100,15466500,549000,3573170,10509300,14498100,9956838,12150300,33211600,22850600,8149200,9502300,58515000,6165400,661500,7563500,2600600,387736000,3351730,11519500,131285800,5613000,30194149,6926700,1302600,3536700,5141100,3355700,9748300,32661300,964700,649600,11945500,10229600,12200400,2092500,21082500,5035800,15401100,1116800,975700,45385793,8700200,1314800,5043500,212620500,2954800,5602500,4635500,4561100,7628100,4397300,1021700,2088500,14963000,4718100,69051300,28344300,2578400,33579400,1747300
2020-06-09,147712400,9555900,,4857400,2269600,2279300,2041700,6184300,79919100,2403600,2691000,103520000,1014400,22335000,5517400,66688700,77773400,11260000,851900,7711800,11969600,30422900,3819600,1717800,72547400,1497600,4608100,15379631,3099000,8203600,3155800,4025600,18597300,5957100,10745400,2526300,1977400,2683625,10882800,1980100,3023400,2346000,9422300,1356000,3094800,6336900,525800,2260600,11501587,115749600,21768700,2253100,23603936,7804300,8080300,16945500,33624000,2478400,23805800,3716100,3903525,5641706,2202200,23594100,1488600,8247200,17031100,776000,16713700,2499400,4302100,1188400,4472600,16321000,3314800,3728600,9208600,5131300,27462900,800300,3781274,11903200,8264500,8846168,15090400,29783900,17840800,7990400,11910600,67970000,5385900,1039200,8448500,2012800,468488000,2566790,8852500,71936800,6446900,21675088,5563200,1062200,2888800,4315400,3809900,7327700,22273600,849900,1099900,9964900,7999800,11529200,1523700,17914700,7344200,12537800,966600,1297700,42645378,7887900,1672300,5037000,170823000,1702200,4450000,3061500,4567900,6892300,4902400,1190600,2687900,14530800,4256000,51480400,20746200,2236600,27276900,1622500
2020-06-10,166651600,11138300,,5829100,2077200,3611600,2059700,5319800,78719400,2851300,1603500,98920000,625900,25914000,5747400,90384900,90415300,13410000,779700,7337400,10655100,36743700,4018700,1858300,82883100,1433300,5726600,16682118,2409400,7882300,2713700,8127200,18462400,6344400,10486300,4694000,1311700,2889034,11497100,2161700,2721400,3956100,4439400,1185400,3717700,6349300,473400,2023600,11643610,147327100,28484600,2079600,23465356,7790800,4618500,15648000,31762000,3091200,26440800,3589800,3511698,4952601,2466900,21367800,1739100,10137100,24913300,779600,15716600,1750200,4940200,1188200,3708400,16073000,4089000,3459900,5804600,6183100,20720700,508100,3051355,9795600,7984800,9080920,14770900,43872300,18766700,6674400,12081200,48969000,5194200,606200,10026500,1819900,632180000,3231914,7436700,50740500,7069900,29557217,6678200,1800500,2378700,4464300,3201700,9079700,25167000,925500,1903200,9765900,19683800,11641200,1123200,16602500,5150100,15585400,1136400,1141200,36133549,10910300,1140600,6273500,278451000,2133100,4005700,3296100,3793300,8405300,4571200,710900,1600200,13649100,3952400,82090000,28141500,2763600,31156800,1731100
2020-06-11,201662400,12584800,,8168300,4046600,4123700,3910100,9386800,78715400,3900700,2548900,116002000,1370100,45115000,8601200,103212800,149875500,23002500,1250800,15372400,16345600,62098600,5969300,3072000,79106600,2936300,5547300,24333895,2928600,8435200,3443000,6521200,35582000,11927500,14944800,6670500,1576200,3718790,26078800,3828300,4974100,3509300,2292000,2126600,4186200,5890600,582100,2069800,15589539,116184700,34219900,4389300,24979842,12098200,4042700,19121900,47144000,4923400,27855000,6563700,4440179,12304726,3560700,26998200,2646600,11913300,36259200,1460300,26070400,2925000,4547400,1698800,5998600,20625000,6505300,5796000,7530600,8679600,26708200,798800,5999854,13488100,10531700,14303838,17961900,52854700,29897600,9718400,15915100,74629000,10976900,965900,14625000,2771400,583652000,4207051,12805700,61262900,8541000,63166642,8937500,1424800,4992400,5981300,4387200,15241700,29730900,1515800,994100,13709000,26422200,11348300,2883300,19638300,5447600,13082500,1663500,2691200,66021525,10704800,1647700,7689300,238747500,1922300,6013700,6638900,5306100,11974600,6214000,1936700,1831000,23412500,5475500,75621300,34162800,3532500,39183000,2524000
2020-06-12,200146000,8010100,,5590400,2590100,8332600,2389400,8534200,71189100,2426600,1436500,108722000,854300,39439000,7251100,89550100,73729700,12235000,1065600,9476800,13770400,39040000,4492700,1941300,65140100,2004800,4357600,19747289,3020300,8928400,4020000,5443800,26125600,10345500,9532400,5337100,1598000,3713714,18361900,1703100,3935700,2525400,2066500,1464400,3067700,4552500,539300,1788100,10904896,88778000,19856400,2272900,20261430,8375600,4259000,21587200,36676000,3380800,20073300,5238500,3832756,6506434,2808800,30419800,2017800,8687400,24856800,1253100,21822700,1711900,3973200,1788100,4463100,21638000,4512200,4108600,3874000,6011100,22091400,599800,3586565,12543100,7688900,17000656,14093100,43373600,24293600,8356800,8708300,64611000,7416400,817800,7783000,1897000,570908000,2445014,11537200,44937900,7039500,37902472,7998500,1464000,4247000,6713100,3025700,10113200,25974100,1230200,871100,9589500,18529800,15666500,2205600,14646700,4533700,10647500,1168700,1938500,48034323,7368400,1523100,5289300,251451000,2586200,5950800,5416800,3334400,11706300,3575200,1026900,1530100,17129000,3748100,51301200,32359200,3376700,30978100,1638500
2020-06-15,138808800,7120200,,5666000,2310800,3781500,3115900,7221000,56740700,2471800,1532400,77302000,709300,29824000,6472400,78612900,76538900,10245000,1242900,8105200,11279700,36592100,4093100,3733600,59224500,2105400,3350500,17696729,1967500,7992100,3266800,6000000,21300100,9379400,12289500,5261100,1321200,3151745,14156400,2026500,4501000,3882600,3616200,2096600,2756900,5415200,546900,2651500,8544489,104742600,19925400,1835300,20497800,6411800,5598500,15321200,30468000,3467400,19678100,6250900,3516154,5385959,2437000,29651700,1845600,8649600,22153600,1270800,15622300,2142100,3709900,2271300,5063000,21095000,5932900,4499000,5210000,5158400,15340300,353600,4896185,11940200,9565800,17684162,14758800,32770200,18092300,8404400,12170800,44679000,8645300,1194300,7183000,2609900,400004000,3452556,16038100,46134000,5481000,36247482,8786000,1179500,3647800,6254900,4308900,9852600,20473000,676100,1206200,13553100,14644700,10012600,2628300,12742000,4628200,9850000,998000,1296400,53309006,8299000,1632100,3842000,235458000,2109400,5152800,4494600,6440200,6752700,4972900,801200,1385400,14826800,3187500,48311400,32703300,2770500,27929300,2457900
2020-06-16,165428800,9366100,,6143400,2154000,3764400,3505700,9718000,50949700,2581600,1837500,71712000,961600,30387000,6706000,76496900,96796500,11365000,826900,9407600,11106100,37638700,6892400,2053000,58679100,1348400,3034200,22633631,2311100,6932400,2633800,5824100,28074600,10975600,8726700,4685200,2105600,3357266,12951200,1962800,3865100,2513800,1848400,1428500,2904600,4660800,570900,2000300,7196746,109535200,21965500,1651800,19694772,9619700,3749000,17466100,30648000,3099100,23520500,5291600,4036575,5864608,2266200,23226600,1934100,7579100,22193600,1482500,18803500,1878100,15029300,2038600,5023900,25483000,4013100,5434800,5705800,8363100,15236700,1167300,4050493,9531900,7253800,21437050,13551500,42556700,20987200,8056800,10933300,55079000,6054400,1069500,8719000,3990000,535716000,3894562,19380200,57505000,5197700,55616945,8165200,1151700,3441600,5955800,3419100,12639800,21519800,741400,943400,11523900,10890100,12662400,1303800,17831200,5000900,11006200,912800,1362000,55119444,12468500,1549100,5766100,210766500,1408100,3529000,4245400,4283300,11057200,4046100,3247700,1557200,15021300,2695100,52985600,25167600,2886500,26203400,1919800
2020-06-17,114406400,6212200,,4359100,1594800,2112300,1888300,8338100,45146500,2751100,1380100,59186000,513900,20279000,4408200,53085400,58349500,8875000,704600,6448500,7938700,23727300,3228100,2422700,44645700,1169500,2410500,20204392,1857200,5967200,2188400,5038600,20399100,7183300,6019900,2527000,1131600,2377147,8921600,3594200,4181800,2173300,1421000,1181500,2165100,3933500,392200,2027500,6830544,67831400,17837700,1214400,15090141,7534100,3290600,11123800,30610000,1798300,15676200,4234000,3721564,3302013,3188400,20454800,1165200,5100100,15639800,1246200,12602800,1577400,4711200,1519000,7238800,18442000,2566400,3154100,4798600,5308000,19578100,506500,2050662,7960400,5498500,13983045,8674400,25687800,13905100,6767600,10072300,65296000,3405500,613200,7810500,2170700,408304000,3241099,28692600,38371600,3309700,27509822,6320800,988500,2713500,4486000,3665500,7620300,21778900,678000,592700,9294400,6906700,12120900,1228800,15816600,4593200,8312400,896700,1099200,41680314,6118500,1302600,3757400,148362000,2006800,2934000,2538000,4413500,5968900,4649800,1014500,1645100,10652100,2681900,38660800,20166900,2529000,19279400,1455000
2020-06-18,96820400,4571600,,6022900,2228000,2578400,1896600,5674000,40354700,2469800,1776100,49756000,678400,33625000,3645700,60849900,53419000,13665000,531800,4920900,6465400,22280600,2467700,1982300,60188000,1881200,2975800,18147749,1177600,7293700,1881800,8677800,22423500,5852200,7064100,3255700,883800,2138011,9577300,8472200,3480100,2461100,1374400,1062300,2696400,3444300,313100,1932000,6274371,61301800,15121300,2416200,15729550,5516100,2871700,11086400,34862000,2051700,14375100,3347800,2739078,2997208,1944200,24899700,1237200,4797400,16591900,938000,9380800,1563800,3631600,1562000,3898100,12740000,2776600,3153300,3401000,6471000,15782500,463300,2160096,7192800,6219300,7750903,9825200,23061600,13220200,6386800,9728800,42776000,4392400,741700,6602500,2133300,254408000,3428614,19259500,36051700,3417200,32278855,6274400,713900,2314000,3794300,3760200,5709500,21486000,645000,786800,6431100,8486000,10430100,834900,15867700,3770300,8103300,726300,1053400,37554730,9619300,1129900,4698900,146278500,1108100,3062500,2926600,3204500,5803200,3817800,969500,1371900,9019500,2115200,33670200,20070000,2941600,21478700,1031500
2020-06-19,264476000,9210900,,9473300,3710000,3931600,5708900,10092800,52801500,5319500,6193100,115540000,1386600,58465000,7589500,67262100,127563600,18855000,1875200,8767900,20440300,50379300,6488000,5207000,54899100,2260000,5842700,37709167,3059600,13702800,3438000,11841000,36103200,21245800,14838800,10713700,2046200,6230846,23496300,5838700,8089900,4239900,2531800,1824600,9674800,7928400,1364400,6552500,18706325,126127800,28464700,2828500,17792356,19322700,13648500,27880400,52784000,4962400,29721000,11114600,5587120,8471554,4015800,60336100,3470700,12206900,40371200,3331000,30464600,4635000,6004900,4322200,6684300,26102000,4533500,6267700,9214600,9001400,30081300,587400,7660619,20025400,25989000,17691393,20962700,44441100,28081500,14452800,19096800,59345000,10304000,1242500,11524500,2871100,524160000,15117149,33051200,70262400,8310100,43986266,17506200,1561900,12157500,9201500,7484400,23213800,24765400,2668600,1837600,19144400,12538600,14817900,2114100,22249100,10434600,13314800,1932700,2121500,99288878,13545400,2328500,9268300,130195500,2896700,10377200,5172800,9027100,11483300,9539900,1212900,4085300,28868200,11173700,71903000,40078800,6630800,48899900,2316300
2020-06-22,135445200,6004300,,5072800,2454500,3156300,2741500,5379900,44704800,2337000,2034300,64176000,667200,27195000,4799900,53901500,55484300,8347500,478600,5816900,9613300,22642100,2806300,2747500,44450700,1450000,2220400,22194347,1603300,5009100,2094400,6252200,18398600,6069600,5939200,3036300,1188500,1883760,12868000,3014500,3878700,2869200,1211700,997300,2744500,3335400,603600,2600300,6525889,71724300,17164300,1448100,15707761,8943000,2297600,13079500,29442000,1806900,12853300,3815200,2684224,4993081,1570600,22846000,1607100,5285600,16216900,1179200,20876200,1510800,2647300,1370600,3449200,15410000,3489200,3223200,2861800,3625700,18917800,467400,2416996,6756100,10442600,7474231,11657400,32818900,15952200,7190800,14243300,62721000,6918200,838100,7852500,1544000,398468000,3145639,16705900,30116700,3379900,23332503,5695600,1008200,3409900,4107200,2455400,8028000,26221000,1238800,590000,7566100,8238600,8242500,1333200,9110100,4692700,6269600,1330400,1446200,39136646,8051400,1138100,5090500,95436000,1587500,3677600,2174100,4385700,6674500,3138000,719200,1592100,12333900,3795900,32808300,27338400,3424500,17565400,1107800
2020-06-23,212155600,6715600,,4156900,2203800,3065900,3444900,7264900,48089000,2171500,1941400,84634000,975900,22419000,4364800,50281300,46108300,9082500,605900,6378100,7283200,22092600,2357100,1727400,33867700,1687200,3489000,26587399,1770900,4962200,2409600,6950800,23222400,5260300,6317700,4537700,940400,1452526,10187600,2071500,3771600,2553400,1004100,890200,2080300,3850000,594900,1841400,7668940,86672800,15893200,1385200,16168082,7117100,3234400,12455400,37752000,2451800,13303300,3105300,2450698,6937700,2055000,22809600,1259700,5921600,15381400,1089200,14675300,2044300,2771500,1469300,3384200,17647000,3801500,2951900,2288800,3716700,24017900,554000,2752953,6061900,5808200,11428650,9672600,30917400,23194200,9306000,12777600,59484000,6499000,979900,8359000,1539700,375108000,2591249,18695000,33856800,3625600,37690408,5340400,972200,2397000,5238600,2749700,7778700,18591800,832700,603700,6935100,8076600,9923100,1479600,18440100,6071100,6921700,890000,1441000,51520812,5141600,1680600,22929100,95479500,1283000,4679000,4023400,5565900,9866800,2628500,818200,1571800,20716400,1944300,47279100,19727700,2084700,18916600,994900
2020-06-24,192623200,9025100,,6141900,2753700,3329400,3337500,7937300,53535500,1972900,3475300,90532000,1164400,19096000,5958300,56534800,75437100,14932500,868800,8081200,21114700,27207700,3766500,2054600,47046000,1658100,3243000,22363146,2343300,7137200,2398100,4903100,22840100,7164400,8974500,5071200,1985600,2285102,22252500,1721500,3675900,2208900,1296200,1497800,3896700,4258300,522200,2500900,9354845,75536300,18618100,2357300,29025298,7982000,4327600,14887800,31592000,2756700,18726000,3873000,3576843,7061546,3967700,27764500,2878500,8211200,22919800,1486600,17631800,2068500,3096000,2302800,4150100,17909000,5086000,4146600,5785000,6112800,20834900,629800,3639189,7186600,7993800,8084901,12806200,36740600,19346500,6901200,8164900,48262000,8611600,1217000,7251000,2122300,449372000,3272575,18287400,32322000,4853500,30817695,6547800,1764400,4726100,5179200,3560200,8208800,26872900,1459600,652200,9880500,12306400,14398500,1248300,17967800,6370300,10487700,1298200,2180400,86849104,7230700,1892700,66903100,164394000,1479800,4747100,3399900,5471300,9453100,5688100,1299300,1622100,24794600,3551300,57380900,20614800,2150800,27626900,1701600
2020-06-25,137522400,6411700,,5781100,4690200,2275200,3559400,6298900,51129600,2080300,2648700,59374000,860400,15029000,5195400,57335700,65031900,12465000,713900,6380000,12503100,28112400,2903400,1302600,37376700,1225200,3379900,19375866,2982200,5981000,2274300,4022400,19114900,5681400,7398000,3180600,1671100,2236034,17240400,1451400,3984800,2174400,1098500,1469600,2337700,3504500,487600,2502000,12826477,73612700,18005200,2310900,14836396,7172900,3076200,14328300,23958000,3466500,12866700,2938400,4264159,6412608,2718900,21906900,2148900,7421200,25743600,1133700,13829700,1163300,3735400,1391600,4022800,15935000,3294800,3145200,3351800,4960200,18704300,661900,2464597,5981200,8370700,7583328,15014300,27803900,14971900,7824800,6045600,41345000,11531400,1285600,6475000,1839100,376072000,2806627,16008700,23327600,4442000,27418651,5489300,948200,3009300,4610500,2655200,7062600,21698800,813900,625800,12717400,8624800,14814500,985500,18885600,6995100,7432000,1051900,2447200,48420401,7174300,1294900,55407300,138817500,1282100,2617200,3112500,2987000,9936600,4887000,1507100,1188700,17122500,2619500,45102200,20569800,2178900,19353600,1141700
2020-06-26,205256800,14568400,,8522500,3348400,3829700,4365200,12786500,65485700,3613300,3268800,130016000,1243700,31425000,10489400,50644400,118139200,15042500,1167800,14772100,35515700,35426200,3645800,2750500,36856000,2410400,5402400,54358955,3176000,8399400,2866000,7595700,106928300,7321900,13766000,4495800,2302800,3889006,15270900,6131300,5321500,4905100,3866400,1997400,4462100,4342700,563500,3696000,14001073,118435400,20899500,3282000,17938840,10389200,5593400,16476800,97640000,9530700,16419700,5002700,10880873,11244605,3368700,38477500,1975800,12849700,41896300,1713500,21955100,2794600,5290400,2008600,5710700,42337000,4922500,5107400,8917400,10389700,76343900,1007000,3380374,9693100,14780900,12328882,20082500,54675800,16929700,10107200,18586600,68047000,24918500,1286500,10065500,2897100,592084000,2719423,17969400,31831900,7372700,42153992,23201700,1482500,4403200,9265400,3797700,9126500,14396000,1817800,1402400,17537900,17627800,28270700,1648500,18480300,6730000,11016500,2563800,5415300,101387551,8298000,1656400,25367800,132823500,3061300,9870700,5043200,5489000,11836000,4851900,3678100,1895300,30211900,3829800,81172300,26991600,4446500,31518600,2612800
2020-06-29,130646000,6676400,,4669300,2247900,2623900,2377000,5035900,49905800,1938000,1638200,84468000,993300,14516000,4962400,78499900,66269200,9145000,774400,5218200,13311000,22578600,2798700,1402700,36047600,1294300,3176600,21952245,2464700,5764800,1841700,3972100,23875400,7109100,7022200,2346300,1094100,2574322,12584300,1440300,2953700,1679600,1030400,1365800,2001500,2634100,319100,1690800,6802364,58208400,17307300,2336200,15103383,8775300,4282300,10011700,45074000,3736000,16714300,3468300,3152443,4350837,2186600,22150300,1342800,5309800,18499700,677300,17603900,1406100,2640300,1073000,3328000,14762000,3642200,2622200,3936600,4445800,58514300,433800,2565540,5919700,4630900,7230990,9380800,26701600,24666200,5793200,7236400,48440000,9624200,734000,6944500,1709900,342248000,2576801,14366900,24504500,4173900,23956261,6866900,841800,2249000,2953700,2364900,5870400,17409100,663200,577800,8908700,8653000,12378300,1030800,14061300,3956200,9412900,1298200,2223900,49695678,6555300,957300,9096800,135396000,1555300,3540100,2356700,3395200,8020400,3636900,1169500,1452500,15930300,1826400,43769200,16511400,2652300,17052100,2126400
2020-06-30,140223200,8112500,,5220900,3136400,2944700,2586900,6067600,42275700,2589000,1980300,75394000,1544500,25125000,4367100,65493100,61716200,7340000,1067100,6763800,12027300,23360400,2778800,2003100,25267600,2146900,3556100,23654750,2676100,6313900,2391700,4478900,21888800,7036100,8263600,3627600,1836600,2746342,10565900,1671400,4890000,2177400,1302000,1195600,2589900,3104900,470000,1910100,7203055,61909300,24033000,6473300,13947676,9402600,5646500,14322000,40286000,3102800,21171100,4524600,3912968,4099797,5300800,31542100,2176200,7738300,19137000,1253500,23679800,1697400,3296300,1482100,4462400,27896000,4283500,3163100,5750800,6149500,33927100,556800,3518154,6825000,6542100,9940804,11894300,34310300,47852100,9532400,9284100,41985000,9065500,772900,8804000,1701600,367892000,2722210,18885900,26525200,4626700,25451676,7818000,1589900,5111900,4626300,3502500,9378500,14819000,754900,757300,10746400,11324000,15650400,1443300,18613000,5075800,10456500,1823400,1442900,57979814,6909200,1710300,10833800,253777500,3111500,5572400,2932900,3954900,9040100,5122500,1200300,2171900,17414800,2983100,46610000,20509200,4116800,22153600,1878800
2020-07-01,110737200,6522900,,3389600,2124700,2581700,2378100,5305200,32370900,6575800,1207200,127268000,1049100,15661000,3301000,49036700,57379900,13470000,548600,4619800,7642700,19206900,2807800,1780600,37215100,2004000,3286300,19493877,2910800,5600000,1906100,4754600,17129500,5008000,6379400,2989200,1111100,2367108,11930900,1180400,2835800,3026300,1470200,1110100,2486500,3394800,573400,2183200,7950041,62454700,20636800,17967500,24202957,7786900,6906800,11963000,42182000,2620100,15603200,3677300,2768680,4869967,2304000,14748100,1394100,6174800,18755700,1262000,14316500,2126100,2065100,1430100,4802300,15271000,3801300,2193800,3124200,5087500,43399700,585300,1944218,6326100,6026400,9948769,11363800,32061200,25218400,6024400,10870900,97059000,5733800,737900,8971000,2408900,326648000,1526431,17856800,32856700,3633000,73503009,6501200,1025600,2624800,3565900,2251700,6990600,17917100,984700,571100,6860300,6750000,21721400,1906800,13923300,3873300,7979600,963200,1610400,41007987,8205700,1600200,9599900,199903500,2025400,4022000,2303800,8982100,6394100,3172200,1119000,1752400,12831600,2569200,37509300,19733700,4504700,17290100,1226800
2020-07-02,114041600,6158800,,3845300,2006200,2503000,1645300,5596100,29081400,3338000,1175700,131868000,1333000,16638000,4239700,41792300,56000200,9020000,742000,5163100,4738200,22042700,2527500,2253800,30023300,892500,2658600,24938778,1573900,4775000,2540500,4200300,19632000,4700700,5832800,1552500,1044900,1798032,10312000,1296800,2819700,1893300,1727300,1008000,2327700,4166400,433100,1587700,6042199,67270500,25268500,4046900,14877567,6381000,5715000,22202300,57218000,2699400,15125100,3369800,2926769,3919362,2084900,15578600,1540200,5152200,27845600,1247000,15111900,2837900,1960200,1396000,3522900,17112000,3290100,2690200,4249600,5529400,30633600,803800,2371429,4389500,5716300,6827825,7488800,29315800,18562400,5981200,8076800,63515000,5354900,629700,6926500,2072000,364056000,1872770,15478900,28133200,2769200,45270881,6150900,809100,2717900,3493700,2624100,8317300,13823700,802500,615300,8238300,6544400,7862700,1351500,10301000,3413100,6470600,707900,1084000,49947900,6770600,1127800,6411900,258751500,1578700,4799000,1971700,3442900,6299300,3834600,1674100,1101700,15814500,1855200,37013300,17695800,3133000,18216600,1307300
2020-07-06,118655600,7039000,,5919100,1934500,2761200,2250100,7776900,36769400,3460400,1504600,137612000,1131600,17561000,4059600,49471700,59589000,11020000,703100,6443300,6481400,22613100,2491900,3263000,34196900,1571100,4026300,18727344,2149400,5825100,2332400,5794200,16152900,5307300,6747500,26851600,947500,2129664,11933400,1299900,5997800,2322100,1972400,859600,2543800,2381400,421300,1516400,5343162,63921800,38609200,3015800,15133900,7056600,5791100,9172100,44712000,3567700,13644000,3133800,2479239,4231488,1921600,20536700,1486200,6156400,18625300,1367400,15146000,2860700,2760100,1202300,3698700,14148000,3013300,3171500,3078200,4346600,26206200,691500,2511002,4883100,6860000,8058282,10649600,31897600,16321000,6256800,8335700,78390000,4995000,739200,8873000,2405000,315892000,1705896,15309700,23933200,4221600,27150935,6023300,685600,2510700,3562800,3592400,6933100,13304500,1041000,677500,6128200,7235300,13573500,1644600,11469600,3318800,6075600,1296500,1068000,44639852,7239100,1859200,5256500,308548500,2321300,4957000,2395000,3445900,7292200,3595800,1268400,1341900,11231100,1447200,46983100,21695100,2934500,22692000,1297800
2020-07-07,112424400,6345600,,3389200,1783700,2684600,2944900,5078200,32153100,2365900,1289800,105150000,2682600,16150000,5564200,37105300,60645800,6677500,557300,4952100,9826400,21235300,2018100,1705000,31134800,2183500,4043800,20704815,1630000,5995100,3346600,5431500,17102800,5845900,5898000,12917200,1118600,3118243,10836500,1280400,4129600,1895900,1475700,862900,2977800,3779700,316000,1499500,6823254,56652000,32091800,2582800,12526487,5055700,4820100,11950500,42364000,2853500,10967300,2927800,2781942,4474893,2085700,15996500,1151100,5622600,25757200,1311300,13043600,2171600,3273300,1395900,2991700,12765000,3633100,2399600,4642200,4954600,27887800,466700,1879753,8659900,6752000,6956414,8750700,33600700,19797900,6017200,9097300,56699000,6352900,741000,6567000,2659300,357800000,1823750,13232100,20117700,4424500,25148018,6866300,745700,2555100,8160600,3120400,6722400,9986200,1423100,647200,8783000,7515100,7198500,1329900,9742500,3520800,5294900,836800,1262700,36422181,6414300,1368300,5572500,322345500,1680200,3778200,2075700,2194700,7660100,6069900,1716200,1624800,13319700,2267600,36920500,93458100,2532900,17407600,1140300
2020-07-08,117092000,6154400,,3815300,1750700,1999200,1809400,4045700,35608300,1993700,1389000,100752000,2793000,18023000,6382100,38116200,52922600,8312500,435700,5547800,13840400,19115300,2279500,2282800,29958600,2535200,3166900,13375912,1521300,4896800,2364500,4233700,15020800,9400300,6736400,6569000,1042600,2120414,13629500,1133500,3434200,1866600,1939200,1110100,2624600,3867400,333600,1561800,6196980,60928600,22607200,2110700,12928884,6293500,4059900,11111600,31766000,2789700,13122400,2294000,3806656,5431669,2530000,13277900,1145700,6257400,18762200,748700,13851200,3063600,2781800,1965100,2753700,9896000,4115000,2776400,9480800,3881100,29791300,572000,1987752,7530500,12174100,8211394,12322200,33600000,15311900,9633600,10902300,56917000,5634600,908100,7579500,3177100,365480000,2062349,12582200,20482300,3798200,24256545,6494100,1432900,3082900,7498900,3798000,6692700,12332700,660100,700100,9306900,7346200,6916000,1419000,10031300,3346100,6884900,1121200,1038600,51547292,6327300,1456800,4300400,244669500,1557100,3584300,1987400,3051600,8368000,5539400,1087100,1500300,15320800,2562200,38413400,52217100,2889100,18291400,932600
2020-07-09,125642800,5817300,,4576800,1756700,2269800,2034400,6155900,87216300,1739600,1143400,127774000,1504300,25225000,4484500,33514500,79385900,10165000,462700,5420600,12329300,24263900,2663500,1435300,40152000,2331500,2916700,16362658,1338000,9189500,5313600,6062800,26027700,10172500,8833600,6023500,1283400,2747131,13582900,946100,3457400,2312100,1229200,1265600,2039700,5209700,239200,2132400,7613140,82693000,27364300,2238300,14997186,5199800,3289600,17778200,41836000,3160100,16112800,2994700,3360399,4982098,1888600,20683700,1448400,5738600,25600800,1083700,16087100,2312400,2955200,1823800,3397700,16599000,5042800,2333500,10115800,5077000,22174900,473700,2619240,6257000,10668600,7966058,9119900,33121700,18510800,6818800,8702200,58405000,6282300,1729500,7035500,2644900,494548000,2356778,15692600,22124600,4005200,20363702,5341000,1095800,2583200,4345400,6096200,6287700,13952500,1009600,617300,10778900,9618200,8475800,1049400,12015300,3700500,9286300,1126400,1304500,52120187,6078400,920200,3956600,175764000,1151600,4977300,3061700,2366200,8548200,6920900,1243200,1106800,17618400,2291300,38118900,42771600,1808000,25882000,962500
2020-07-10,90257200,6202500,,2923200,1373600,3676200,3023200,5899000,59839700,1326100,911400,109720000,951600,13280000,4400900,40955600,81142900,8085000,489500,5482300,9757300,28027800,2691400,2070000,61894100,1520600,4418600,20307891,1955200,9218300,2484100,3783200,13775700,9474700,6218100,4969200,982700,2206481,14207900,1727700,2545700,2119800,886200,982200,2331000,6245700,339600,1380100,5419711,73710700,20659700,1746200,12725057,9553800,3640100,15660000,35918000,4414800,12895000,2745300,2466825,4482842,1784100,17742300,929700,4282400,28954200,994900,15627800,1448300,2245100,1514200,3252200,14324000,3030900,2714100,3956000,5196000,22982700,370000,2337582,8406400,9439700,5161400,13386000,26177600,18128700,10079200,6189000,216056000,3967000,1504700,7411500,1752900,497676000,1840366,12615800,17584200,5932800,24459019,6752600,1200000,3033200,5429100,4247900,5687600,20560000,929000,444500,10458000,7524200,6258800,820800,9806200,4034500,5824100,821000,1133400,48846464,5057900,983600,4557900,350064000,1313400,2659200,2391600,2281800,7674200,5180700,657400,911300,15652200,2452900,56483300,44236800,1663200,18951000,1821100
2020-07-13,191649200,8507400,,4297300,2090000,3480700,3378200,6178600,57741800,2528100,1791700,154408000,1180900,21549000,4819700,43364700,73598100,10015000,786400,7885600,10120900,27151800,3708400,2245400,41340500,1733600,3142900,18634835,1512500,5887000,2583200,5555400,17965500,6745100,7074000,5048300,1829700,2408731,15620200,1485200,2205100,2570300,1206700,1325500,3155700,3817700,439200,1557000,7993924,80190700,45000700,1735900,13742084,9626600,5406300,14766800,42954000,4449600,13306800,4437500,2743428,4864632,2435800,19082900,1550400,6951900,32079200,1152500,16705300,1498000,3455600,2031300,4227000,21604000,4853700,3221600,6849800,5932800,24674900,551600,2652489,6931300,8333300,8114245,14904000,38135600,23296400,9600800,8324400,183990000,4845600,1043600,8115000,2211800,457076000,2081028,15965600,21665700,8960000,56569129,7681500,1464600,4693900,5269400,3481400,7606400,13636900,733200,737200,7440800,9464500,8679900,1142100,10945400,3562200,5124300,919700,1949300,54274864,6180900,1052800,5752500,584781000,1671500,4861600,4263300,2301700,8564100,4305500,705000,1667300,15285100,2069500,51038800,42338400,2157600,20028300,1569200
2020-07-14,170989200,6765600,,4122800,1747800,5666700,3150100,6297500,54890100,2368300,1877500,144638000,1990300,18363000,4044400,39256200,67423100,6527500,567300,14683400,10133200,35814400,6540800,2534200,31410700,1798900,3181600,22439650,1579800,4953500,1844800,5854700,19303500,6563300,7440500,4871600,1651500,2283862,12425100,1059300,4218200,2409300,803100,1754100,2889400,3695600,333100,2221700,10156368,106131800,24372200,1641100,13946091,6904200,4604500,16477100,38108000,5202000,15884100,4614200,2811438,4742982,2387100,24190900,1653600,7447100,42731700,1612000,17080100,2554800,2642900,1651900,4360700,20188000,4795900,4138600,6773400,6908200,23378100,387400,3825884,7783300,8771300,8397100,16075600,37591800,17455200,12154400,6881600,150833000,4850600,1180200,8913500,1670200,542676000,1605998,15510300,19740500,6766800,32854129,6272100,1119500,4206300,4781000,3423300,6571000,10562700,864200,663700,7256800,8780900,7862300,1150500,13525000,6023600,5240500,724500,1103100,40519034,7368900,869200,7881900,351271500,1284200,4247500,4234900,2538000,8003900,4671100,612300,1738300,15683600,1973500,118952600,26455800,3041100,21444100,1163300
2020-07-15,153198000,5661600,,6205000,2193700,2566200,2914200,5226400,42360300,1650100,1301000,115778000,1327100,15253000,5405600,48044800,57384400,16170000,767600,7558200,9442600,27676300,4915200,1797100,72487600,1816400,3270900,22480410,1659500,5777100,1770700,7681800,15705000,7171100,5935200,5791900,1992300,2857788,15314200,1788800,4501700,2050900,917800,1557400,2262600,4202100,367600,2711500,7136040,101648700,21774700,3332800,18022606,6018800,3837900,14893700,31026000,12516700,18202100,4343700,3166661,4679176,3542200,19986300,2370900,8512800,22508400,1454200,23738000,2616100,2346200,1617300,3496200,16370000,5257300,3735400,3273600,9312400,19133600,578700,4152871,6499600,4805100,7709717,17424200,32179400,15911400,8444800,5705300,100667000,5343700,1196300,10592000,1864600,403984000,2006208,10570800,22801400,5561300,26294454,8145000,1614500,3859600,3909600,3635500,6154100,33940100,568800,716900,9036900,10300700,9873300,1210200,13852400,4380200,7163100,613100,1521300,40985612,7332400,1137200,4476300,245517000,1499600,3625100,5116900,4841800,7681100,3941400,879400,1126900,13903600,2060600,61714300,31731300,2137500,17332400,2223200
2020-07-16,110577600,4269200,,7582200,1408400,2677700,2510300,3934300,36887100,1530900,1475200,127884000,2252300,12929000,2666000,35050000,78067100,6292500,729900,4771300,9383300,18824000,3621500,1623900,42311000,1706800,2557800,15810699,1366100,4655700,1402000,7350000,17709400,5783700,4795700,4807300,1142400,3116664,10210100,1535700,2874300,1301700,838300,1131200,2493400,3080100,228000,1397100,5829516,93498500,17612000,4100000,10502384,4862200,3268600,9736400,26484000,5769600,12747200,2511200,3923154,4530121,2401400,12425900,2088300,9304700,16886900,989600,13306100,3216400,1486800,955400,4124800,11828000,3312100,2111100,3763000,5336400,18880700,366900,2154594,5670900,3380600,5850774,25026800,29940700,14014000,10142000,6165200,244990000,3594700,1162900,7232500,1848000,344964000,1689178,8779300,15463000,3788100,18421812,3959300,1027600,2902900,3691800,1857300,6178700,16256700,410300,749400,5684100,6649300,12191300,1049700,9806100,3201100,5227200,624600,1253300,43674920,7335700,1002600,5751200,214512000,786400,3337600,3844500,2528200,5064000,2530900,577100,903300,13477400,2147000,48676800,17676600,2209200,14673700,942000
2020-07-17,92186800,6890900,,8315500,2069700,2568200,2812100,4585200,34710400,2044800,1291900,95226000,1961500,13354000,2861600,26170500,66659100,9217500,1150200,5186800,8714200,19747400,2458200,1403400,28043600,2537500,2871800,16979064,1599300,6699300,1768100,4324300,20389700,5120900,5964000,4768700,1140400,3976877,9843500,1112200,4603000,2040700,826300,1036000,2091300,2949500,338900,1791700,9739273,80769000,14041600,2047900,12029771,6940100,5570200,8116100,34264000,3614300,16463500,3091300,5184577,4167892,2094900,16322800,4995000,7441100,16137700,824200,13899800,1900900,2935800,1135500,3898800,11290000,3169800,1972600,4083400,5672100,18152400,397900,3051833,6242700,10359900,8191378,16263800,31635300,15003800,12461600,6962700,249914000,7405700,1544800,5496500,1176200,266284000,1355738,14344800,21065900,3229300,23347365,4868600,628100,3325100,3299400,2122100,5985700,10959700,713700,706200,10789100,6087500,11840000,1822200,8818600,3806100,4932300,577800,2183600,30634712,4899600,1206700,4009300,139950000,1055400,4666100,3016500,2782400,6395000,3093300,518900,1072200,13506300,2188400,39184100,18189600,2065800,17958900,1518100
2020-07-20,90318000,4823300,,5677900,1371800,3512500,2159100,5017000,45034300,1497400,1422200,151964000,1037600,14323000,3560100,25294300,61114000,7707500,706700,4089400,8015100,23472600,2478000,3817800,25175200,2002200,2134600,13832695,1127600,6407600,1863300,5729000,15966500,5679800,14974800,3298600,1314500,2290742,8947900,1041400,3271400,1589700,1297900,1309800,1936500,4004100,299200,1419200,7623235,71361700,22039800,1593300,9844356,6974400,3519500,8663500,30166000,2268700,28342500,2451100,5173648,10384374,1900400,16868700,3291600,6191500,14458100,756600,16633200,1966500,1806200,1444500,2769000,12483000,5279400,2157100,4115600,5034600,20872200,419300,2140960,5915800,7093400,5434194,10423600,36884800,17604200,6368800,7338500,119403000,5822300,921800,15659000,2001700,284852000,1470187,11469300,21260200,3620300,36815693,4242100,562700,2385200,5448500,2079600,5407500,7672500,671100,437900,6688300,8832700,9564100,970800,13673700,3044100,5644400,597700,1456500,42896938,5158200,1511200,3632400,256821000,846500,4623100,2375500,2365900,6985300,2329200,571600,1255800,10572900,2455400,38682200,18342600,1570600,18553900,1173700
2020-07-21,103433200,8239000,,5063500,1546200,2027600,1908700,5833900,44741000,1821600,1161900,122426000,1057500,14312000,4227100,40740500,75499300,9565000,523000,5256300,5777300,21943200,3221100,2411100,24686900,2542700,2920200,24928855,1429400,7950900,1874200,5376800,16044700,5947600,15115000,3239700,1079300,2505288,8946300,1152100,3892800,1481400,852100,1555900,2509100,4584300,278200,1303400,9745302,63285100,17782300,1731700,14019625,5636600,2800200,9738200,27486000,3393500,32616200,2439900,2540034,16063004,2420300,19803700,3455100,5575900,17798100,921000,25681500,1686900,1540700,1997300,2628300,17436000,3562100,3505400,3815400,5546400,19364200,427700,3297611,6212400,6673300,8967526,11951200,37990400,16650200,5958400,7192900,91137000,5855600,1007400,8002000,1808300,277036000,2273186,11875100,44440800,5435400,23588520,5162300,954700,3539900,6862900,3241200,7098600,8713200,753400,656700,7395200,10637500,11384700,1511100,18805000,3954700,5207900,611400,904700,45341572,5111900,1486900,3602400,241608000,850800,7715800,2340200,2054400,7218700,4050700,525700,1515000,12619700,1646700,58395200,21712500,2984800,28821800,1659600
2020-07-22,89001600,4441800,,4662000,1488000,1400300,3059300,5027800,135159400,1598100,1355700,82084000,820600,14404000,4360300,29790300,52193700,9187500,460500,4182700,7846200,17873400,2156800,1368300,17650100,1608400,4239400,17456654,1230900,5158400,1312600,2833000,27218300,4836000,10317500,4793700,1246300,2872339,7063300,1077400,3763300,2057600,633900,1006800,2143300,2565000,279400,903700,14618654,75629600,21831300,1231800,13143364,4734800,2030000,10702600,24482000,4978400,17933100,2750000,1908315,8572388,2908100,18959900,3396000,5910200,14271200,947000,29831200,1390500,1686500,2280700,4613000,10365000,3303100,3484400,4412200,4853300,15427900,693900,2271922,5437900,7550200,12362103,13604000,49605700,11412600,6368000,7099400,69541000,4097000,942100,4364000,1638900,367292000,1969882,13842400,16994300,3522300,90705554,5929200,621900,3412900,4904900,2585400,4366400,7258700,497200,523500,5758700,9213100,7585000,1146900,12653600,3870400,4059700,634700,1286300,40393519,5132300,2283900,4655300,212416500,717800,10911900,1935800,3508200,6823400,2741100,565400,846200,11223500,3988900,41030500,16164600,2678300,21345400,1020900
2020-07-23,197004400,5127200,,5905800,1444900,2313900,2707400,5351800,106829100,2532000,1324900,113138000,1318700,19417000,4239800,29587200,61047600,6595000,453600,6036800,6623900,17090400,1613700,1730700,32436100,2042400,3868000,23855132,1415300,5953500,1561700,3639500,23750200,5138300,6586300,4838400,943800,4872283,7255800,1192900,2373100,1896400,764700,1004700,1659300,4936400,336500,1200200,8751564,88652600,21017400,1387200,13769391,5854400,2214000,13653500,33910000,4088600,19508600,2680100,2785762,4414225,3245200,43518600,2461500,6566300,12870200,1156100,15935000,1068900,2408800,1442800,3664800,17249000,3118500,2702200,5990200,5232600,21771800,501500,3223340,4803000,4573800,11558916,13527000,67457000,33399900,8150000,9992800,77220000,4530500,694200,6621000,2444300,411660000,1771738,12576000,14044100,5011400,59639536,6664800,448400,3099300,5116900,2104700,9438500,11370100,571300,419200,6043300,7795100,7457300,1140600,13233200,3690900,3274200,1383300,980500,68190502,4905100,1522300,6640800,364927500,895800,7793500,2367700,2349200,6106700,3576100,576300,1310200,16718700,2079500,50791000,16796400,1837500,17934400,1051500
2020-07-24,185438800,5169400,,4534400,1542300,1900800,2085900,11041000,205314500,2187900,1391300,112648000,1064000,15631000,4790300,28548000,50217600,8122500,421600,5140800,6673300,16258900,2036300,1498100,26712200,2263600,2630700,23395149,1245200,5202600,1423400,3908400,16983600,6436800,6620500,4312000,910800,3513946,8233300,1104500,2953100,1354100,702300,1104400,1427700,3055000,252900,1004100,7607392,62292000,26054000,1545900,13131567,8149000,2779400,8584800,29902000,3191500,21901700,2984500,4634766,3693531,3222000,182269900,2370900,5405900,12744200,2477400,16196800,1304400,2247900,1305700,3740100,20028000,2500300,2199900,4743600,5456900,18325800,541200,3019541,6186800,3728500,9068763,6860800,39827000,25348000,7716000,6951000,77462000,5638400,686900,5019000,1801200,473292000,1470084,8939700,12779100,3300000,33870501,6014200,423200,3020600,5695000,2040600,9520000,7006500,1206000,431200,6058900,5673400,6577600,1344600,16738200,2741800,3115400,860900,1683900,51274813,3482100,1323400,4990000,290949000,1641900,5077100,2415700,2539000,7160300,2978400,926400,1837800,17981700,2221400,39357000,13037400,1503000,16415300,1214800
2020-07-27,121214000,5030700,,3717900,1523200,1622000,22455700,7194700,107918100,2155700,1417500,83410000,1077300,20646000,3501800,30243800,54721300,5597500,618500,4309100,9552700,13991400,2506900,1603200,37462900,1886200,3182800,19492596,1651500,5312400,2083300,3015700,15576000,6993400,7599700,2603800,887100,2993712,9413000,1577900,4198700,1819200,896800,1615200,2496600,2474800,399400,1265100,8089680,60370200,15877700,2926400,14185812,7678500,3150900,16598100,27124000,2601200,15134100,2412500,3584376,3905136,3023700,107526500,1674600,5675200,11959100,1857900,17346500,1469200,2709700,1047000,2791100,17521000,2311600,4541700,5619400,5039200,13163100,802000,3825406,6052100,3290300,10958307,12087100,30160900,15991700,8909200,12918300,78631000,4273400,575800,4926500,2301800,292132000,2009614,10319600,13963300,3607700,27640307,6464600,645200,3130000,7595800,1826600,8021700,7319600,850800,768200,10194300,6771100,10588000,2471700,15020100,3341400,4299800,1057800,1345400,44346850,3439300,1312700,7958900,240730500,1144100,3874500,2060500,4446000,5604700,2678400,836400,1485100,12306700,1544500,34761000,14045700,1941000,18547900,1256700
2020-07-28,103625600,5941800,,4114200,1422300,1463400,5519400,4565700,94181400,2266600,1553800,62534000,775400,13974000,3567400,25349100,48406500,5265000,488900,4412300,8617300,13121400,2029900,2070300,31311300,1816400,4035900,18752098,1855500,6188300,1374000,3114200,13975300,5593500,6787300,4532000,850000,2337780,6821100,1711900,4851400,1319800,2566900,1228600,2341100,2763300,401500,1374000,9613935,56312500,11826700,2374500,15255125,5484400,2950600,12854300,30910000,2139600,14961000,2227000,4142356,4370397,3218700,62362600,1288500,4842200,11754300,1152000,13872700,1677400,3483100,1132100,3571600,13324000,2116300,6051000,3060000,6363900,14170100,1379500,9255605,10794200,4821000,8494564,7287900,23251400,15614400,6547600,6533400,59867000,3822600,709300,5190500,2693800,271636000,2064722,13030100,12859500,3787500,56393954,7644400,470500,3263300,4312300,2428300,5818400,10081400,452000,1190800,13111800,12273400,8882800,3127500,14551100,2702900,5328400,1185300,908600,49871240,3837300,1107000,3670000,237130500,732500,3545300,2257400,2497600,6897300,3645500,1748300,1098400,13454700,2217700,30505200,14414100,1686400,19190500,2257500
2020-07-29,90329200,5512000,,4744200,1473700,1489300,2950500,4621400,132969700,3286700,1452700,59482000,1131200,16562000,2791700,51709600,71393500,7782500,724800,4067300,15966300,16991000,2338300,2469800,19415000,2132200,3186700,27208393,2170200,6305200,1341300,3747800,11618200,6376000,6386900,2950000,1886900,3379037,9496500,1531800,2501600,1532800,2339900,1961000,2749100,3016100,379500,1964100,7577950,59437200,13548300,4623800,29782982,8345200,2131000,28792100,22676000,2635000,13723700,2874100,3513502,2963109,2489500,60500800,2403000,4489100,12743500,1479800,13758100,1967900,3108900,1209600,2732600,21673000,3542400,3342900,3690600,9324200,13588300,791100,3973949,7890100,5097300,6398040,8074300,19632600,14714800,5381600,7333900,66118000,6872400,1299500,11279500,2119900,284508000,1749240,7242700,16384000,3179000,37033660,6702000,1476200,3888400,4635800,2449100,11453000,4947500,369900,1055500,11162500,15261100,6592700,2015400,7444900,3248400,3809600,1036300,1409400,40350092,3927700,1099300,3606200,141403500,686600,2818300,2672700,6769600,9471300,4510900,870300,1091200,9341800,2861000,31442100,14223300,1741900,14143200,1059600
2020-07-30,158130000,6411500,,3176900,1408600,1449000,2684100,5525000,80286900,1967400,1959900,122566000,1042200,21259000,3856300,29140000,61755900,5135000,341200,4819600,7300800,24154600,3063500,2780900,15895300,1730200,4858400,18841726,2631500,13421000,1390300,3587400,15385100,4600800,10112800,3604700,1235700,1913539,9713500,1956700,2828600,2717700,1447500,1085200,2103400,3226500,461400,1396200,5959341,58991000,17433300,5407300,25586567,9274100,2663300,16012000,36042000,3057900,14688100,2347800,2916795,4171553,3402900,39735200,1640400,5922500,14834800,1166700,17276500,1855500,6638100,983300,2574600,25678000,3941600,2705700,4285400,7897200,20615300,634600,3723148,6256700,5949200,7152600,9410100,25079600,17644300,4235200,7179200,66086000,4018400,1493800,15715500,1920800,308880000,1579166,7633200,29336400,2817600,32273796,10400700,807000,2758300,3422600,3118400,42122500,5437600,615700,840100,12292100,7889800,7323500,1373100,15563300,4483900,3311300,1122600,1284200,35281820,4473200,1142800,2689400,114315000,954800,4146900,2205300,30970900,10499400,6257300,702400,1538400,12635800,2112500,51019200,13788300,2103000,29901100,1129300
2020-07-31,374336800,14613000,,4604000,1495500,2034000,2797300,5900600,71621600,2830100,1781200,161710000,1546200,24719000,4088200,30263100,61955800,7630000,375900,5936500,7060400,22485800,6780900,0,20629700,2452600,4346700,25515171,1845200,7719900,2149900,3734000,17701100,9198000,19119800,4843100,1409600,2014044,9601000,4292100,3292100,4301200,1797400,1009700,3472300,2885500,334600,1664100,12909616,115301700,14627400,2488000,28609840,20551100,7101800,17789000,91468000,2399700,18013100,3640600,4308933,5519847,3423700,46536000,1641900,8259600,14535000,1149000,14849200,3184700,5342700,1101800,3928300,20391000,4684400,3194700,3117000,7444400,53005100,514600,3906614,7572500,9994400,12291154,9669900,51044000,17433200,8030400,8988200,59163000,5509900,1161300,8727500,4898900,386080000,3536664,9355800,15439000,4304100,28472124,8487000,876300,3832100,4995100,5838600,16765100,7490700,663000,770400,11437200,7423800,10384800,1772100,15338900,5643600,5134400,1126800,2221200,51205965,5125600,1217900,4119200,183123000,1762400,8044000,3913500,7429900,14180800,5120100,1499900,2983400,16202900,4884800,45537900,21631500,2663600,32116200,2250100
2020-08-03,308151200,6919000,,3670900,1631700,2075200,2088500,5540600,42628800,1853900,1504600,101494000,1731000,20796000,2869000,38520500,58284000,5032500,496400,6251000,6145500,15856600,2851100,2799700,34967500,2063400,3127500,14653111,2226100,8064700,2480200,6557500,14141100,6130500,11220100,2355500,840600,2340262,10229200,1513300,2552200,2233800,1586800,988000,2822800,4004500,386500,1278500,6623188,53845900,15975300,1503400,18011050,9671800,2580400,10441200,45482000,2294600,11183500,2363500,2233829,3688301,2873300,31767100,1468500,4078700,12962800,1804600,14137500,2577700,3615000,923100,3136700,15178000,3907800,3143500,3818600,4318500,23124900,546300,2708820,6063800,24358900,10601463,9912400,78983000,15143500,8624400,6137400,58731000,5472700,603100,9008500,2471300,412720000,1882265,9164900,22888000,2819200,31036400,7769400,656100,2062800,3171600,4331600,18899400,9292700,487200,501600,8789300,7138300,7285600,1411500,9618800,3927600,4149800,673300,1214600,51608461,5617000,1049400,4548000,132139500,3615000,4311800,2628500,4317200,11405200,5396500,1254500,1716300,13493400,2379600,27863700,14971500,2290100,23033600,1902300
2020-08-04,173071600,7865100,,2730600,1260500,2622600,2162700,5190200,155676100,1912100,1782900,93886000,2065300,25258000,2415100,30853500,37985300,6005000,513100,3838800,7749600,16230800,2301800,2300200,24159800,1860200,3410900,12913368,1839200,5808100,3933300,4480300,12839500,9482400,9077900,3081600,672800,1956742,17293900,1674600,3234500,2680300,2265900,953900,3501200,5754300,382900,945600,9970744,69377600,17646500,1264000,14253587,9799700,3823900,15728800,37212000,1944700,15746200,2224000,3266076,3625541,1834600,29045800,1196400,4162200,13366200,1727800,11717200,2435500,3260000,900600,2381400,11482000,3409200,3699900,5552400,4717000,17183500,456900,2314858,8747300,13185700,7218729,6445200,49280100,15753100,9142400,7627100,56080000,7539300,538100,5705500,1924500,310336000,3522938,6364300,21703200,2553500,29448549,7773700,693100,2988300,3399100,3412600,10205400,7519900,747700,493700,7844600,12792400,14859100,1848600,10141800,3803600,4097700,1116300,1194000,45074786,6781900,911300,2991200,126225000,4555500,5361500,3594900,4841700,8204000,5702700,2278100,1288400,11601000,2809400,28106900,18219600,3269600,17724000,1682300
2020-08-05,121776800,6918900,,4415300,1155400,2353100,2233400,4572700,65642600,1736400,1069200,78330000,1624700,22299000,2844900,46189200,51322600,7860000,465800,5184500,6395800,16412400,2767800,1713500,24040900,2416100,2730200,17293509,1110900,7315000,2923700,3559100,13075600,12890100,7324200,2905200,1366100,2347819,53000200,966700,2861400,1936900,1588600,1301700,3171200,5052800,250100,1355100,7412795,81728400,36743800,1309000,21286984,12271400,2837900,9075100,29134000,2232400,13469000,1959900,4347129,3786102,2217900,29438600,1413900,5467500,15260900,834900,10498700,2166600,2386400,1018500,3039700,8460000,5677200,2259600,14825200,4589200,13050100,594800,3162702,6425900,14914600,6492465,6636100,28806400,13198600,6381600,7661800,43082000,7217500,566400,5040000,1833800,249924000,2553994,6629000,24570500,2924000,24292697,5680000,1033100,1550500,4204000,4538200,7967400,9849900,1132700,653000,10115900,7780800,8142100,1410600,9127500,4043300,3380800,712200,1942900,30387521,7296200,906100,3112500,74217000,1646300,4370200,2982200,3939300,8876800,5284500,1445700,1329800,9809300,2163400,32935400,25483500,2624000,17175100,1587200
2020-08-06,202428800,7269300,,3943000,1317900,2362000,2313300,7395900,53961700,1747000,1127600,78812000,1293700,14193000,2698800,32921600,51999700,11277500,455000,3380700,4367800,11025000,2446400,1513600,85130200,1775800,3156100,14694937,1808100,6588700,2104300,5113300,14190900,6644100,7035600,2720300,968100,3078425,27238000,867700,3036300,1671700,1378500,1002300,2060500,3290600,254300,960700,6345172,48668500,32102000,1364900,14027650,8318000,1607200,14171800,33306000,1882400,11389600,2203400,2655365,3574287,3174300,23795500,1011000,4837900,10482100,1036700,10745000,1938800,2176200,698500,2449900,16996000,4839800,3158900,4484000,6048000,45241600,502200,3451417,4085500,7172500,7256562,5701100,32656800,32204700,4588000,6786500,37259000,4060900,720200,11154000,1902100,244316000,2003112,8169600,18745100,2692900,20922111,3974100,2048700,1743200,2440100,3187800,6392200,8729700,663500,357800,5786700,6764800,8077700,1289100,6751100,2713500,4865100,623300,1497800,29007119,6582300,1229900,4016600,89884500,1153200,2961800,3305300,2420900,7480300,3924600,1059500,1141900,10369900,3515700,44670300,14496300,2398800,14434900,2068700
2020-08-07,198045600,5226600,,3141900,1275400,3289700,2230700,7124200,66543200,1352300,1023300,78722000,861700,14192000,4690700,19318000,63354500,14150000,469900,6186000,8645400,21499100,2223700,1633400,36316300,1801000,2968000,11046651,1903400,4445300,1759000,5423400,17054300,6115100,7185000,3476800,1254600,1518062,16088600,971700,4289500,1514800,1354900,928300,3830900,8528400,224900,1139900,8779044,47480100,21120300,6311100,16665861,8069000,1847000,8038600,27718000,3075000,12918500,2846300,2673932,3818946,5646100,36765200,1110300,3635100,14743700,991000,11669700,1750100,2017100,924900,2904700,13854000,3662500,2980000,4364800,5190300,72766400,387200,2612423,5620600,5469000,6977584,6225900,27820400,13637300,4368800,6067700,59103000,5545600,1470200,12298500,2190600,342516000,1661726,8772300,20961300,3692100,23097251,4934900,1130700,2014700,2912300,2914000,11155900,8397400,432600,471700,6263100,6569300,7823100,1127700,7084800,3145000,6391300,828000,1081200,40278860,7407300,1006700,13771200,133446000,1280300,2856700,2600800,10074200,5654000,3310200,1163600,1006000,12783900,3360900,46272400,16558500,5061000,18757900,1515700
2020-08-10,212403600,7623600,,2776300,1315700,1836800,2774100,7387000,70536100,1533200,1282400,63346000,980600,11989000,5254800,35857700,64051100,8927500,465800,6633800,4329200,16850400,5181600,2287500,41905600,2048300,3407300,17472125,1991500,5612600,1503800,5528200,14999200,6516500,8150200,3188900,2631100,2437834,8529200,1520400,4323300,1378300,761100,754400,3431700,4088700,307700,1574300,10884848,57229000,20166800,10815100,18929062,10278000,2250700,10853600,20546000,2432800,10490600,2393100,3033187,4150842,3587500,37442600,904800,4096600,14989900,1018900,11888000,1159100,1745200,856000,3065300,9292000,3752100,2783600,3351600,4450700,30248800,380700,2718269,6734900,9232600,5782445,6518300,36716500,15881500,7240000,5607100,46912000,12678000,1016000,13620500,2165600,427796000,1720757,10046900,26718500,3052000,19964552,5812700,1093700,2653600,4291400,3387100,10087100,19738000,624300,875200,10042600,6604300,6043100,1049100,11555800,2255500,18253800,552700,1079200,47021066,5072300,1206100,4812500,112834500,1011700,5526400,2563600,7396400,5525400,5663300,1028400,1186700,12114500,2421000,50602600,17683200,2820500,24367800,1393200
2020-08-11,187902400,7208400,,4823000,1757200,1900200,6387000,7608600,77877700,2296200,2111800,74362000,967000,19316000,4744000,61036600,81441000,11900000,576800,5688200,7954900,25256500,4206000,1865200,54167600,1928100,3398400,18289127,1966800,7975900,2065600,5015400,18859600,6957500,9074300,3951800,1909900,2731226,13885700,1422000,4546200,2221700,786100,1416900,5554800,5528600,505600,2442800,9081595,74016400,18491200,5998200,18687596,10236900,4117400,17260200,31098000,4042700,25789800,3321300,4003896,5231255,3825200,35348100,1005900,6388400,31518600,745100,16531600,1506500,2103400,1312800,3723000,11101000,5273300,2478400,5258200,4752100,28238300,527500,4502342,8538700,7622200,7636671,11792600,36446500,21532800,6825200,11407200,73292000,5400700,1527100,8195500,2688500,354512000,2718701,8075100,41894000,3301200,21326847,5329900,1966400,3576100,4574400,3544200,17803000,18211800,587200,921500,12120800,10238500,12160300,1179300,12373700,5215700,13635300,745100,1023000,41026656,7566400,1337700,4763100,129387000,1829900,5383800,3018200,6071900,11549600,4711000,760500,1370100,12833100,2887800,55000100,25360200,3395900,28987500,1136700
2020-08-12,165598000,7705600,,2668900,1512900,2223700,5597400,6170100,88513700,2325500,1381000,70442000,755400,18471000,3407800,40674400,61971300,6855000,612200,4791900,6500100,19337900,2541200,1098600,35876200,2154200,3844300,11104803,1568000,11822500,1853900,3980300,26823700,6865100,9057400,3920300,1629000,1651618,12204200,953000,3397100,1714200,850000,817100,6259200,4644300,315300,2671200,6856481,59161400,12009500,6238400,14073295,9116600,2131400,10060800,22512000,2439400,20495500,3867900,2832233,3692066,2859800,30659800,1437300,5257300,19240800,823600,9562200,1323300,2430400,878500,3791200,12230000,3125900,2167100,3433000,6796800,21415700,607600,2486723,7866000,8280400,7295652,8949400,28013100,17176600,6124400,8270200,54392000,4714800,636600,8098500,1615600,464412000,1406203,9068200,31774800,4424600,19957595,5920400,907100,2751400,4922200,3442200,18664700,12710500,562600,495600,7327000,5378000,8998700,1722300,14560900,4673200,6873000,522200,767500,28046160,5132600,1060500,3512200,327441000,1233900,3073700,2915800,4247200,5432500,3138300,908400,1262600,10802100,1806100,42868500,19094400,2014400,22503200,1386500
2020-08-13,210082000,6004200,,2951700,1745700,2028000,2059600,10684400,57407400,1362800,960900,62980000,758200,15095000,3265400,22958800,55955500,5505000,359700,4535600,4636600,13815300,2939900,1309700,21416100,1210700,2964900,13497017,1166000,8286400,1536500,4711600,91849500,6558000,7314600,2657600,1324700,1366234,6468600,968800,3219200,1191200,618200,687900,3635500,3394600,284500,1803200,5741611,50066800,18253400,3663800,10719714,7468100,1241400,7586100,22388000,2219900,13456900,2202400,2731969,3317180,5028700,24774500,823800,5155500,13598600,1152700,9882900,1147700,2077700,1053600,2272300,10764000,2526700,1795000,3573000,3731000,17374000,411800,3449264,5347100,5040000,7455262,5728700,22588900,41051700,3680000,5629400,30089000,4281700,493000,8499500,1437800,374460000,1535719,8260300,28459100,2393500,15340021,4989500,603600,2104400,3925900,2875500,9958400,8594100,378100,465800,9452000,4383400,5937600,834600,8551500,3926100,5499400,723000,696900,32958464,4584300,1080500,3030500,306379500,784900,2945100,2159500,2848200,7014800,3411000,484400,979200,7428600,1795700,27387800,19867200,1475000,17338700,1192600
2020-08-14,165565200,5488100,,2739900,1130500,1111000,2874900,23421900,42389500,1225000,737000,55034000,1017200,10140000,1956500,32414100,50931900,6562500,316700,3441500,5708900,13861300,2038500,1435300,20937100,1211900,2538400,16258946,1085800,3349800,1522900,2833000,32539500,4920500,6343000,2067200,900600,1444630,6507600,1294900,2016100,1904200,630900,567700,2018400,3498900,361600,1192200,4645807,43517700,9307200,4633000,10111524,9169200,2104000,8587700,21942000,2287600,12244200,2490400,3018227,3099716,4239600,22321200,887700,4240200,12134400,1209400,10075800,979300,1538000,648600,3404900,13446000,1444900,2060200,2421000,3934100,14792700,365900,1922331,4881300,5768100,7390496,5782300,17958900,18167300,4912800,3869200,29435000,2985700,396200,6260000,1382900,366436000,1510951,5454400,21267200,2461700,12901276,5845200,552500,2689800,2829700,2638100,6641000,9203400,302900,308300,5124400,3771300,8740700,678900,7290300,3122000,5334300,530800,1008600,29853155,4926600,898100,2027600,188664000,1085800,2062900,1787200,3479000,5014400,3693700,313500,1008300,8715900,2100900,26743400,20106300,3421100,13595700,1780200
2020-08-17,119561600,7251400,,4657400,1395400,1555700,2988700,6883000,31450200,1697500,1435000,53824000,846100,10594000,7488500,23352100,57518700,6112500,411100,5484400,4785900,19788700,2284000,1182100,33330600,1522500,2762300,13159631,1927200,6089300,1504700,3574500,30511700,5603800,10473800,2749000,1025900,1392403,7492200,1098600,3849500,1481000,637700,817200,1435000,4693800,390700,1513100,10733151,64555200,12216300,2662000,11843460,6848800,1910100,33827800,19990000,3922600,12312500,5584400,2989049,3514665,4852100,20018300,1263900,4306900,14988000,1320400,9102400,973500,2704700,864100,5159600,14184000,2904100,2619000,4051600,4856700,13351100,674200,2473448,6948700,5424600,8764319,7333000,20184800,17303800,4801200,8442100,24235000,3017000,628200,9848500,2126400,621300000,1568227,9523700,31108800,2862500,17494187,5603800,614800,2087200,2542800,2816100,10283000,8097400,403900,403400,6408400,5360400,8340900,1032900,8658100,2725500,4441600,618800,772000,33125686,8039400,1225800,3308700,303634500,641800,2380400,2772500,2408900,6256200,4335800,585600,985000,8371900,1977400,36661700,39465000,2141800,15554600,2368000
2020-08-18,105633600,4557400,,3777600,1475800,2097700,3340900,6166700,30970500,1123800,1896100,106920000,763900,8857000,3337300,21488500,45850100,5972500,456200,3500100,5267300,17100800,1563200,1071200,24744600,1145100,4286200,9301359,1366700,5711500,1489400,7284800,23344600,7118700,7981500,3421000,1120900,1663123,6714600,762300,2606900,1413900,619900,959100,2302500,3215400,453600,1205300,5781287,40444200,13580100,3040400,8564375,6327500,2073800,23102800,28378000,3067900,10542900,6934300,1983327,3014990,3333700,19251400,1216500,4322600,13246500,842700,9829000,1013400,1959700,806100,5741400,10473000,3021700,2921500,11282600,7077300,18690400,408800,1816844,5865100,5824200,6551572,6450000,21336200,20118100,4764800,5309200,35055000,5023000,499000,11358500,2102900,503448000,1414356,21102600,16758400,2638600,10846398,8670700,570400,1490600,2590700,2658800,6387000,7827000,387900,440600,4727700,5272700,7710000,887400,7845500,6647500,8189200,561100,619000,29013606,7841000,1037300,2363300,247117500,828000,2760400,2520000,2606600,6519900,2567300,452300,887100,10130600,2288500,29680700,80232600,1561400,13014000,1476700
2020-08-19,145538000,7672000,,2716800,1671500,2439200,2021000,4979500,37507400,1900500,1496500,83702000,482800,11273000,3079600,25601500,59856000,7790000,418700,5829000,5697500,20837300,1849500,1486900,26620300,1688200,2470600,10518379,1308100,4526200,1730100,7080700,20097400,5070000,9120300,2561300,1512700,1342997,7624200,1185400,2623100,1816600,688100,634000,3145700,2878900,334000,1365700,6435881,44158100,28040600,2218000,10907008,19680300,1665000,14504200,30472000,2458500,11929100,4986800,2226084,3916119,2726700,27775000,1518300,7816300,13533000,734300,17371000,1626100,1938800,717400,9727100,10746000,3421000,2711100,10292400,7431900,23291500,425300,2407309,6439400,5357100,6896050,5957600,27627600,19455500,5481600,6093700,31562000,9508100,487700,9824000,1715700,622624000,2063484,16751500,18143400,3682200,15690055,6827700,512700,2827300,4483900,3100800,7747600,10438600,720700,701600,5381200,6840600,8035700,949800,8055100,2594200,4962300,1018900,1005800,32808588,31932000,1230100,2700400,183079500,1416200,3803200,2066700,2691600,9467600,3031100,526200,996500,10816300,2433300,33667800,38155200,1688500,14473100,1076500
2020-08-20,126907200,6798000,,3548600,1279300,2485000,2412200,8307800,42948900,1172800,1017400,66650000,430400,8910000,3102500,23213400,49403700,6147500,552400,4133800,4661200,15920900,2279700,1261400,19955400,1247700,2009200,12077053,1051700,3943200,1717500,5175100,18443900,6035400,7872300,2433500,1558700,1129805,4918100,1055300,2715200,1268100,508100,813800,2830600,4225500,312100,1209700,5093606,41824500,13829100,1532800,12793394,8339300,1266600,9680200,26382000,1764200,13361200,3530000,1697918,2679015,3332400,55081300,868800,4874700,13672600,915200,11308700,1905400,1830200,1203700,4288500,22140000,2966000,2084900,4165600,5137000,20299700,385300,2380399,6160500,8117000,6380434,5186300,26981500,22445400,3631200,4623200,51325000,4304000,338500,13589000,1226900,921388000,1512912,10974800,21869700,2263000,21957455,4352200,626200,1794500,2690700,2598700,7200300,5405900,656600,455800,4689200,5099500,8161000,957900,10240700,3309500,4220400,735500,873300,30355348,17300400,928700,2268800,309177000,1148900,2761200,2245600,2296700,8849200,3796100,389200,1117700,8061500,2201500,36022100,26810700,1848700,15678500,1828500
2020-08-21,338054800,5269000,,3585000,1976100,2645600,3090600,11150600,48280300,1959900,1139600,71518000,583500,11508000,2845100,16945900,55010700,6760000,418400,4785300,8239400,17416000,2524600,1077600,18797400,1385800,3405200,13797804,1223600,5034200,2372600,5727800,17389600,4961700,9003600,3813700,6446300,1615747,6064700,757100,3911100,1940000,704300,957600,2730400,4166400,504600,1658100,8883212,39158900,11532500,2034100,12008403,9898000,1786200,9841200,34838000,1780900,9806400,5519100,2660776,3540815,2333500,34621500,1589400,6722800,12228300,1425900,14734100,1781100,3112000,996000,4568800,25555000,2680900,3484800,7764800,6411200,15538600,377400,2398698,4334400,6586100,6890495,6408500,36249300,15476700,5685600,5430200,39213000,5564000,440800,11695000,1503000,999868000,1896197,9552000,22666000,4295600,25467170,5706600,893600,1411000,2790000,3124900,8546900,5980700,662200,380800,7067400,5594100,5804500,1068600,8913900,3536900,3014100,722500,1095400,32945886,13732800,1301300,2841000,322344000,1093200,4382500,2488500,4420700,9998300,2936800,560000,1064100,11059300,3258900,27198000,24864000,1624200,25517700,1259500
2020-08-24,345937600,4103600,,3212700,1293200,1840500,2519800,8366500,38036100,1565300,1201400,93326000,466100,11996000,4141100,39317100,54579500,9060000,381600,5039500,7824900,19745100,2921700,1144700,56417200,1454100,2796800,16289569,994100,5357400,1461500,5699000,17742900,8360100,8738700,2074000,3177900,1383830,7613600,844400,2679100,1842600,578000,729600,2539100,6078900,371200,1595800,8036404,64974700,12816700,3393700,20622516,8566200,1431000,20137900,25638000,3097400,14722400,4430900,2214307,4258057,3492300,36295300,1582200,5387900,17898300,922200,9257700,1363000,2268400,1006400,4872700,16823000,2753900,2463900,5905400,4441100,23685600,521900,3114862,7911300,7215700,7582280,7728500,25460100,14972200,3548800,4546900,47622000,8173100,416700,11785000,1286900,490564000,1858838,7892100,18722900,3177800,25011947,7420500,785600,2015900,2484400,3011200,10235000,12221500,991900,596400,6379800,5867400,9920000,786300,8702700,3386100,5515800,588500,897800,34932813,11757000,1201100,2713500,300954000,916200,2841300,2922200,4084000,6159600,3226400,856600,1037300,10931500,2052100,36906700,19813800,1247300,18208900,1721500
2020-08-25,211495600,6710000,,2626400,1501700,3967400,1685000,5156900,49234400,6392100,1060800,79856000,485400,11140000,2946600,31318500,57304700,7830000,373300,3675900,8218200,17244800,2467500,1443600,38551500,1337700,2374100,8976671,1152800,4160600,1176200,27096500,15417400,4326100,6835800,2535200,2706800,1634472,5494400,1312800,2769200,857600,664100,870900,2094900,3263300,186200,1250100,5350032,49550000,9565300,2160200,13934033,7456600,1735700,13006700,25150000,2627600,10201200,2854500,7851931,3114674,3434800,38384300,1490100,3863500,13648900,869600,7827800,1064400,2216100,987400,3490900,13102000,2862700,2302400,3296000,4781600,42127200,322000,2318446,6117900,7086600,10245982,8425500,23043700,21524900,4051600,4179400,57277000,4380900,454600,5824500,1246500,289076000,2085053,7427000,16296300,2597400,26221201,4718300,769400,3120900,3365500,2303900,6208000,7931400,734300,641000,12678800,17659500,5261000,810000,11012500,2409100,5053500,528200,811100,27839880,7907200,963600,2322300,159883500,700600,2840700,1879300,2931500,5828300,3380900,1344600,1316200,11316800,3790100,35077300,21722400,1724900,31285600,1076100
2020-08-26,163022400,5682800,,2968800,2322100,7780300,2532000,5964900,47157300,3125000,1479400,130174000,578000,14844000,2936500,16189800,39478000,9860000,540200,4639000,4574200,14541600,2379900,1828100,24425200,1938600,3476800,15394889,1373400,6753300,1757000,63253400,21625800,8198800,7486500,2708500,2039900,1287048,8447800,815600,3367900,1580500,783800,1342000,2901700,3054000,313500,1127400,9256845,48600100,15336400,1518200,11497281,7522600,2229900,9740000,52188000,2563200,8954800,4001900,3678063,3544162,1944400,28616600,1537800,8008300,12052400,615200,10124200,844900,3029700,908600,5319000,11947000,3512000,2316700,3297400,4798100,69015200,468300,2994066,11083300,5174700,7844175,5920800,39600800,15328900,5238800,4141400,203737000,4477900,607200,10999000,1089400,321244000,1636339,11597600,19787700,6019700,24083689,4746200,969800,2780100,3648600,3003400,7487400,5710300,487900,609100,8659600,7934300,4117800,917100,7982000,3015300,4363500,676900,846900,36860557,8857500,945900,2953400,213591000,892900,2974100,3178900,2761700,7035200,4065200,1157300,857500,15096400,2350300,28348200,18814800,1873100,26795000,1917800
2020-08-27,155552400,5271500,,36319000,1295300,3631800,2159800,8917800,42194200,3928300,1398200,85296000,426400,12552000,3992100,29548100,52934800,9972500,428900,4814200,8959500,19393500,3010300,1858900,48079400,1648000,2208900,15276773,1339500,6231600,2220700,22817100,22456800,5074000,7438200,3339500,1875400,2877866,13667600,870000,2932800,1923000,869000,1360800,2122700,5453800,302800,948000,7669220,45740900,17636400,2014900,14724301,7919600,2158800,8745400,31350000,3692400,8343400,3430900,4542247,3580144,2968300,24420600,2590800,5575400,22163900,1158900,10931600,1084000,3146100,700300,4425000,19022000,3811700,3226800,2623000,4473100,30301300,434200,2781776,6558300,7384700,6464902,8910100,57602200,13777000,4555600,4857900,90629000,4390800,669200,7606000,972300,317604000,1731180,15834700,20130100,4159300,22156556,6156100,616600,2035200,3502000,3160200,8206200,9902900,534900,410300,8749800,9099200,6467400,800400,8549000,3543000,4207400,600600,1507000,39206950,7639700,2092000,2464800,355395000,1591300,2801000,2321000,2913400,8619600,3453600,890400,961000,11405300,2786500,36706600,119018700,1900700,32034300,1121700
2020-08-28,187630000,4938300,,17204000,1212200,1926300,2894300,5206000,40723300,12838400,1062900,57940000,502700,14589000,4382900,20383900,46466400,8020000,436000,4290400,4542200,16990300,3698700,1781200,51079100,1511300,3039800,11710432,1220100,5058100,1487300,28068000,16573600,5045000,7307900,2992400,1261400,1564649,11020100,1049000,3190500,1553800,748800,643300,2049600,3365900,286900,1049600,5511262,39936900,16416800,2996100,11870004,6821000,2982900,9180200,22418000,3697400,8505200,3100100,13805520,3242182,2053100,35384700,1940700,5395700,13756700,828900,16420300,959900,2102600,728300,3291400,15962000,3544700,3212500,3311400,3865000,17157400,579300,3643375,5476500,7090800,6134049,8743800,26292900,13459100,4618400,4472500,44175000,3731100,513500,5305500,1245200,537160000,2119109,8613800,14105800,3355400,32830519,4166300,854000,1941800,3119200,2469100,6280300,13883000,584200,327300,18550100,9303900,6156500,1015200,12613700,2867000,3676900,509900,946100,35535366,6161900,1325000,2797900,301218000,858300,2884700,2883500,2979800,7349800,3805600,655800,813500,11873900,2425300,25797300,64050900,2082500,33477100,926000
2020-08-31,225702700,9932300,,6943200,2001100,2346700,4966700,6454200,90655900,4053900,1307500,83718000,601900,22229000,4665800,16264300,49416200,8030000,581700,6131900,7473600,16280100,2886500,1386400,43771700,3040200,3272700,26566273,1374100,6165700,1586900,16010100,21298000,8171400,9437500,4476800,1944500,1928993,11617500,1328200,3569300,2727200,826100,1514500,2387300,3017300,580500,1690100,5585848,50089500,15362200,1839300,28464920,9083900,2646200,9585200,26422000,3046200,9810500,4105400,4840176,5049983,2321500,46114100,1806300,6362700,14219400,930100,18510800,2297600,4430700,1030400,3421300,25334000,3948200,2900900,4022600,6261900,17345100,612000,3445796,7826300,5727700,7929273,8026600,28774200,13241800,6013600,6040600,49414000,3519800,558000,6952500,1897500,500840000,2962459,18683500,17913800,3828700,30032465,5596800,1027500,2630400,3582800,3657000,9694600,8218300,908100,367300,10885700,6401600,8331400,1129800,13596300,3863500,4089900,775300,1076600,54923492,7453800,1557600,3926100,355123200,918500,4344600,4341600,3960900,9326900,4486200,915000,1310900,14555500,2627800,27615500,45236400,2078000,25259600,1392800
2020-09-01,151948100,15783600,,7963100,1914500,2404000,3172100,7919800,55825600,2869000,1085000,68644000,1071700,29205000,3142500,18977300,46109200,7897500,402800,4134300,7997300,16903400,2673900,1148600,26417100,1878800,2968800,18077007,1340300,6267700,1773700,13293600,23325100,12370500,8990600,3360600,1873400,1802318,7351200,735500,3194100,2710100,1124900,1712800,2255600,2906400,306400,1256900,6132068,48189900,18879300,1901800,18695642,8348000,2539000,9007100,22652000,2457000,11040300,3235100,4217051,3300444,2670700,30472800,1563900,6307700,11595600,738100,12588400,2285800,2358700,908400,4284400,20873000,4409600,2926700,3745400,5355800,17295900,529400,3469716,7105300,5048700,6797433,5568800,25725500,14079800,5729600,6144000,95727000,4912400,538800,6853500,2102000,511316000,2353889,10169500,22914400,3421700,36145560,5671800,996800,1735600,3285500,3194900,9091900,6146000,1028000,257600,9308800,8166100,6146400,1512600,9446800,3214200,3485200,564900,925400,61591818,5863300,1489700,2938100,269523300,913400,3563400,2487100,3097000,5642900,3197800,957300,1252800,13358400,1386900,30508800,106798200,2124400,22464100,1273100
2020-09-02,200119000,9139200,,5843700,1702800,2783400,3201300,10802500,50366900,2871600,2034000,78630000,1296600,37053000,3536900,16552100,57300900,8382500,684200,5493900,9847100,15348600,4515500,2362600,20720900,1692900,3405200,21789314,2407000,7441600,2434900,12963800,30045700,15721300,10821900,3845800,1983000,2163166,8187800,2040800,3626200,2337400,1372800,1388600,2880900,5249900,535800,1393800,13431861,59008900,23304400,1680700,16816680,8334700,2669100,16246200,49522000,3565200,10415400,3464600,4362726,6895650,3027800,53000700,3234300,6881900,14475700,1171500,26332600,2912700,2406800,1214500,4262700,27631000,4127200,4092000,4861600,5295900,24341400,563200,4716665,8021200,5556900,11571597,7547100,34080800,24636200,9754400,7384200,58869000,6775400,660600,6777500,2764000,874012000,3085783,14342800,19131800,4918200,29068688,8384800,1011100,3236600,3321800,4491700,9167700,6132200,878000,560000,7511900,11378900,8021200,1393500,10875100,4046900,3595200,764900,1944100,46510531,9769000,1221600,3600400,288528300,1296200,4579200,2846500,3778000,9863800,3959500,892200,1352400,21711900,2724100,40334000,51666000,2908300,26413400,1790200
2020-09-03,257599600,8921900,,6096900,2350500,5837600,2230000,11013000,87462700,3137700,2094600,163222000,1320600,41795000,6747900,27799400,86192500,10702500,739200,7084700,9762800,25003200,4479100,1749100,94120100,1654800,4486600,19755612,1812400,8733400,3630400,14000600,39288100,8928900,16179900,4559300,1975200,2672006,12079200,1350000,3134800,3430500,2042300,1247500,2243200,5188200,449800,3002800,11790820,78130900,18692300,4003800,18884902,10457400,3408500,22358100,63726000,3533500,15884500,5380100,3742890,5979773,4110300,47394300,3249900,8672800,23281200,1807400,22289400,3305100,4226100,1500800,5734400,25566000,6297400,3126700,4831600,9118600,32294100,717900,4163635,10906100,6314800,12983672,11029600,58400300,20632800,7855200,7148200,90711000,7264400,791700,10123000,2176600,945128000,2996515,15387400,26076900,6642400,35956788,7277900,998400,2367900,4024000,3365700,13560800,12987800,841500,550800,8515700,11036600,13777900,1576800,16863200,4326000,5310100,1352100,1330200,58690669,7709000,1882700,4411900,262788300,1512000,5866400,3872500,4759900,11310200,3624200,765900,1619600,23126800,2828400,42349300,48015000,2834000,28817200,1794100
2020-09-04,332607200,9444800,,5027700,1946400,3900300,1710200,14688100,82267800,2910200,1885100,175636000,1375400,58514000,5235100,18867300,99621400,9482500,822100,6041400,9232500,25124000,5129400,1943200,66539700,1813700,3643800,17287214,2038800,8285300,2557000,14374300,34867400,8655200,10516600,3311900,1662300,4196273,11248300,2312300,2820200,2429700,1632800,874700,2236400,4418300,399900,1545500,8397559,70017500,21907000,2879800,17992270,8762200,2566400,13822000,55850000,3668900,12968800,5253500,3529417,6295037,4906700,43318400,2487600,7200100,26325500,2380600,21019500,2924700,4361800,933600,6303800,24709000,6571200,3828600,4422800,8867400,30333700,985000,3907332,9461000,7278900,9359688,9413000,59664100,20608500,7247600,6969200,82701000,5157600,584400,13400000,2274900,1463684000,2392589,14697200,22767800,4836400,26872257,7437700,1399100,2042800,4107100,3420100,11064300,7898800,715400,585300,6785900,10349400,11454000,1858500,15384300,3475700,6858400,1275000,1044700,59361805,6807100,2189300,4691000,330965700,1507800,5251600,2901000,3601300,13243600,3700500,855700,1514800,22250100,3447500,48745000,33982200,2518800,24632500,1552500
2020-09-08,231366600,8563900,,5217700,2361200,4533100,1821800,20934800,54955700,3358600,1451200,121884000,1109400,26685000,4517000,22622700,74978600,8672500,837100,7001200,7104900,28128600,4775200,2921300,46728100,1511600,4816200,22297739,1672600,9338600,2144300,15229600,29101800,7801500,14942500,3142700,1918500,3010068,17257300,2021800,3252000,4622600,1322700,1191000,2716700,5747100,362600,1450900,8510701,84749300,19275000,2121100,24206006,10729400,5062200,52000000,54032000,4574700,15783600,5241200,2967405,5449974,3258100,39752700,3123300,8756800,22108600,2919000,17776700,1849300,4351200,1071600,4892800,31138000,4425700,4107600,4376000,8459500,24864000,842900,3425224,8765400,6645500,9095592,10946600,52924300,20893600,7158000,6152200,55727000,5300100,661800,8826000,2363600,795728000,2060904,16472800,36644800,4901500,26736818,6847500,650100,2764300,4235200,4119800,10245200,7383800,688300,523200,10523800,11083100,9022900,1951800,15677400,6763200,3899300,1055000,1537300,61477424,7827400,1515200,5686500,346397100,2165600,5893700,2594500,3176400,14186900,4513400,1121200,1264600,18469700,3370500,49082900,33966900,2328000,38496400,1829100
2020-09-09,176940500,5373500,,4365100,1670200,3312100,2124500,16267600,54163900,2244300,2202100,103774000,1025400,26273000,2474700,21951400,53822700,11522500,830500,5417000,5876900,19193900,5345100,1743100,36217900,1667000,3128600,16454100,1241400,6440000,2100900,9988600,23351600,6259300,9269800,5016400,1569200,2984237,8891800,2120200,4411100,2776500,1342700,1023900,1671800,3565000,320500,1346300,6263996,56501400,17462800,3222700,21878280,9309700,4654500,22375200,39242000,4681400,12272500,4754700,2978758,3944152,2718400,33437300,1850400,6960700,13434000,2314400,15252300,1854800,2328500,1218300,4382600,30867000,3344900,3213200,6858200,7100000,22918800,641700,3255153,16628800,7017500,8862307,8808100,45679000,17529100,4781600,5519000,68481000,5997900,608800,9028000,2257500,736200000,2026745,13993200,22103500,4282300,27490533,6002900,702100,2999700,4483800,3057100,9708400,6760600,620400,624600,7560700,6928700,7657700,1585200,9925300,4665400,4332700,842900,2487800,39217145,6996100,1665900,4024200,238397400,1457400,5418500,2195600,2317600,7532600,4490400,846300,1829100,15896200,2326200,49427900,33669000,2124400,25886100,1408600
2020-09-10,182274400,10403600,,4271200,2024100,4248100,2424100,10670500,51499400,2126400,1256800,106614000,1181300,22851000,3288900,14532600,56609600,8545000,891000,3837300,5182700,22324400,4387000,1892000,36598300,1346300,4165800,17097181,2055500,8582800,1959600,5945000,25108800,10105400,11845900,3734500,1840300,2725248,9853400,928100,3591200,2460000,828600,1096100,2226900,7457200,274800,1299300,8555004,69228600,20855400,2443300,19526919,8420600,3399800,24845100,33024000,2510300,15727100,3156300,2986609,4161406,5602700,32649100,1563600,6191800,15922800,2413000,15439500,1095400,3961300,716000,4129200,20852000,2845900,3325600,4729200,6721200,24814700,453800,2456823,7569900,8887000,6907578,8609100,35461500,13744700,4362800,4837700,62402000,5032800,558100,5573000,1227400,698684000,1523335,20500900,43466300,6050500,21650741,5242500,624300,1792100,3402800,3100900,6166300,6334400,879300,592500,8670400,7552000,5709900,2507400,16190800,6263300,4586200,679600,1115600,62779578,9039900,1540600,3862000,254791800,1137500,3985800,2421200,2450900,7243000,4870800,593100,1231700,15811200,1787900,54211700,33709200,2172500,34381200,1356800
2020-09-11,180860300,8385800,,4111000,1301000,4414200,1824100,9203300,54763000,1899400,1219400,101880000,625800,17362000,2604400,14722400,47708300,9570000,660900,3437100,7142900,21033200,3237100,1267100,23899500,1499900,2736900,19543385,2143800,6769100,1599600,5455200,21853000,11597100,13732400,3816200,1902400,2132484,7165300,1532200,3196800,1746600,1012500,1336700,2253600,5658300,222000,1049900,6451724,55080600,21087200,4865200,14429505,10213000,3557400,13638700,30706000,2376400,10846300,3729200,2245819,3711313,3219900,29333600,1300200,3934700,13784300,1318800,18272300,1382400,3001400,933800,4870800,17272000,2920400,3616500,2530000,6351300,18913900,558600,2031406,9282300,8273000,7171254,8969700,33620100,18365500,3932800,4064900,50352000,8565200,489300,4478500,1286500,636928000,2063071,40220600,35175700,3411900,24109301,4398000,865800,1830200,3007800,3002100,6740200,4109400,814100,524400,9780900,7103300,5890300,1420800,8634200,3803000,5096600,681900,902600,39282550,4841100,1743200,3098100,182152500,1176600,3524400,3085900,2466800,7439000,3969400,995700,1169700,13924800,2518100,34861100,28879800,2255500,26838600,854100
2020-09-14,140150100,5212300,,3824100,1576400,4463800,1979500,8495700,47448700,2086500,1333900,90592000,611000,16447000,3620100,17228400,47802400,9425000,631400,4068800,4797600,58798300,2569300,1390100,25838400,1564800,2529300,12201892,970600,5436000,1522300,4255200,19866700,12955200,8182800,3437400,1249300,1940950,8391900,1745700,3438100,1376900,1029500,1448100,2684300,5543300,278400,1686200,5136788,58704300,22376700,6583700,14847532,18854200,3679800,11972100,42660000,2756900,10765000,3055800,2264174,3809009,2994400,27212500,1168800,4375800,19017400,1254300,10911700,1524900,3072500,991000,3583300,19547000,3416100,2543800,2656400,4612000,24093800,545800,2707983,10177700,9334900,8575994,8812200,30375800,26715400,3916400,5007900,73591000,4990300,552900,7172000,1781900,1201744000,1992895,50107400,25198900,2779000,29565543,4767400,988000,1842800,3989600,2889700,5397300,4715900,762200,389300,6548600,5535800,6875600,1336200,9913100,3705700,3529100,628500,929100,38028987,4484100,1052300,3939000,249061800,1022000,3120400,1795500,3617900,11730500,5927700,740300,1200500,11932500,2796300,49787100,45733800,1784800,26129900,2092000
2020-09-15,184642000,3851300,,3654900,1297500,5682400,1667400,7209800,57874400,2243900,2426700,80430000,700700,16618000,3371500,14881700,63820200,6700000,626400,3855800,3644800,84689700,4092400,2093600,80598100,2857900,2093300,19649765,1479800,8333400,1362500,4133600,19024100,10139200,11732000,3948000,1740200,1794986,7289100,1881900,2582500,2129600,1433300,1250300,2233600,4791200,218000,1490000,4641321,65198500,16686300,9847300,17325133,8327700,2522900,21096300,23042000,3717600,7930400,4174900,1964123,3049299,3270600,27598300,1135500,3658800,23683000,1441300,12838400,1401100,2923500,955700,3998100,17141000,2396400,2640700,2284600,5236300,18478500,460500,2459335,8482700,5248500,10826678,7660100,21823900,14456000,10827600,4301500,53370000,5934200,523500,5602500,1795400,727556000,2499298,30385600,34684800,4080800,22003726,4046500,524100,1524500,3199200,3397700,8773700,8654800,612400,410600,7069300,8361900,12952500,1062000,10611400,3519000,6836300,779300,2052500,34307091,7179500,1292600,4821500,291894600,1071100,2718700,1468300,3238500,6328600,3568400,830100,1217100,9444300,4107900,41954800,30427800,1830200,23724200,1039900
2020-09-16,154679000,6304400,,4242500,1800400,8462600,2111300,8339400,38393500,2325300,2326100,90244000,810000,18498000,5798900,21851400,64598600,9557500,1003900,5658400,8530000,45484600,3302000,1598600,38270300,5268400,2498900,28090802,1885400,9240700,1656500,5441200,24310200,15419400,13019000,3805300,1572700,2056457,6601000,2125400,2904600,1832200,1574000,997400,3143600,6553700,264500,1896900,7892699,46245800,27622400,17073300,51360267,7563600,2432400,16397800,22128000,3571400,14990800,3379100,3344272,3962666,2258100,26531400,2312400,4323000,19270600,1624500,15353900,1635000,3618800,1052200,3814700,14157000,3049000,3463700,3164600,5677000,29183400,713400,3506313,9752100,9228800,10380230,8699700,26328100,23542200,19501600,5526400,43949000,7023700,750000,7534500,1834400,556384000,2143774,21223300,53161800,3353500,22208412,6049900,710100,2363600,4103700,5347700,6340100,6676100,804400,489100,8873300,7146400,8778900,1212300,14177400,2842000,8906800,907100,2038000,40870556,5704000,1842700,5758900,216837900,1052400,3591700,3438200,5736800,6135000,6197100,1135100,1387500,12699000,4158100,51768200,27860400,2143200,30890900,1721200
2020-09-17,178011000,5604700,,4283500,2002500,4560800,1562700,7098700,55619100,2801100,2341500,128982000,739700,22862000,3215300,19717800,48862000,12015000,1033500,6940800,10884000,28741600,4487000,1819900,30506200,3159800,2525300,22677485,1615600,13147700,2681500,5279500,22225900,12278700,10515100,5056400,2094000,2216746,6723500,1855000,3355800,2151800,1343900,820100,2398200,3900500,294500,1384800,9933450,84850100,25035300,4254300,52374245,8498300,4270100,11459900,40008000,4274800,12584200,3166600,2823745,3317180,2520700,26959900,2458800,5461400,18290100,1090100,13287100,1506400,3620700,959500,3717800,19136000,3713000,3376600,2963400,8430800,31281400,657100,3296296,9770500,8454600,8090455,7533700,34011300,20556900,9385600,6656600,53793000,7376400,361300,7892000,2519700,792512000,2923450,22831200,27860600,5186400,17894390,4648500,685800,2309000,5257000,4187000,7418100,5638300,686500,537900,6062800,7386600,7298400,1413300,11677400,3841900,4973200,783700,1427100,41904600,4683700,1304300,5859000,230337600,1310400,5646100,2394100,3002200,7474900,6633400,752300,1763600,14996200,4270500,51531300,37245000,2704500,24696200,1258100
2020-09-18,287104900,10076300,,7622400,3676400,7182300,3160200,11913000,51082900,6042400,3270500,177852000,1150800,35295000,6630300,22057100,94055800,15732500,2989100,11862200,10720400,33201700,5113500,3016300,51607600,3016700,4563600,42280942,2325100,12409800,3409300,6595600,44450800,13532300,14517800,6489000,3063600,4362878,9916300,2608700,5035900,3402700,1910000,2162500,3503600,5865800,421300,2613100,11884754,71929400,26836600,4348700,29148649,14256900,4671000,15039900,63056000,9066300,12507600,6072900,5207388,5639614,4798600,50123500,4024500,12174000,20121600,1792800,23816600,2460200,13209800,2636400,5484700,26603000,4006000,3861400,9391600,10463100,28130800,765800,4885062,22715200,12106500,12308446,10743900,55225300,25549000,14386000,12537400,67177000,12876600,689900,7306000,4002100,698460000,4064326,49311700,40722900,8473000,31694623,10192800,951000,4555400,8811100,7292400,15443200,9855000,1977100,774100,16814200,10113400,9021000,2295900,19118700,6289200,5821500,992700,2612000,60721023,6571800,1737800,8822900,259220400,1892400,7025900,3795400,7274000,9084100,8200400,980200,2179500,22584500,4996800,115153200,54709200,3958200,46853800,2518700
2020-09-21,195713800,7328300,,4559800,2305900,3913700,3135200,8494300,61312000,2745300,2848900,122358000,762600,24198000,8339900,23125300,75218600,16402500,659600,8341400,10625600,33469700,4278200,2017400,42775100,2527200,3004500,34418966,1900700,11316000,2427400,5561600,28495000,9784500,16199100,6087500,2134000,1811681,10352700,2085400,3001600,2017400,744500,1567800,2767600,4719900,350000,2353600,7313954,72850300,29936700,4109500,32651524,8575200,3401200,20577900,56908000,4871300,19709700,3548000,4731636,5555724,2923300,27377100,2352900,7574500,28378800,1099300,17514800,2180300,3501600,1447400,3929500,18802000,4466000,2831800,4684800,6384600,24709400,1296700,4678393,10251700,10301500,10445311,12909900,39839700,21257500,7558800,9673400,54575000,8486400,714900,5532000,2879800,721044000,3324898,32560400,23028100,4402700,26608968,7092600,1110000,4409500,5570000,6187500,8197600,8709800,682500,1024600,8845200,7188800,11448100,1043700,16106800,4813100,7010300,1129800,1316600,60207576,7933000,1283200,4562600,328430400,1508700,6036000,4124700,3894400,9656000,6162500,732400,1150500,15871400,5014900,56188400,47275500,1776300,35351800,1170000
2020-09-22,183055400,5306100,,4180300,1786200,2629100,1773700,7629300,56044700,2172600,1702200,138976000,671700,19500000,4884400,17768900,68665300,10850000,565600,5289400,7024700,25799200,2579500,2203100,30011100,2318500,2852500,35103553,1160300,7963000,2128100,3600800,17656800,6906400,9155000,4742500,1622400,1841911,6978800,1770700,2703700,2081900,913300,1977600,2114200,3767800,327200,1730400,6237358,55865500,16426300,2651700,28269901,7228200,3821200,11106800,33950000,3355800,10214600,2972000,2653561,3093859,2522500,22290900,3708600,5295900,19257000,837400,13034600,2209100,2926400,1286300,3526300,15072000,3375300,2475600,3161400,8876900,30293100,443000,2516145,8560100,9786300,8143170,11164400,33517100,10845300,7192800,6165700,34823000,13007200,651900,4649000,1936200,646452000,2072566,13306000,17454800,3951000,22727297,4722800,557000,3161900,4908500,4135900,6911200,5057600,580500,558100,5883200,4465000,7816900,1332900,8862700,4047500,6154600,748200,1036100,37268482,5915000,1168600,4332100,238742400,1053400,3213200,3163600,3051900,7543100,4799600,487400,817500,12198900,3804900,39839500,33102000,1629700,27303200,1545000
2020-09-23,150718700,6253000,,4040100,2688100,2671300,3406000,8831800,42327500,2104300,2550300,113054000,885100,15542000,9427200,18247500,59950300,7222500,511400,4421200,7462000,28780200,2420100,2495500,31255200,2879300,2962100,20989170,1579300,7714500,3577100,7507900,24843200,6726000,16649200,5437400,1683500,2008630,8323600,2067300,2322700,2444400,1131500,1669100,1918600,4041400,317500,1981000,7070987,52588600,30695300,3083000,17785373,8520200,5711100,10899600,37726000,3116100,15910300,4467600,2660564,4120612,2456300,30078800,1876500,8784400,19952700,1136500,17121200,1753500,3545700,1223300,3245500,22289000,2893900,2777700,3568600,7038300,19641300,861900,2688847,8258900,8669200,7085842,8248100,30803800,19160000,5855200,9235800,37264000,37822700,790800,4132000,1915400,647012000,2425200,15513500,24502800,5909900,23102521,6373700,902900,2543300,5012500,3725300,6553300,5252900,535600,669900,7280000,6414700,8151900,1137600,10684200,2786700,4440600,628100,1048500,57973723,5962200,966500,3542000,285222600,996600,5766400,3709900,3842400,6310600,4627500,1256900,864300,15416200,2726900,45697700,23133300,2198900,31251400,1301200
2020-09-24,167743300,9980800,,7604000,4828600,2838800,3551500,6318500,57540900,1827200,2246600,110588000,795400,13611000,4249000,27098100,53570700,9852500,552800,3962000,9270500,31259200,2138800,2292200,32679800,1797300,2385200,15472140,1258800,7084000,5779300,4166800,30910400,6960900,15203500,3249600,1025900,2695243,8480000,1166500,2582300,2001500,961700,1311900,1646100,4431700,346900,1859500,6442050,59822900,29015400,3048300,19154738,9004600,4351700,12393700,34552000,5114600,24020300,3095600,2374836,3709325,2531000,29343400,1245000,5614800,18366500,1134100,16788100,1391200,3424200,1295100,3888600,22068000,3706300,1727000,2916000,6233800,20006800,631600,1877361,7301400,9454400,7844280,9832700,31202500,13842300,7478400,6268300,37272000,13485800,574900,4212500,1495700,731240000,2916019,9560500,22870400,4316600,20859925,5708200,593700,2235300,3597200,2981000,6849000,6456400,457900,471600,7737300,4881500,7039200,902400,17772300,3146300,5337500,644400,928400,43760980,4563400,904700,4184700,289683300,768000,2911000,2869100,2975100,9865300,3818100,683100,1422500,10875300,2733700,43329100,29453100,2035100,26796000,1415600
2020-09-25,149981400,9935600,,5060300,3691100,2541100,3252500,6542600,48206200,2635700,2861500,92304000,566700,18183000,2775600,29123000,42111300,7565000,486400,3562400,7749100,26917200,1848900,1827100,54137400,1853500,2803300,13397252,1337700,5240900,7338500,5117800,22966600,4911400,11070500,2749200,1225400,2596092,6851800,1225500,3854600,1915600,1021300,1321900,1847500,3365800,251100,1605300,7285633,53761800,16654300,3212400,16006529,7142800,5859800,9350400,30326000,3106000,18480300,2457700,2752128,3089570,2512400,26633400,1566900,5531200,13293100,906900,12603400,2227300,2440600,1375400,2828600,15512000,3077500,2196800,2865000,4743000,18351300,477700,2330884,7854900,6647200,6932101,9816000,29437300,17773000,5456800,3833800,37694000,9182800,646300,6032500,1134800,588016000,2373394,9371900,30812500,4576000,14365598,4969900,575000,1634700,3836600,2824300,11718000,7922100,643600,563400,11955200,5981500,5768400,856500,16290200,3061900,2601500,578700,836000,47569731,5954200,1112900,5134700,201625500,829800,3036000,2455800,4399300,5496100,4687200,829600,1345800,10676300,2539500,30229900,22618800,2217000,23486000,1195900
2020-09-28,137672400,6306900,,5515500,2587600,2844800,1707900,8616000,48005500,2213900,2593500,84484000,742200,22192000,3930900,38868200,47996900,7407500,567000,5042800,6436500,21204600,2212700,1843900,36759400,1161800,2586300,17294790,1396600,8958400,3459200,4088300,24275700,5304900,12863800,3076800,1191500,2342066,6283700,1414600,2424600,1796500,1316000,913800,1949300,4169600,333100,1599700,6535423,47582600,17461200,3309800,16711586,7474700,2781700,8395700,30784000,3280100,16598400,3061100,2665869,3670623,1855900,29652200,1951200,5843200,20894100,1348500,11215700,1182300,2427100,980000,2815700,17928000,3122500,2111700,3912400,5477400,18826300,528900,2509806,8003800,7496000,6123674,9466200,32004900,18904000,6918400,5400800,47735000,7525000,566900,6288000,1434600,573808000,2328605,9356300,22622600,7487500,15044269,5810800,529000,2298700,3832600,2126600,9043600,5677500,637000,470500,5457500,5976200,6035300,1284600,11912400,4436000,3771800,741500,1219100,40415232,7808200,1110700,5850900,149158800,979100,3454100,2575700,4338400,5565300,3247900,708500,1103300,11910500,2402900,41103500,21197100,2062300,23396500,2293800
2020-09-29,99382200,5508900,,4464300,2572000,2030400,1688800,5402200,61568900,2008000,3098400,69916000,603100,13722000,3200400,19874700,45695200,5710000,409700,4036900,5951300,20694300,1605600,1552600,23215000,1460700,2076000,12669345,1741700,6662600,2526000,3983700,16353700,5779900,10553000,3523900,892800,1944785,7405800,1017500,2126100,1793500,776900,862000,1379200,7017000,290400,1064300,4595616,38987300,13617400,2195400,14761158,8657900,2246100,7419900,31816000,2400000,13391900,2048900,2301627,2203504,4536100,19558200,1625700,6768600,12848200,762600,12426600,1178100,3308300,1113100,2212000,17997000,2679500,1731700,2786000,6352500,20200200,466000,2400013,7030200,4856600,6742413,11355600,24221900,35676600,7094000,4130400,35415000,7796400,483200,4120500,1190700,621460000,1836547,6340600,29525300,4330500,13512491,4492100,398900,1826400,4060200,2464600,5655700,4396300,454100,388700,6362100,4064000,7150300,871200,15827200,2951300,3816800,580900,782100,33695138,6444500,911900,3221100,150657900,1216300,2722900,1797800,3113700,5513500,4385200,544200,891700,10005900,2048800,38416300,27702900,2066200,20770500,1046300
2020-09-30,142675200,8209300,,9487000,2250100,3508200,2594900,9074400,51533700,3526600,3345600,97922000,1152700,22403000,5060900,38436700,56226100,8152500,741100,5821800,7711800,22533400,3642800,2341600,44374800,2328100,3962100,29766419,1322800,8111700,2525800,8188500,27113200,8156400,10466500,3685200,1883900,3705706,13642500,1656400,18804900,2164200,1390400,1312800,2687100,6033700,442200,1664800,9896998,55944600,18614300,2506000,19417934,10072600,7706300,11522000,40924000,3075800,12139900,4778800,3059287,3411111,2344600,27711300,1895100,8487700,16400600,1019300,15755900,2121000,5083900,1410300,4198600,19892000,3285200,3034100,4817800,6130700,20142500,655100,3656052,7706900,5788800,11593605,15047300,33829100,55392600,23238400,7212700,46341000,8699700,1183800,6011000,1468200,689184000,3098683,11001500,23364000,7060700,22629275,8727800,961000,3645700,5410400,2670300,5829700,7994700,2159300,609200,7708400,10134400,7214300,2412900,15527200,4659900,4188200,1012000,1098400,51752777,6344500,1516300,5174400,144436800,929100,5599600,3497300,5426700,9157600,4757000,1029100,1382800,16348400,3399200,43071500,34826400,3208500,22223700,1906700
2020-10-01,116120400,8777300,,7242100,1928800,2264600,2365600,7542800,52177100,2428300,2500800,99438000,1316700,16016000,4179300,30677100,44782200,8487500,551300,4758500,6098400,21900500,2157400,1693200,28158400,1341800,4048600,16564535,1308100,7929600,2053000,4318000,20763500,7559200,14930700,4894700,1383800,2349624,8908300,1482900,6249600,1868800,1192800,918100,2314800,5085300,378200,1355800,6627394,58340600,30596900,2862300,15885525,8356500,6250800,15052900,32884000,2288700,27032500,2696900,2556267,3359438,2239200,22127600,1243800,6457800,15778700,915200,17577300,2480100,3809200,1103900,2677200,16935000,2503600,2443000,4888800,5875300,20009800,673900,2378964,7656100,7880300,8410305,25275400,27158400,24460000,10018400,6503200,81537000,5637200,1687900,4610000,1812000,525004000,2187530,7357700,32990300,6483900,22520396,5713400,744500,3090400,3934400,4047100,5316800,5432000,1092600,703800,6525600,7241200,19959000,1557000,17901600,5565800,3426200,650300,1050900,37920022,6196900,1452300,4306500,152224500,1047400,4431200,2731200,4934100,7234600,10606700,975100,932500,14547100,4048400,38879800,43290900,2240200,36890200,1061900
2020-10-02,144712000,5554300,,5590500,1936100,2780900,3883000,7103900,52855100,2514100,2138100,112262000,1030000,17100000,3783300,31773800,51682100,6747500,523400,4420000,6270900,23899200,3220500,2275700,30936100,1782100,3540200,19316861,1133300,7069100,2125000,4494500,24493000,7143300,9854800,3511800,1403600,1616537,6490200,1726000,5925200,1751200,1162000,1582500,2090100,5428500,446700,1923900,7260537,60798400,23936200,3015300,18072625,7796600,4497500,9474000,31222000,2541200,17883400,2943600,2482634,3059759,1925400,25811800,1602600,5485600,15149600,1092100,13610100,2458600,3880000,1217200,2026600,11960000,2184600,3833100,3328200,6198500,16367600,804300,2115246,5268300,7342400,5255406,12681800,33154800,20277500,8306000,4646000,60712000,7491100,1380900,7964000,2110200,552496000,2651414,7329800,28572300,5130200,21461759,6077900,941700,4631200,2974500,3453200,5834300,4949000,1235100,512900,8381200,5602300,22728100,1234500,14625800,6696900,5346800,719500,966300,37996284,4566300,949000,4014900,214290000,1255800,3928600,2338000,4482700,6019700,6992100,1159200,1339100,10741800,2569000,26238600,24585000,2265300,32694300,1042600
2020-10-05,106243800,5984200,,3603400,1446000,1984100,3397300,6694600,47056500,2852300,2130300,75506000,1091900,18923000,2863200,19082100,44396800,7925000,435300,3648500,4448900,24170600,2597700,1450200,22169300,1891000,2768600,13443560,1920500,5652500,2093500,3403500,26929100,5168900,12049800,2924500,2071500,1401878,5919200,1339300,3038400,1270100,1295500,965700,2295300,4113400,301100,1467400,7007336,42359400,15741300,2427800,11693825,10193900,2519900,8314100,21602000,2551600,13796400,2330700,1856750,3190823,1635700,20883200,1206300,4992800,13871900,1242100,10628700,2728300,2790600,825000,2437400,15403000,2081600,2913800,2674000,5144800,12822300,1105800,1742572,5154800,6615100,8807182,19140100,21331600,16933700,6599200,4476700,40881000,8270300,881700,6436500,2120400,479820000,1878137,6899200,24671000,4519800,19400029,6333900,829700,2747000,3703400,2711600,5835900,3575800,4843300,715300,6077800,7004800,94997700,1940100,12192000,5229100,3688200,517300,999600,44305806,3485600,1149100,2657000,134168400,853600,3052800,1638600,2739000,6090500,5107900,1533200,1302900,10457400,3177700,22607500,14259000,1581900,22965200,1274600
2020-10-06,161498200,8743800,,3992600,2286300,2041500,4369600,6947900,52725400,2431400,1913500,101738000,1418600,16672000,3309200,47132500,67541100,8260000,704300,5313600,7833500,29505900,2559800,2010000,43724300,1478200,2640900,19111250,1754700,6645600,2760400,4448100,28430800,5708000,15294500,3623800,1385800,2232763,9052000,1222200,2993500,3753700,1284300,1086400,2160900,6025700,394500,1330600,8006682,78203800,20309800,3152200,34121508,8398100,3363100,10293700,26096000,2833100,20036300,2992500,2488894,4050426,2470300,25642800,1236000,5118200,19220400,1278700,10077400,1988400,2409200,954900,2765600,14251000,2553400,2453600,2573000,5015300,18696900,1102400,2418192,6555800,5367900,10273230,22980200,28554300,17926200,7288400,6970400,41990000,5978000,1149200,5377000,2280000,784420000,2024474,9743600,29493800,5031000,25233392,6042900,568900,2637000,3323800,2926500,7637000,7355400,1725300,519200,7187200,7951100,19905300,1562400,13187300,4779300,6512200,776300,808700,51851282,5522200,1198100,3335500,147438900,1064400,3418700,2434400,3671400,5841100,4450100,1611500,1022800,12524900,3443800,30991300,21475500,2525200,26731800,1194900
2020-10-07,96849000,5899700,,4162400,2005800,2025800,2257000,5335400,43045700,1842800,2048000,86188000,645800,12747000,3048400,26019100,47648000,5387500,573500,3758500,5785100,22135800,2334200,1514400,30265000,1587600,1928300,19023756,2043700,6633200,1959100,4963200,20593700,6061400,15410300,2147000,1029200,1970278,10187800,1438100,2480000,3257500,1357100,969800,1883300,4513200,347200,1481600,8730955,50664100,28829700,2986500,16710242,6351400,3213400,11794500,36108000,2326600,13292300,3423700,2154042,2944908,2383200,21978700,1180500,5603100,16358500,1164800,10135600,1791300,4602800,826500,2587400,11084000,3068200,1972500,2700600,4770100,23133400,1370400,2577858,7425000,5507800,9845226,12019100,25681100,13889300,10130400,4121300,79887000,4390500,1019500,4290000,1861200,418084000,1728290,8690900,17454800,4347300,22160034,4640900,636500,2056800,6691300,2621200,7410300,4551400,957200,428900,4925800,5179300,18282600,1350900,10374000,3224300,4167200,703100,1067000,54847362,4602500,1012900,3367400,129383100,984800,2845500,2596600,3847000,6713400,4239500,923500,764200,13674700,2755000,34647300,16949100,1724500,23779300,3591700
2020-10-08,83477200,5535100,,4168400,1394200,1590700,1626200,5411500,54240700,5592300,2501100,63482000,745500,17045000,2922600,20598600,52080600,6572500,538100,3611100,4484000,28630700,1842900,1329000,40986000,1144400,2144500,16395522,1408600,6758800,1793100,4150400,19031300,4894100,11590900,3108300,1148300,2425990,7404600,1000800,3253300,1959600,842000,1000000,1627100,3714900,613100,1009200,9715159,54513300,16492800,1993000,20699139,6434900,2459400,17323300,26076000,2330600,13712800,2256200,2098552,26452189,2251500,22369500,1110900,4413500,15659000,686000,12143900,1537800,4686100,694900,3105700,11930000,1991800,3195800,3568400,4483100,16312800,934300,2275510,5715600,6636000,9217160,23836600,19925800,14569700,5694400,3913800,53865000,3595600,596800,4115500,1719400,378900000,1926228,7202800,27490300,2977400,17857395,4569800,419800,2382500,6433400,2398000,4757500,4740300,2355600,655500,4483000,4958800,10818300,1477200,10855600,3003000,3721700,547800,1125600,42511786,4445800,832400,2254800,121263300,904800,2323700,2056700,2797500,3955600,3251400,1698500,777700,14266400,3500900,26483400,14676900,1899600,34413700,3642400
2020-10-09,100506900,6005800,,3060700,1312500,1853800,2734600,6366800,80354400,4183000,1538700,98158000,962600,17253000,3511300,17406000,44511500,6622500,525100,3090700,6020200,25595600,4084200,1010400,33815700,1158900,2870600,26785861,1100600,6382000,1730700,4225000,16167500,5698900,12260900,2687500,1091500,1826345,11502200,1205400,3686800,1991700,670800,813500,3006300,3398000,356600,1512400,8432329,50977900,15791200,2172000,34410686,9364500,3061500,9411700,32966000,3040900,13564600,2240100,2797751,8737970,1910900,24343900,1239900,5054100,13689100,1199900,11407800,1849800,4590600,675000,4593700,11957000,3116500,3237700,3205600,4513600,14107800,993600,2410538,11445000,7514000,5956098,11381800,26458000,13933700,6472000,4874700,47813000,4293400,1210200,5967000,2080700,346892000,1890934,7355700,26633400,3194000,23667465,6551700,579700,1918900,3120800,3185700,11073400,6369900,1190100,764000,3996200,6197700,11643900,1356600,11704100,3920600,3825400,812200,1237800,43291755,5708400,1066000,3340100,86777100,611900,4209800,2028900,2861100,5562900,5617900,980000,877700,9846200,1411800,28211300,14494800,1464500,29228600,1620900
2020-10-12,240226800,7314900,,4201800,1524300,3149700,2301800,7021900,47669700,2881600,1430400,167284000,706000,18839000,2626700,12176600,48362900,8925000,644700,3902000,7690300,24070200,4279800,1029700,25968000,1186700,2691100,20827947,893600,7214600,2806900,4317000,22757200,5806900,9056900,2305400,1234800,2130792,10958200,1320700,3131600,2106600,1249000,1037700,1999800,3806500,301500,1196300,8329142,97692900,14085400,2063600,17863963,7750200,2232000,6932600,55344000,3474200,10810700,2411900,3603474,4848315,3357400,27303500,2265300,7273200,16058000,1289000,11386500,1453300,3242700,807400,3377900,14547000,2942900,2412400,4049400,8333900,31019300,647800,1834186,7167200,4393100,8276370,17615000,40461400,13108800,5816400,3875000,53911000,5136500,834600,4481500,1909900,434744000,1424470,8275000,18540200,6167200,19413837,5791500,656500,1302900,2842800,2769000,7893800,4336100,1003200,604000,5378900,5909100,14481600,943200,12381400,3807100,3040800,687200,1081000,67800584,5535700,927200,6498700,116373300,1784900,5147800,2424200,2274000,6622700,3733300,788500,1331200,20211200,1492200,25855600,18402300,2274300,17912800,1582300
2020-10-13,262330500,7851700,,4773600,1634000,2438100,3103100,7189900,42764100,2065600,1622100,114894000,798900,16731000,2602600,15182600,61186900,10655000,1154900,4848700,7399700,49899100,3319000,1635400,49344200,1094900,3042800,14782645,1263000,8121000,1823300,3713200,23438300,5700200,10440300,3972800,1311300,1855447,22389000,1120200,2544400,2117300,990400,870100,1879000,7808700,305500,1547900,16998128,74562600,12754700,1657100,15105450,6450200,2934800,7842100,39072000,3317300,9264000,2699900,2456533,5654781,3454100,20005800,1633200,11057600,21697300,944300,14365300,1668300,5963900,973300,2987800,12292000,2523800,2098900,3774600,5345400,18063300,789000,1884059,8704000,6551800,9125774,17448000,28950800,22179400,8596800,4050400,56025000,4245000,636400,5903000,1616700,344604000,2306107,8896300,15524300,4293200,21543233,4509400,458300,2096800,4414300,2885600,7605700,23821400,1243900,480500,8836700,5732000,10841100,1303800,14015000,3590500,3705400,1163900,852400,71511756,3970900,916400,5326500,103391100,1368900,3524000,2713500,3018000,5621700,3890900,1127700,1087900,22109600,2126600,29939600,23800200,2608900,20995100,1515800
2020-10-14,150712000,5863900,,4191600,1443800,2032900,2283300,5823900,40403000,2693600,2049300,116254000,975400,17298000,2826300,10505500,127409500,7920000,694200,5026300,12537900,30260500,4087100,1463900,34393700,1403700,2200100,16351775,1146500,9817400,1904400,5129500,16439100,6191700,7057500,1975500,1062500,2019233,11531500,1044500,2420700,2520500,668100,1014400,1914100,6919300,472900,826500,12743199,57752100,9852800,2079400,19652097,7138900,1759700,8006200,33174000,7550100,12221800,2221000,2530061,3899593,2602900,21874200,1914300,7706400,15204100,1399000,10582100,1077000,2710200,1090300,3474800,14145000,2234300,1862600,2385800,5130800,15577800,434200,1716619,5087700,4925100,9166122,20330100,23421700,15899400,5501200,4353300,94990000,3586600,1119900,4950000,1563300,276100000,1779581,6651100,20091000,3641000,22120298,3860700,475600,1668000,3488200,2111400,13177100,18061300,951400,460700,5971800,4760700,10013400,1297500,15875200,2596600,2766800,811700,743400,64131912,3426300,851900,6618700,143639100,1123700,3267400,4455400,3156900,5320000,3692900,937500,1026800,16591900,1948000,75388100,19710900,1722700,17743000,1319500
2020-10-15,112559200,6190900,,3518500,1273300,2042800,1674800,6397300,33696400,2531000,1790900,104468000,1054300,14361000,2699300,13226800,66832400,8040000,792700,3063200,15111200,26408000,2958500,1045700,29283600,1350000,3375800,13769422,1339700,8633700,1697800,5256800,15451400,8205000,10052100,2988900,1225200,1945349,7744000,1038600,2170600,1900100,1054300,785100,2020600,4791600,255200,955600,8298017,49336200,11602600,2254700,17907361,9630700,2203100,11829800,31210000,4325700,12268200,2699400,2585233,3541024,2144700,18272900,2765700,5978600,17171200,1168500,9961700,2389200,3785900,792000,3631600,16829000,3727300,2177300,1973400,5815000,15416100,775500,1959168,4206800,5150200,9151974,21059700,22733100,14000600,5739200,4091800,51131000,4235800,854000,4726500,1475000,267224000,2566068,6251600,18906900,3306800,16089205,4997100,831300,1280500,2406000,3502000,7376600,7955200,1048300,371600,6166000,5002200,15403400,1275300,15709600,3356700,2900600,963000,773000,42483188,4833800,936600,3287400,107017200,881400,2936000,3172200,3059700,8885500,5678300,940200,17493000,13644500,2292000,60328600,13692600,2039700,23251600,1363800
2020-10-16,115393800,5358500,,4363500,1796400,2441200,1966600,6841000,31474300,2059300,1480000,129488000,1398700,10295000,2394300,31780600,58357700,10405000,765500,3630400,18559000,25998000,5569000,1171700,39528600,1485800,2963600,14256080,1006400,8312900,2459400,3092300,21292500,6816100,9305600,3290700,1652600,2972393,6291700,1336500,2811200,1925000,1070600,768900,2848200,10261100,324900,1520200,9135993,47509400,11006200,2990300,33937143,12307200,2884000,11947300,34194000,3244500,18401100,3108600,3850157,4927078,2410600,23414400,3096600,6097000,13275000,1225900,13569800,1836100,2918900,952100,3879100,15911000,3324600,2162800,2875000,5871800,16622700,498400,2964406,5968700,5024100,7903492,16923300,26057900,14225400,7449600,3582700,63474000,6010900,1393700,5159000,1366100,242392000,2706833,6070800,19244700,5076000,42993503,6806100,1465800,2167900,3033600,2938700,6625400,6332200,1168800,452100,8287700,4721300,14090400,1140600,39866400,3241600,3939100,1109600,820600,38827756,6839100,1070300,3761400,98327700,2043700,4599700,3293300,3446000,6385900,5518900,876000,5956100,13364200,2602100,43141200,16935000,2701400,22627200,1631000
2020-10-19,120639300,10288000,,4228500,1904500,1931400,2229600,5757500,36689100,2749800,1323600,104472000,922900,14803000,3196500,16519600,51377900,7947500,775700,3410900,11197200,22793600,2757700,3165600,28037800,1939200,2854800,18694267,1284700,21684100,1938100,3242300,19600500,6983900,8357100,2594000,905500,2575788,6576900,1021000,2284000,1454300,993900,946900,3219500,8378000,284000,1207700,11562154,38960700,15826700,3453100,26250714,9643600,2200900,10527300,29734000,3235300,20524100,2428100,2231814,7822720,2806000,43537200,1732500,7250800,11725700,994600,9930400,1130000,3158900,1181000,4073200,13590000,2937600,2009500,3095000,3940700,13587000,340100,2284240,5184300,8570100,8614455,12677000,27625800,24176200,7710400,3138200,75675000,5160800,775300,4459000,1712000,298068000,2814574,8311000,22074700,3223200,31931352,6427600,813900,1938900,4671600,3683200,5765800,6251900,778400,406600,7373300,5426600,12294100,1038600,18285500,3989500,3587400,731500,763300,69017472,4883500,1248800,3037500,108863400,1005400,4225400,2482100,2884600,7449600,5086800,636800,3789600,16075100,2135900,37423600,14643300,4013300,23645800,1271100
2020-10-20,124423700,6932100,,3873500,1783800,1453900,3647000,4479700,38219400,1950100,1407300,90194000,532000,13297000,2954700,12319900,62476400,7315000,473500,3888500,8140400,21255900,3007100,2080900,27572800,2013600,2960900,14017606,1956300,19243000,1282300,2989300,16564900,7590600,7753200,3200900,968100,2624292,6161200,705900,2243100,2249200,887200,822700,1882800,6117800,300100,1069800,8570566,63447000,15762500,3924900,19746677,9208000,2332100,38660900,41670000,3335500,18730800,2281500,1676698,22490151,2026500,27224900,1199400,5325400,11257100,607200,10970700,1415100,2188700,1779200,3603800,9326000,2677800,1883200,2463800,4131700,18763200,376000,2168348,7308100,6047600,11144746,11177600,22753500,17343400,6003200,4656200,100472000,3799200,786300,4123500,2604200,229212000,1773492,9241200,17400100,2750900,22384852,7582100,690300,1780300,9405900,3471300,4409800,6258700,637500,844100,5960800,4939700,9961200,1578900,20802200,3384500,2902200,1032500,603500,55064895,5672200,1081900,2745000,94968900,1003100,3916100,1988600,2784700,7427000,4120600,592100,2924300,18696200,1741900,34751200,14523000,1876600,23040600,2145700
2020-10-21,89946000,9776900,,5716000,1701800,1369700,2604500,6188900,36426400,1978700,1100500,91854000,429800,11896000,2588400,11450600,41564900,7112500,452600,3192000,11644000,19816300,2502000,1434300,17538900,1902700,3591700,14083226,2142100,19210200,1466500,2794000,17016300,5385300,9800600,3423900,1506500,4243649,6591500,1025100,2233300,2200800,1039900,898300,2525600,6314500,307600,985600,6996541,51981100,21426800,3219200,14809210,7493700,1551700,23277900,60322000,3083600,11946900,2304500,1938447,10204044,1847900,21866000,1838400,5221300,10730500,607000,12517400,1360300,1983700,1931200,3431800,16811000,2725300,1518200,2227400,4116900,28998600,320400,1807276,5799800,5732500,9689808,18583200,22724900,12922200,7796000,5037200,174057000,4916300,830000,4156500,1866600,219596000,1945939,10114900,22783400,2560100,18984859,5649700,620500,1922200,7273500,3798400,4344000,3869300,493800,730200,5647200,4119200,7672700,1533000,18537500,3900500,3137900,691100,607600,63219941,4171000,2212800,3029700,97111500,782500,6700600,2139000,4428700,6067200,5592100,607800,2775700,21498300,2102900,29528300,13114200,1842800,28619300,1456700
2020-10-22,101988000,8080100,,4953800,1661300,2613700,3507900,6013400,38006800,2172900,1836600,84240000,547400,13547000,3748800,14238200,55402000,11877500,483300,2949900,15047900,21341200,2356800,3377500,32572800,1418600,2516400,17025692,1440600,15029400,1813200,3685700,20399000,5722500,9810100,2142300,1246400,3094330,5177700,1223600,4162200,1791800,689800,1176600,1556800,7240100,419000,1199700,6792410,74008500,21339200,2962900,19214348,17061800,1836600,23288900,30512000,2136900,10765500,2787000,1996908,8217167,1973800,41522700,935100,5279700,14837200,884900,20189200,1466600,3056600,1255100,3266800,22331000,2256000,1961300,3584800,3528800,16720000,512500,1989187,4621600,6250000,6075990,13264400,22351500,14842600,8463600,5104400,69979000,2869900,1388000,4289500,2073100,290480000,1124674,11900600,25219200,2909000,19243616,4502900,522500,1639800,4733500,3408600,3895100,6314300,467200,594900,6990100,4257800,10093800,859800,15937500,4964000,2901400,1001900,971100,118508460,3190000,1454600,3604500,119979600,1387000,3167200,2100600,3897700,4908200,6561200,513300,2380500,16636100,4269200,32238300,13344000,2035200,31831500,878800
2020-10-23,82572600,4238700,,3573000,1187600,1899300,3525700,6519800,46557700,2104200,1057200,69334000,477500,8868000,8921200,10024200,51007400,7920000,494200,2830800,12412600,18486500,2857300,1784100,25638400,1716100,2259400,11234656,1061800,15335200,1108000,3159600,15556100,6810100,8727200,2386500,820500,2559432,5439900,743000,4532000,1215200,748200,1489400,2044800,4466200,378100,1088600,5808346,62249000,16469800,2498300,26597033,30965400,1443600,16296300,30548000,2110200,17743500,1750600,2109162,4072496,2039900,97322500,845100,4154400,15087600,842900,13491300,1323700,2427200,1178800,2963100,12317000,2945400,2278100,1908000,3942500,17535200,255100,2556450,4504100,6050900,7309381,11538500,18879600,16175700,5617200,3243100,49279000,4046300,1113300,4226000,1845700,233484000,1533965,9739300,19872400,2758400,30557884,4278100,587800,1403200,3823000,3291400,3943100,5040600,565900,562300,5864600,7811500,8243400,1108800,13862100,4395200,3194500,688600,858900,56442782,4750300,1164400,2269300,101151000,646200,3509100,2349500,2763100,5877200,6217000,727100,1715600,12879600,1352800,24558300,10540500,1646700,27429100,1111200
2020-10-26,111850700,7986300,,7298000,2162100,2337400,3753500,6715400,69423700,3087100,1657600,118024000,636200,15509000,5731500,16151100,59450200,7372500,686100,4714100,9594500,24928100,4506600,1548100,49748400,1852700,3886700,16682118,1342100,11522800,2145000,5864100,29146500,7551500,9710900,4064300,1010500,2689378,8578900,878900,2711800,2166000,1148100,1205300,2515000,5054900,293300,1330100,8954153,62131000,24926900,2321400,20917251,10256300,2652000,15448100,35826000,3249700,16611700,2911900,2465446,7534756,2552100,54161300,1540800,6929500,12410700,942600,14696400,1252300,2947100,1387200,4380800,12365000,5173300,2537800,2010000,6983400,21322900,391900,3993205,7152800,6438500,9122840,15561400,37111600,11678900,5707600,3783100,61861000,5422500,1312700,8106000,1764400,336896000,2182680,18876900,26754800,3431100,33783124,5315500,601600,1927400,5055900,3215000,6065900,12161300,533500,610100,7596800,7756400,11991800,1461300,17382400,3949400,3852700,893600,1322900,54978438,4156700,1310900,2764700,84717600,830000,4290700,2408500,4053900,12608700,4902000,806900,2087500,15196800,2227100,34034100,16111800,1695100,30888700,1151600
2020-10-27,92276800,6705600,,4518000,1567800,1896500,2485800,4626200,156669500,1934400,1433200,85820000,538600,9620000,3780300,15491900,55009300,6122500,349800,3037800,12082100,24251700,4857900,1763700,24449800,2008200,2828600,11880938,1565800,13017800,1525400,4285600,37911500,5415000,14251700,4153500,1395700,3687319,6813800,737700,2275900,1452800,2387200,1532100,3109900,7082400,308600,943200,7283250,64154500,15993700,1912300,19696497,7699900,2305400,11168600,25902000,3430400,11873100,3014100,2131867,6209161,1922700,50130500,975000,4890100,10391700,739200,13892100,1566400,11374600,977400,4425700,10757000,4314900,1801900,2127800,4402900,16287200,368500,4657702,9627500,4681200,12241374,11593300,36700300,8964800,4834200,4457700,36272000,2985700,1081500,6020500,1487200,250520000,1541808,10806500,20727700,3390800,36851529,6806700,797700,1797900,5377700,3525700,5825500,5285500,526200,739200,14785900,8027500,7881800,1791600,14749700,3484200,3795000,1482700,864600,46561108,3621500,1332000,2628900,68059500,722200,4102400,2427700,5753900,8690400,4886800,565700,2756100,12253000,1881000,49636500,11831100,2564800,27100700,1851000
2020-10-28,143937800,11480200,,7104700,2412300,2677300,2916300,8976600,76529900,2874000,2449000,111766000,903900,22331000,7037800,20279800,81942500,10520000,645600,7533600,17957200,27485000,5645100,1743400,58953200,2154400,4767300,21613365,3241800,15274500,1908300,4425400,34561500,10660200,15961900,3385700,1375200,3208822,11654700,995500,3658800,2079600,1198900,1557800,3326000,8754600,487600,1446600,8862883,82938300,26441600,4039200,50860201,12150800,3556200,15010800,45174000,4214600,18266900,3255900,3430744,9860956,3170400,45066000,1692000,8426100,16389500,1554800,19886200,2297200,6188000,1679900,4947700,16392000,11518200,3272900,4240000,6289000,23121800,553800,3665860,12641100,8389000,8989954,13622800,51195600,15463700,7508900,9871200,59927000,8618300,1221300,8883000,2562500,376520000,2604046,13910600,30986800,5196000,33857537,8192200,759900,2666800,5709000,4911700,8234800,9382600,592900,845100,19787500,12738800,13941200,2416800,18198000,4240300,6595600,1505600,1184100,64808211,9431700,1673300,3661800,76354200,845300,7413600,3301400,11120900,17809500,6338200,942000,2221200,18720200,3046400,54835900,16849200,2679500,42136400,2160700
2020-10-29,146129200,8876700,,4237600,1499000,2125300,2215600,6314400,52784100,2994100,1693300,131930000,715600,15697000,5419500,14554300,57490400,8522500,447400,5224400,27743300,23351000,3867200,1310500,31579500,2375100,3939600,21718145,2348100,15560100,1838500,4589000,35332000,9757900,12292200,5310300,1190700,2491865,9583700,1118100,3424900,2633500,1206000,1737100,4505500,6106000,574100,1148400,7670062,118999900,17138300,2680700,24738095,12529400,2567600,14230400,55406000,3581200,15084800,2872500,3303530,7071169,3823000,36796800,2658000,7205400,14208800,1351500,15369900,2239900,4099900,1548000,3697800,16077000,9582300,2477600,3544800,5951900,32368100,1114300,3206356,12650800,6478500,9314310,10887800,31432600,12420700,7753100,7026400,111207000,4947000,1260400,14287000,1911100,320080000,2552858,13573700,28731900,3856500,27545341,5476900,665100,2234200,6457600,4436300,7053300,8947300,905000,488000,14994500,8440000,14757200,1851900,16151800,3758900,5851500,876400,1065600,58489289,5040500,1330100,2895900,67965900,1257400,5600400,3279200,5849600,16820900,5068700,1047600,1930800,19146100,3347300,46184000,15153900,3221400,38622800,1539000
2020-10-30,190272600,18089100,,4433200,1972700,3127000,2415000,7336200,51349000,3262500,1621300,167728000,827400,18530000,4736300,15374700,66453400,10277500,530400,5754000,20324500,26962800,4373500,1256000,76419100,2014500,7362900,23475921,1947900,15681700,2724100,5741200,29151200,8663100,17191600,3503500,1306200,2930882,8090200,1855300,3304800,3312900,1159000,1567700,3902900,4707300,413400,1494400,9914523,79345600,14410600,2706900,20539191,11869100,2501800,13074000,99878000,3658800,16135900,3872800,4657260,8285889,3520600,46781300,2989800,7364100,15194500,1047300,15804000,2480600,4335300,1309800,3948900,17499000,6892800,3450900,3322400,6574100,47247800,604600,2672462,12782500,8784600,11096748,14907400,36953700,15955700,8790500,9150000,78079000,7791600,1227100,9364500,3114200,416820000,2493209,12602300,23078900,4303900,25631067,6422000,944700,2273800,6155900,4578900,7811200,17043800,1164700,478600,14571800,11400700,13154600,2064900,17496700,4145200,3704500,1464400,2385200,64109669,8293400,1251900,4040500,127533900,1678700,5427000,3556800,5240500,10252900,6549500,834200,2829400,17632800,1816100,34592400,18601800,2393900,47885700,2078300
2020-11-02,122866900,10781400,,5907100,2087200,2479000,3171400,7475100,45760700,2029000,1551200,145148000,690200,11757000,3572900,13854600,59756400,8567500,462400,5937500,14351800,24310800,4072400,1260700,31928100,1930800,4217700,26120587,2100700,13762900,1646300,3953400,23483100,9437900,11475500,3372700,1435900,2831618,9186000,1175800,2929900,2650000,941500,2193900,5200400,4858500,426500,2226900,7099167,59962900,15480200,2042900,21844975,9352600,2554700,14648400,44228000,2459600,15822600,2956400,4454396,5555829,3016600,33856700,1865400,7088000,15011600,817900,15156100,2182600,3449500,1707700,2978900,13428000,5094900,2983200,2668200,6042900,27165700,858900,2531454,9370800,11738200,8145475,16337800,30842200,13103200,9233600,8314100,44082000,4740400,852100,9918500,1791400,299652000,2606006,11413200,28544100,3126400,21430666,6682800,798600,1830200,4315600,3732600,5860300,7320100,835900,694000,9750800,8904900,12719800,1852800,18490900,3659400,3666000,1305100,1274400,63620980,6244500,1656000,3145000,87063300,1127000,3756600,4519000,3924000,8057100,4660100,1218000,1877700,16086400,2075200,38401200,16575600,2674100,40130300,1516600
2020-11-03,107624400,8518800,,3870100,1544000,1758600,2886700,9967600,41231800,2533600,1268800,97958000,842300,15457000,4004300,12249800,65106200,8527500,560400,5469900,9313500,29985200,4843600,1311500,26494900,2236400,5327800,22152627,1770500,12131300,2013100,4151400,27342900,7153900,8608000,4551300,1571800,1871690,8144900,1404600,3512400,2022200,966500,1790100,4692000,3683700,313800,2345000,9031404,65108800,21732700,2630800,19636808,6599700,2149500,11439100,31432000,4545500,13231800,3037500,3946708,4397698,2251200,34349500,1879500,6363000,17482600,1188100,15285100,1595900,3628400,1484600,2908200,17162000,4097700,2615000,3229800,7200700,17961900,481900,2268692,10594100,8395600,7693578,13142200,27512000,11429500,6887900,7474000,36902000,3490900,864900,8915000,1422700,272900000,2104454,8911200,19259100,3293900,21636617,6244200,1007400,1521500,5043800,3287300,5832800,4837500,490400,573300,7740500,6910400,12927300,1396800,13028200,3121200,3552600,1186600,1044300,44069208,6085500,1714300,3341400,103055100,1163300,3588600,4043900,3142200,6467900,4003300,1009100,1892000,10693500,2988600,38427000,15413100,2471600,36773000,1519500
2020-11-04,138235500,25849000,,7421200,1725000,4524300,2401700,9808300,66579700,3810000,2434000,136780000,924200,21277000,4545500,11344700,88845500,10580000,811700,5974400,14830800,25956400,9081700,1684400,27613000,7051800,5653400,24609395,2486000,15178400,2449800,6505400,30121900,11190800,10925700,3768300,1992600,3420886,7483000,2445200,2883700,2594800,837100,3987700,4053500,6095200,363800,2874900,11246844,67326800,21800100,2810600,25465824,12935200,2580000,14740600,71342000,3868500,19084400,3525300,4582035,6066905,2989700,34748200,2760900,10263500,18886500,1356800,12930800,2347200,12211700,2146400,5006500,15280000,4790100,3360800,4034800,8391700,35364400,1817500,3756516,12802800,7392500,14731422,17378000,42311800,13554400,12128800,8415300,51373000,5061800,1684000,11119000,2370200,410228000,2547492,12054900,22377000,4576300,40870536,5820600,1062800,1958800,4771200,3709000,12608900,3503500,1195600,813700,8662000,10509400,15044200,1410600,17689400,4100000,4431700,1603700,1140000,60219095,5937200,2300100,5025900,96429300,1301300,5015300,10344900,3530000,8102700,4643600,3240500,3778600,20785700,2150800,47203200,17927400,2283700,35410100,3403700
2020-11-05,126387100,8013000,,5139900,1954800,2401000,3012400,13118100,46542300,2070300,1877400,115786000,856400,21783000,4197300,12328300,74722600,9705000,714400,5933800,11132700,24945100,4821600,1213400,27600300,4441300,3914000,20163526,2023500,10316600,2255800,8961700,23149700,10069400,10627700,4214800,2031800,3823130,7654800,1874500,2531900,3291700,917400,2333200,2700700,5564100,335200,1975800,10345638,61442600,17004000,2234600,17215987,7519800,2466200,35075000,39758000,2892800,11946800,2516600,4864791,5127701,6270000,31103200,1605900,8016200,17837400,1276400,12452400,2917800,5731000,1709300,4088100,18129000,3794400,3622000,5205000,5744700,23823600,941200,2605486,9608700,7109500,9277210,9444300,36080100,16373600,8644100,8509700,53728000,3940000,1410300,5932500,1716000,319028000,2543467,9017100,35111200,3667800,33926995,5673100,2165400,1594000,5811000,3211600,27910900,4516500,944300,528400,7446700,6169700,9876000,1110600,15004600,2758600,3283400,1317500,1113400,46498086,5886400,1526100,7669700,85243500,2131000,4638100,4786500,3998300,7132100,4695000,1926300,2347200,20156400,2682500,38319700,14202600,2011700,30824100,2539300
2020-11-06,114457900,7006900,,5644100,1417600,1956300,2145700,8639700,53829900,2028500,1181400,92946000,745400,13545000,3126300,8995600,55454500,11307500,493900,4305600,11142400,17705200,2983000,877200,19585600,3648400,3481300,15075750,1566100,10484500,1950200,3798600,19475300,24526900,8366900,4053300,1481600,2643242,6259700,2211100,2380500,12151100,914800,1606400,2348900,8823500,471500,1212500,12405176,50912100,17437600,1894800,16878656,7209800,1986700,18089200,28622000,2475100,10871300,2839100,3268198,5490663,2542300,36233700,1218000,5942500,12552800,696000,9294900,1725000,6229800,1401600,2672900,14738000,2978500,3916100,7042000,4527800,13891000,525900,2015260,8016300,7181600,6945515,6453900,25231900,13922600,6076100,4664700,42363000,2954000,946700,4131000,1350200,383348000,4052458,7510400,21645300,2867000,23870676,4702300,1021000,1765200,5465400,3617000,7278500,4250900,748400,518100,7849800,6626100,6824100,1279500,10324200,2971200,4872900,1072300,1119100,34735537,4544300,1367000,8931300,65118000,3182000,4217700,2994900,2960000,6180500,4378700,1138500,1707900,11986200,1895700,29502900,16198500,1454600,33985600,2008200
2020-11-09,154515300,11028900,,13990700,3052100,3625300,3674500,10154600,58580700,2996200,2423600,143808000,1261700,24088000,17261700,49014400,178378800,41232500,870000,11340800,21384700,56895200,5969600,2174000,185304300,2686300,6633800,39966406,4198000,17614500,4371300,8777500,42649500,15696400,24015200,4782800,2219500,4380926,35634700,3239100,4148100,7097200,2693800,1617600,6659400,10837900,852400,2959800,11395456,110511300,40988000,5907200,38779589,10807100,4560800,22100800,53440000,6960500,25174500,7856400,8207047,9405841,5231500,48481700,3383700,12351600,47792400,1135000,33442000,3184300,5493800,1956900,10765200,19352000,10933700,7981200,4916000,8273800,25117700,646500,5284048,16564700,17209800,11184046,24243300,44395000,20968500,12864500,10766800,104197000,7491700,1732000,11992500,2250100,582976000,6756917,11486600,60444800,6111300,230153864,12664700,2094300,5949600,8327700,8912800,10666300,27736800,1321100,928800,19021200,16225800,14747800,3004500,31835600,6353000,24996200,1316100,3092700,93572376,17552700,4192000,6190600,104499000,3189300,5308600,4635300,9453000,17916900,19211600,2262400,2478300,24265900,7776800,102118900,28198500,2840300,76879400,2325300
2020-11-10,138023400,12267200,,5243500,2818000,4920300,2587100,8206100,67137200,3742800,2717400,131820000,1279600,26784000,7056800,46404300,77694600,18462500,758000,7057300,10274700,33275800,3499100,2372500,119449500,2840500,4494500,22517008,3366000,20650600,2662600,6863200,31514500,15038800,15039700,4427400,1852800,7031050,18115400,2867600,3146100,4454200,1829300,1975600,3291200,6593300,770200,1992500,14047900,87468400,17163700,2874000,33051594,10524400,6858600,26746900,43022000,4166500,14627600,4828500,6241014,5881449,3570100,39224500,1921800,7386500,20539300,1071600,29706700,1935000,5377000,1708000,5925100,14856000,5330400,4255600,4951000,7449200,29067700,597700,4186478,13246100,12599800,8593914,15502900,44045100,14502100,8649200,7129300,83061000,8014700,948500,12508500,1572300,644068000,3794561,9015900,31413900,5284500,80091668,7854000,1669600,5771000,7138400,5192400,12019900,11446100,839200,1032400,14358600,10474700,10791600,2378400,19098500,5515400,14440400,1488600,1380400,58510208,11527600,3377200,4454400,90852600,3032000,5697900,3733200,3329800,7943600,8816600,1536400,1917500,22051800,5828200,49029100,18199200,2364600,49055400,2926600
2020-11-11,112295000,9476500,,3994000,1757200,2634200,2094200,8071900,44611300,2244800,1573700,87338000,4733200,15133000,5642700,29907800,48360900,11032500,455800,4786100,9712900,29719600,2345500,1254000,57841400,2060100,3896900,12633280,1952100,17225000,1688800,4163400,27332800,9628000,11640600,2602300,1659000,4396944,9600900,2579100,2704500,3572900,1077900,1517700,3441200,7126700,554800,2120700,8247545,75644400,18504300,1937700,17543666,7336400,3771300,19841100,31838000,2680700,8998400,2987900,3436049,4486922,2352600,31496900,1555800,6382400,14443400,994800,17399900,1841200,3046800,1115200,4551700,14416000,2969900,4126900,4058200,5867500,14957000,464600,3449742,9146300,5687600,5741678,9731600,29440800,14765500,6903300,8060300,54605000,6058700,590700,7892500,2111400,404744000,2443054,7724400,28596700,4389800,58980997,5554300,1542800,3898000,4586400,4588500,10222700,10404000,671000,987700,10124700,8296500,14938300,1159500,16402100,3459900,6844600,975900,1166000,52587691,8292800,1917800,3931600,52073100,1534700,3497200,2048200,3240200,5337200,6325300,844500,1647200,12196900,2745700,38309200,18805800,2086000,34124500,1570200
2020-11-12,103162300,7646600,,2816800,1672200,2115000,1687500,8542700,37242600,2438200,1882600,87240000,4849000,12160000,4941200,20288400,67912600,9537500,501700,5109800,15709500,28457400,2185500,1883700,87592200,1514100,3705200,21361767,1500100,10944500,1535900,5607000,29368300,6066400,8920700,3587200,1275700,2612448,13768200,1263300,3119000,2339800,1180500,1504300,2387300,4738900,390100,1159200,7596036,81064900,20898900,1924000,15954303,9226200,4467100,20239900,26474000,3005500,9915500,3818600,2822048,6797117,2104200,42881300,1241400,4710300,22063000,895300,15024400,1669700,3463400,856100,3893900,9502000,3207700,4253200,2229400,3890800,12899500,485600,2651173,7815000,8952800,7464799,9889500,21593900,13785600,5901900,5337300,50637000,4780400,737400,8153000,1413400,365812000,2118799,7324000,19566200,2570100,46767877,5631700,2005800,2968300,4866200,5068000,8580700,6968100,548500,1253900,8345100,7058400,9621300,1688700,10762200,4189700,8143000,697900,826000,40346649,5177300,1463800,3557800,59565300,1410800,2607100,2907300,4070000,7302500,5754500,857100,2143900,13293300,2700200,34505900,12564300,2104500,30933700,1182800
2020-11-13,81581900,6888600,,3918900,1456200,2965600,1936200,10179400,30423200,1767100,1476400,75124000,2553700,10997000,4811500,19724500,52421000,11137500,664100,4789500,18920800,18632500,2120200,1649900,159666300,1480200,3742400,18173784,1548700,11997500,1274600,5160000,49106400,6722000,10890300,2774700,976700,2804208,21062300,1500900,1887300,2110900,1081700,1205500,1788800,4854100,313700,1679500,5142957,79475100,19951400,1593700,26078809,6740800,1907500,15004300,29744000,2832100,9683900,3939200,2498867,4898000,1446000,30884700,862200,5893500,11847900,892700,12447900,1196700,2142700,921000,4036000,11360000,2393700,3072100,1874200,4703700,10391200,446800,2167272,6552300,7917600,7694206,9919100,18621100,14318800,6235000,3452200,30027000,3986100,493400,6175500,1510700,346312000,1675349,5870300,16880400,2580400,40175634,6466800,827600,2470300,4887000,5655700,5899200,4567000,565800,740500,6824200,5516100,7519300,979200,9321400,3654500,7732900,941200,938900,36370545,9557100,1160800,3397600,59313300,1148600,2439800,2442100,2628500,6377500,5714300,900400,1695100,10652800,2881600,30056100,19738200,1217600,29241500,1666600
2020-11-16,91183000,8611300,,4144900,1631400,2522200,4201000,8104400,38640800,2069200,1433300,76174000,2201800,12100000,5339100,40562800,57396700,21147500,607600,5766600,7849600,26699400,3902400,2073100,112274700,1740400,3701500,20728182,1660300,18701200,1691500,5712600,34572600,13265600,18980200,3697000,1927500,2426102,16382500,1875600,2842900,3069300,839600,1344600,2742300,6993000,405000,1913600,5763482,84853900,20642000,2474800,23830013,6969300,3620600,16692100,25468000,3004700,12832200,5360200,5197627,5536896,1996700,36306300,1561200,6266400,19858600,882800,14908200,1720900,4957600,1306700,5005400,13465000,3312800,3702100,2011800,5018600,12970400,472400,2911423,7296000,15288200,9503474,12201400,24953300,31397200,7667600,3502600,39536000,6116200,555100,7935500,3099700,413776000,2622518,6309200,24354800,3399000,75530167,7976600,917900,2061500,5408400,6020300,7598500,12110100,542100,914300,12885000,9371300,10664000,1522200,23092800,4014000,13224900,1407700,1646600,66132476,7357000,1737500,3444500,80515800,1047000,3456500,2790100,4406300,12083200,9029300,690000,1706800,14289400,2664100,36954800,34560300,1960200,38596800,1548000
2020-11-17,74271000,11593500,,3793000,1318100,2407600,3052600,5460100,29473500,1935100,1354200,68894000,2218700,11950000,4023200,38299300,46402300,8477500,768900,5038400,34678300,18970000,2110800,2371700,63499700,2761800,3406800,20727542,1372400,14466800,3299100,5090700,23140900,34429700,14329000,3818100,1411100,2707313,9354900,1131600,3178500,2954200,874000,1038500,2269800,5393500,512200,1307500,6555892,46754500,17941900,2816700,18127238,5488400,3657900,16088200,21314000,2722900,10451700,8532200,3658116,4324687,2056500,31118000,1152900,7297700,14553200,1401200,14248400,1947400,3619200,1321100,5642100,9919000,3412700,2443100,2496800,4674100,15040300,294000,3097520,5204400,7931300,9509133,9599100,24154100,17703600,5866300,4261300,36981000,7002900,744500,5756000,1662200,312028000,2570815,5569700,18665700,2924000,46984500,6396800,868600,1982600,3942100,5370200,7438600,5924500,1051700,663700,11134200,8722300,16788600,1476600,13972500,3770800,6171800,1052200,997900,37833830,10970600,1546600,3648500,183564900,946300,3526700,2557600,3627800,7268800,5972200,549700,1750500,11698200,3328000,29490400,42711600,2317300,26521100,1214300
2020-11-18,76322100,8880600,,4545700,1613200,2063200,2861600,10667700,29968000,2466200,1617400,58336000,2028800,13517000,3264300,65990700,54416700,9417500,509000,4740600,22512300,25824000,3165100,3104400,72257800,1665700,4168500,19503906,1225400,23319600,2134600,5880500,21327700,11674600,10583700,5083700,1618400,3241646,9456200,1812200,2948800,2509200,828300,1351000,2559500,5104300,658500,1282100,8074679,77759300,12593100,2874800,29867932,8884200,4061800,27632500,20108000,2856200,12951400,5122200,4692060,4818713,1954300,32817900,1302000,6661000,12571200,832200,15278200,1180100,2795100,1066800,18087800,13047000,3203400,3095200,2602800,4978800,12152900,305100,3128497,7850500,9135600,8678174,11536700,28372800,18734500,6501900,5933300,36292000,5572800,1187100,5080500,1442100,510924000,2885885,8998800,29659900,4335200,63442700,6097100,854200,2012500,3703500,4151000,12124500,5810000,1240800,907500,13392600,6039500,15442400,1462800,15408300,3990500,7493300,943500,855800,39135984,16395900,3527800,3222900,234132000,985500,2998400,2722500,3393500,6977900,5562700,589400,2500400,11698800,2352800,44318300,24936900,2198900,31068000,1457800
2020-11-19,74113000,7550300,,3548100,1611700,3132700,4399200,8990100,50116800,2595700,1636400,60206000,1340500,14555000,3249800,34236100,46423000,9720000,471200,4621800,14816300,20262400,2012100,2220200,44098300,2051100,4400800,14387962,972800,12504100,1768900,8084600,22177700,11656400,8820200,6147900,1700400,3125124,8892500,1229600,3368600,2839200,802700,1610700,1563300,4186700,444500,2244500,7538133,56672700,13501300,2375000,17490999,7525100,2551500,17214500,20106000,1505200,12055800,3929400,3462043,3597822,2278900,29469100,1141500,7987700,10202500,716400,17189500,1205300,4626100,1075400,9393700,11248000,2718700,2840500,2688200,6273800,12963700,282500,3571256,8198100,6149200,7037110,7220200,24792700,12723600,7392300,7013900,22547000,4642800,708100,4892500,1332100,565936000,3361121,9643100,20162700,4263500,43261800,5284100,974800,2276200,3730300,2673700,7743700,3532400,947600,770700,8929000,4252300,11022100,1563600,11924300,3394000,16282200,1111200,1099600,54788444,11004400,2093500,2427000,187425900,1688300,2465300,3935600,3143600,5657200,4768400,541200,2604100,12663000,2916900,44560000,18590700,3894200,26954400,1329000
2020-11-20,73604300,9682500,,4075300,1771900,1849900,5841200,7609100,35008400,2956200,1965500,67488000,1102900,16140000,3702300,18230900,40538000,7695000,396200,4027300,15401400,15471100,2449800,1569800,52433300,1453400,3719000,21158610,1282800,12037800,1807600,7286100,19776300,8822500,8294600,4928100,1614900,2654297,8481600,1457800,4213800,3186800,847000,2311500,1810700,3497200,538300,2182300,5706000,57024300,20375900,1885500,16078116,9440800,3097000,16881200,27694000,1848100,7826600,4111000,2502899,5255418,3639400,24199300,1169100,6354900,12718900,583000,15645600,1345600,5063800,1117500,6005800,14456000,4142400,3932600,13091000,4884300,18114700,412200,3177652,6053400,4602400,8415440,7739900,22843100,14115700,5891000,5343100,42534000,4318100,776900,5920500,1016000,341088000,3342545,8395800,20175000,3469100,60633800,4726900,814700,2530300,4877000,2651600,5551900,4593000,1045300,778800,5833800,4609700,6365800,968700,10300900,3967300,9733700,825200,1116800,37358778,11048000,1868600,4387800,98735700,1455300,3013000,3702000,3988100,9653500,3000800,728900,2239200,14225400,2015000,38469100,21937200,2362900,18351000,1217600
2020-11-23,127959300,7541500,,4105500,1288600,2370000,4275400,8809800,46505000,2032600,2848400,94178000,1265900,12212000,3022900,28372400,45421200,8412500,505400,3630100,18822000,28923200,2403500,2037400,50751300,1675500,3046000,15660146,1752600,14643900,1679600,5383600,19651400,5889100,13379300,5783300,2094900,3152647,12887000,1230700,3795700,2085800,730500,1169600,2205800,6339600,516500,2330100,6131927,71537100,21932300,2431600,21708341,8684000,2957300,22569600,22530000,3371300,17849200,3294200,2977590,5910318,2131300,35489600,1503000,7318300,13209200,720400,13191900,1231300,3794200,929200,6978500,10885000,3219000,3010300,4776200,4934700,20990800,319000,2468903,6676000,8987300,9498548,12647400,25683500,20612600,7634600,9078000,54166000,6118400,677000,6432500,1559300,361356000,2901365,8235900,44957100,3443300,43673100,4770600,621800,2537800,3975000,4504300,11649400,4973100,1764400,573300,7208800,4803200,6970600,1046700,14791600,3324400,10874800,893200,699300,36832091,8273500,2251300,4177200,150780900,1138100,2803000,2535700,3770900,6101900,7368900,766900,1851000,11601400,1926000,40691400,18557100,4370200,29367600,1493100
2020-11-24,113874200,9322200,,7316300,1899300,2584900,2864000,9542000,36839200,3198300,2635100,72042000,1921400,13455000,6163400,31132000,80387800,11140000,652000,4712500,18848000,32890900,3447000,2143900,80233200,1592500,4223200,33881518,2072800,15439200,2061100,5797300,22849700,8312200,17257400,5260000,2345300,4445335,16711700,3999800,4350900,3471800,979600,1302800,4222500,10364300,1209900,2709100,6744461,99520500,35904500,3711400,35369990,7827300,3728700,20048700,27984000,3915200,15620900,4773400,4300870,8109115,2470400,33901200,1761600,11034800,20121600,750200,13827600,1982100,4127000,959000,7190200,12009000,3529700,3870900,2678400,9101200,16930400,585400,3690856,10679800,12176000,12790840,22357700,33979700,22625600,6699600,11438800,35505000,7204700,918600,5911000,2232700,346500000,3582794,10427200,54355000,4472300,42485300,7101800,800800,2746400,4430200,4207300,10800800,8096200,1270300,896500,10570500,6319900,10115700,1643700,20774100,3353100,9742200,1469700,1522900,58266592,11804200,2832500,4692200,160945500,1222100,4962800,3759700,5371700,10110800,8712000,959300,2179600,15481400,3082600,80523400,17155200,4927500,46979300,2425500
2020-11-25,76499200,6368100,,6224100,1434000,2634500,2276400,5518500,41349700,2550300,2478800,75808000,1177700,11787000,4646600,19254100,57249900,5397500,401200,3249600,9814100,28250500,2506400,1932400,60387900,1615600,3135700,20616681,1827900,15644800,2034200,26394900,22617700,6789100,10556600,3886600,3037900,3616255,9552000,3046600,1959300,2850900,757800,1180800,1658700,7565600,880700,1774200,4723198,95217800,19468200,2299600,22044528,8336100,3285200,16122300,19600000,2272800,11051000,3001700,2582792,4326151,1930100,28126900,1029000,7594600,11715600,547200,10194800,1172000,3223700,854800,5228300,8489000,2535200,1889200,2448800,4232600,12467000,259300,2454431,6483400,5782500,6023590,11509700,21012900,12468500,6443100,7267100,35986000,4484500,698700,5418000,2703900,259916000,3274742,6848900,29706200,2278300,26955800,8411300,961700,2028700,3498400,3755900,6398900,5114000,711800,539600,5374200,4027100,9898100,1005300,12188700,2849800,5973300,1013900,1900100,32423701,6905600,2650200,3562700,146790600,889200,3543700,3145100,3497700,6772900,4372400,685600,2033300,10604300,1862800,38875500,13833300,4447600,28178200,1981800
2020-11-27,46691300,4418800,,1979000,888100,1815500,1154600,3098200,22717600,1698300,937400,47858000,674700,6846000,2447700,9970200,25971600,2930000,313400,1935800,6363600,14267100,976900,879700,46919100,780900,2188300,6662028,921000,4694000,1329400,7395000,10769500,2803700,4627700,2053400,1072200,1587322,5306400,487100,1293800,2489400,792700,533300,664100,2187000,469700,1039900,2416207,27853900,12314300,1248000,10865436,5040700,1376100,7528800,14790000,1050400,4548200,1625300,1521686,2187395,1593300,15921400,796200,3059000,5983600,335500,8499300,1082000,1754000,612300,2081300,7279000,1402300,1394400,1332400,2644200,7808400,158000,1515452,4664500,4122200,5644528,5581500,14512200,7500200,3669300,3749900,28058000,3506800,475100,3708500,1052600,167276000,1373695,5627000,13272500,1596000,25277000,4252200,340200,1273100,2523800,1936000,3878000,2194300,498200,243800,5103400,2169700,4626600,418200,6550900,1694800,2305900,407700,787600,20720335,5435200,899700,2278400,112683300,615100,3084400,1558600,2216600,3512900,1755000,298000,1052800,5763700,703400,20281400,10999500,1949900,14971900,853300
2020-11-30,169410200,20726500,,5702300,2441400,2787000,3484500,7543100,84483000,4857700,3547200,81278000,1312900,15454000,3517700,16501900,63567900,8387500,888400,5989000,15588200,23359300,2382600,3208900,86740700,3792800,4355900,36661907,1925500,20248600,3733800,18966400,34741600,8242600,14288400,8418300,2342200,3744396,9710100,2116500,5012200,10085200,2060500,1645700,2724600,9701300,1021700,3567100,13242871,77970100,25715200,3189000,25100464,16315700,4468200,21600500,32418000,2705400,15727300,4624100,6860108,6263448,4146500,46332700,2353800,15663200,14411800,1017600,43203600,3384300,5842200,1608400,7292400,14341000,4276200,3413600,3755400,7659600,16693300,500200,7344995,14473700,13248200,14501910,15610700,33064800,20373500,13120300,10965200,35309000,9652500,1154600,8612500,2847200,286952000,5697156,26676900,31056400,4906900,65425900,11640400,924900,3730200,5539100,6423000,8712500,5833900,1707500,972900,10730800,5197300,21664600,2643000,21516100,6823000,6987300,3327300,1671900,57382822,25960400,2557000,5746000,189009300,2667000,4845200,5265700,4708600,7725500,5482200,811200,4585300,21839100,3714400,48211000,32695500,6760400,45614300,4533900
2020-12-01,127728200,7623500,,4265200,2078600,2531100,3362600,7041400,58583600,3050600,2471000,90740000,1259700,18181000,3583400,15754200,50255100,7377500,549500,4442400,14410600,23497900,2710200,2891900,47884200,1797800,3372300,15332363,2626800,12424900,2996800,18872000,23942500,8233200,9913600,6360500,2086400,4376189,8825500,2106100,2947300,2826200,997000,1364200,3076700,4337800,798100,2483200,7997569,68863000,20458900,3051100,17408658,9620100,3298400,12984400,37350000,2577600,9603700,3942400,4027026,5553319,4498900,57768000,1557000,9738200,12668900,903500,18968800,1802900,3954400,1299700,6103700,14019000,4210400,4224800,4708000,7386200,20738900,723100,4616082,10720500,5942200,10166543,15857200,30904500,36160400,8099500,10436500,50527000,3833100,882900,5753500,1873500,296948000,2759155,11855300,31278000,3999200,72499700,7169700,890500,3645700,6791700,4021100,11906100,3469200,937400,977300,6544600,4970000,12399900,1743300,12717300,5216800,4869700,2256000,1464200,55682012,10487600,3041900,3967100,120310500,1151200,4894400,3817700,5371500,8047900,4155600,906100,1762000,14282600,1961800,41924200,22935300,3937000,32472900,1964400
2020-12-02,89004200,5492200,,3444700,1671100,2107100,1858700,5272800,57988800,2641200,2755100,62586000,1373200,10031000,3271900,25912300,45257500,6192500,484100,4679100,19584300,26796800,1971000,1494000,52282400,1368300,2740100,15405346,1673800,12460200,2212800,52225500,17422200,8138500,10509600,3670000,2773200,2398692,10601900,1680000,2173900,1905700,898600,1131700,3035300,9378500,552200,2101200,7224085,48345000,18433600,2518000,15496290,6470300,3716300,11280700,29424000,2136300,9738700,4168600,2609954,3860472,2627300,33753500,1761000,7745500,10811300,849000,14913100,2060200,3757400,2520000,5133100,18113000,2972100,6223700,3293600,5054900,17361600,374800,2896473,8990200,5792600,7165805,10790700,23724500,23298900,5128800,6802300,30284000,4132700,769500,5442500,1839500,283360000,2067715,9330400,33045500,4432900,84347500,6963000,825600,2791500,5415000,4410700,7800300,3845200,782700,780100,5401600,3377900,6785000,1773600,9741900,3892400,4333200,1713100,787600,39041053,6283500,2003400,2926700,143327100,703000,4212300,2864300,3853300,9728900,5276000,541000,1864200,14169900,2062200,35508000,23547000,3627000,29369500,1529400
2020-12-03,78967600,4693600,,3846300,1552300,3062700,2590300,4825000,35859700,2167800,3702600,57840000,2035600,16120000,4285100,45945100,54013700,8432500,604400,4694500,21070900,18776100,2903900,1861200,92899300,1394800,3842100,15660572,1449800,16215400,3976400,21395300,27710700,13270200,8249800,3452700,2079900,3607344,9063200,1672800,2286100,2352200,992700,1255000,2582700,16458000,669100,3257200,6114683,50302100,24569800,1955800,18348801,7368900,3162000,13437800,24728000,2142600,11624700,4168900,2948943,4757417,4226400,50261200,1634100,7310500,12904400,518600,17318900,2463800,4059600,1758400,4870100,15955000,3080300,3732500,5965200,7775400,12921700,545900,2843849,14800300,4191500,7085109,11757900,25120900,20462300,7660500,5479900,28261000,4930900,992100,5111500,1791800,199520000,1847074,9783900,26614800,4757900,68570100,8742500,1067700,4348600,4313400,2732700,6355300,5937600,966000,644600,6893900,6264100,7579300,1362900,12517400,4171400,5490000,1745500,1067500,46284260,7399800,1488100,3587800,127656000,950900,4778600,4169200,2844200,9203300,4011100,1164900,1291600,11937200,2719600,41264600,25725900,2216500,27038900,2308200
2020-12-04,78260400,7235800,,4686800,1852700,2749800,3094200,6876900,45570300,2008800,3298400,58272000,1587100,20083000,5048600,29378400,66188200,8487500,816100,4749600,26383200,24696000,6086200,2521300,65203900,1629500,3142600,13079393,1323200,12730500,2839700,20504800,17319800,11964700,10791100,6237400,1655000,2843801,6033300,1805600,3172200,2743100,781200,931400,5503000,7008400,632900,1490800,4971913,48775500,31954000,1847700,27090138,7232300,3298400,11895200,20544000,2373000,14895800,7732800,3393927,5776849,2376200,39767700,1661700,6747100,13583700,749000,18122400,3030900,3058600,1222600,4709100,17551000,4323600,3151100,4494400,5384900,10880300,438900,3185666,9814000,5557700,8651554,10169700,24666000,31860800,7763800,5107600,36662000,4344000,794100,3722000,1675100,202244000,1946455,10872700,52874500,3592600,35368100,6617200,822800,3284300,4678200,4437500,12759900,8543100,961200,582900,9297900,6952700,7371400,2087100,16201300,2928600,5268500,3059500,844400,49948562,6593800,1650000,2029200,88203900,1126600,3741600,3255100,2766200,5720100,5207100,612800,948900,10495800,2386200,47168800,20889300,2265500,28723600,1497100
2020-12-07,86712000,6532500,,6928000,1973400,3441700,2545700,5524100,39815700,2250300,2554500,55026000,1114200,19707000,4253700,33246700,42197800,8037500,680600,4649300,18398500,21280900,4587400,2032600,47155000,1533400,2966800,13013025,1211000,10586100,2652900,12864100,14086800,6868000,9398400,6291000,1598400,2081724,6815500,1556900,2030700,2671200,794600,697500,4038900,5689800,682000,1310400,4536451,58305200,19790700,1483400,19542810,7405100,3166600,9207500,22288000,1788600,12267800,6379000,2753401,8701151,2293600,51040300,1732200,6634700,9724300,693400,16210900,1771300,2637200,1390500,7306800,15650000,2389800,3826000,2464800,4834700,13007700,378000,3022053,9947500,5835300,8829190,10402100,24620000,17460600,6752200,7157400,42893000,4590800,907100,6898000,1769800,223244000,2411784,14922900,32247800,4217300,48253700,6918000,1193400,2264300,5224200,3059500,7009300,5566400,881900,648800,4913800,4514800,7657100,1911900,10067500,4111000,6097000,1691400,705600,45853562,4979900,1263500,2637400,168929100,1335600,4645300,2999400,3117200,10624500,4660000,527700,1219700,12537500,3066300,31713000,18479100,2167000,24899400,1407100
2020-12-08,82225500,6688200,,6643500,1825600,2175700,2077200,4703000,33907500,2124500,2607300,65726000,1358500,18121000,3623000,19682000,33869100,8557500,598200,4587200,20816200,15511700,2001600,2403800,42765200,1369600,2664500,14247011,1545700,10575500,2685500,12116800,13348500,6044200,7627300,8752100,1303600,2292434,7900600,1927900,2409300,2835800,712700,1637000,3918000,4818500,454200,1618000,5791241,56296700,12594000,2889100,18735107,6185000,2626900,10160400,19936000,1371800,12226800,5338100,2442740,5643170,2451100,28956500,1276200,8339800,9592100,712700,12485800,1397500,2754400,1783600,6737300,13287000,2224600,2709400,2637600,5313200,10747700,405500,2070037,12791600,4107200,8664969,6386200,23284100,15431100,8255400,4363500,42290000,6953600,764100,9350000,2055900,271920000,2753892,15237800,32923800,3623800,87039300,6493500,701300,2365500,5712800,3050800,6088300,4374300,1007900,493200,4364900,3911300,7494200,1317600,8064600,3677400,4603100,1637400,925900,97456992,4290800,1433700,2442900,192795000,1784900,3259900,2471200,3885000,8646200,4539900,455700,1329800,13421100,3414900,32209500,20716500,1967000,32573800,1593900
2020-12-09,115089200,7350700,,5742400,2201500,3449100,2491800,7017800,52170400,2210000,3413500,82016000,1038100,20908000,3622800,19043600,54886300,17447500,489400,4873800,14858300,27278200,2915500,3029600,66956200,1375700,2582900,18488336,1407000,10773100,2461600,15651800,22679800,6825900,11129400,8010900,1373800,2820226,10804300,2580200,2998200,4229400,734200,1016500,3746700,6915600,596900,1511200,6158145,60780300,16007300,2644900,25307401,7231600,3923100,12470500,31728000,3552300,16962300,4550100,3126130,6813121,2217300,34068400,1587300,8440100,13073900,1197100,11508400,1450300,8364400,1522200,11093300,19997000,2962600,3010900,5381400,8669600,25189700,590000,3337916,16687900,4302200,7168320,10145500,32440600,18367300,6683700,5985800,41788000,4341300,730500,8186000,1458000,401300000,4726766,12204100,44634800,3842000,86118500,6773400,587800,2919200,6900000,3602200,7947200,6767500,934300,660200,5329300,6629900,5592000,1691400,15063300,2691400,4596400,2000300,1006800,93587470,6692000,2417100,3660500,213873600,1305800,5593900,2600400,3327300,6251100,4383200,904500,1992100,14949500,3098400,35276000,20139600,2076400,37824800,1510400
2020-12-10,81312200,6285700,70447500.0,4828500,1874000,3922000,2449500,5731200,33804400,1558100,3028100,60604000,1065000,26244000,2818800,16185000,58859600,9505000,438600,4567400,11029000,25866600,3109400,2148200,50011800,1500500,2856500,18463475,1831100,14997800,2566300,9258600,17741500,6003100,11992100,6424300,1158900,3682356,8993200,2774900,3628500,2903800,924000,1224500,2990200,5231100,419700,1401500,6163332,83372800,17239000,2961000,19195227,7239500,3685100,18235600,28688000,2541700,11667800,4234300,3169419,5024147,2193800,33706000,1488000,7392900,13668400,1009700,12097300,1245900,6430600,1378700,6647400,13031000,3506800,2956400,3118400,8654300,20065100,728600,2665645,9647500,9325100,7349205,8888000,26733300,15610600,6204600,6292000,30182000,4511000,1166100,5164500,1443200,207764000,3565354,14219900,52292600,3985000,57749200,6800500,651800,3828000,8787800,3352600,7522200,4513000,1184100,696500,7497900,12939200,7825300,1383300,13977800,3206000,3046000,1475200,875200,62270236,5662000,1564300,4164500,201249600,1507500,5597300,2896900,4708600,10492000,3878200,1448400,1462600,15464400,1951400,31730200,20652300,2045200,38058700,1847000
2020-12-11,86939800,5205200,26980800.0,4719000,1838900,3561300,1884400,5776400,28368100,2019300,2893400,61294000,751800,26664000,2942800,17311800,40538400,8862500,488100,4028100,14827300,20960000,2673400,2702600,52517400,1334100,2610200,20956093,2010600,14242300,3483900,8214400,14577700,6515800,9584500,3893100,1403600,1656355,87410700,1767000,3225100,3195700,734500,1372900,3870800,3929300,455000,1279200,4952425,73438200,14650300,2354500,17853791,7845100,2351800,15555600,18628000,2077300,10482700,3454500,3311063,4687544,1985300,29398800,1637700,5977400,9981600,1124300,10638100,1328900,3441900,1409800,5292600,14950000,4179400,2770800,3064400,4992600,14391400,434600,2243337,8352800,3651600,7979158,9034200,30979400,15322000,6022500,4973300,32109000,4172400,860300,4275500,1492600,209264000,3157198,16209900,30941000,2975500,60737000,6548000,561100,3177200,4869000,2557000,25923100,6149100,1013500,578600,7185900,6262600,7629500,1086900,14589200,2139800,4907600,1429000,1057100,41708913,7478000,1192500,2405300,139425000,1585800,4145800,3071700,4777500,9227600,3768700,599500,1476000,13673000,2120900,29779100,16860900,2213000,25478800,1264000
2020-12-14,79184500,8272700,16966100.0,6250000,2412500,3945200,2756400,6425500,48026400,2904700,2501500,83116000,894200,26116000,5336300,19231200,40267100,8480000,658500,6541600,8712900,19688300,2533600,2711700,55423500,2027600,2684400,14944082,1382200,17094500,2778400,8508500,16112300,7157600,12198400,4153900,972900,2171400,30939400,1847600,3684200,3356900,758300,918600,3428200,3937200,454000,1771700,5643891,76826000,15436000,2933900,15913996,12233000,3582800,9995700,33050000,1927800,11775700,4576800,3549363,5282300,1984500,33436400,1794300,8547300,12112400,1039500,22292000,1814300,4390100,1370500,4654000,10545000,3552400,4745000,2765800,5204400,16376900,575400,4425320,15216200,6498400,13139300,10236600,28798400,13573700,5759900,5781200,57704000,7599000,700300,6403500,1888700,270156000,3447912,16193600,36149200,3952400,94809700,6485300,562300,2769800,12877400,2816400,12258500,6263400,1245800,428200,10849300,5156200,7981000,1545300,11809700,3017500,4841400,1666900,1069600,56451785,8653000,1745400,5296700,156121800,3660300,5994200,2479000,3388700,11967700,4008400,675800,2220200,15706500,3389900,28378000,25088100,2355600,30595000,1612900
2020-12-15,157243700,12101000,10914400.0,5256600,2415800,2558600,2334800,6179500,57232700,2566600,2181200,66390000,1655400,21207000,4528900,18993700,43672700,7867500,617300,5168000,16700400,16044400,2360300,3088400,56761600,1581000,2555800,20133223,1440800,9853600,2133900,10766800,18159400,7808700,11775300,3917300,2051100,2360904,18802600,2529300,4059600,3394600,942100,1544900,3103900,4081000,414600,1983500,11635338,69606100,11687700,3018100,17377921,8073900,3465200,12510300,21352000,2348000,15665700,3754100,2655153,4556585,3565700,25465600,1297800,7612600,12590200,774100,16193700,1365800,6974300,1521000,4764700,11857000,3104600,3798200,4082400,5465400,23979500,599200,2715638,14433300,5041300,10087838,9718800,27000600,11538300,6859400,4980700,33949000,7637000,885900,5363500,1456200,193016000,2485469,15506700,26858600,3183300,65712800,5397000,538400,3010100,8624900,3028500,6616400,7261100,1086300,483500,7769000,5195200,7674600,957600,12686700,3116300,5295100,1207600,1016900,44250331,5923400,1129100,2896000,135214500,2440200,5732100,2616500,2555300,9796100,3524100,1037900,1188800,15876000,2409200,38866200,31871400,1977400,27138400,1813100
2020-12-16,98208600,9182100,20409600.0,4458700,2248000,2555600,2290300,5808100,34909000,2589100,2347600,88552000,1154900,23160000,2943700,17858400,42463200,5965000,849400,7537400,13985100,14988300,2031800,4286500,35103700,1583600,2862000,14009497,1223600,9311000,2385100,8821400,16192000,7380700,9892900,4752300,1210700,2009983,11105800,1494600,4057900,4029200,751600,1003200,1852800,3417500,379100,1610600,10632067,55274500,13379200,2611800,11800604,8786400,4057900,15134100,24676000,2400900,13388100,4669600,3108836,4738485,2559400,28351000,1078800,8486100,11169400,699100,15679600,1355000,6009900,1986200,4443500,15148000,3393300,2682000,6001200,5727100,15885000,493100,2332080,13036000,5975500,9487649,8806400,35023300,13889300,7787700,5409100,36824000,6573400,995100,7577000,1476300,223116000,2362042,16119900,17050800,4915800,56515300,5382500,465300,2896500,9049500,3395200,6610900,3570000,862500,535500,5621100,6409300,7448000,1149600,11062700,2670800,3371600,1809000,794100,45926250,6656100,2058300,3262000,126287400,2920400,3147900,2365600,3421600,7504400,5016200,934400,1708700,17165900,3326400,35204800,25650900,1991600,34273000,1440900
2020-12-17,94359800,6360600,15054700.0,3924300,4855600,2178400,2585200,5559400,32023700,2510400,2484400,69486000,940000,17152000,3746700,17465600,43182700,7382500,832200,7388000,10502700,18229900,2296500,4831200,25810800,2823800,3086500,14367048,1954200,9294200,2314200,9946900,16141600,7497600,11748900,4450400,1525000,1819802,9004600,2303000,4309900,3625700,925500,1103900,2528200,4054000,565400,1794700,7331899,49301600,13306100,6006900,12528955,9469000,5089900,12081600,34880000,2983600,9508600,4247000,2279346,3962248,2640400,26399000,1306200,9920300,11618000,1355100,12677300,1538600,3521100,1658100,4471500,14335000,2725500,2558800,3101000,7811300,16377800,452200,2784049,8628700,7227000,11710038,7197500,32515800,11988100,9384200,7229200,31934000,8727000,1295700,6141000,1973500,231384000,2913439,15320500,17630800,3312500,52036400,7405300,664100,3842600,5799900,3162500,7039000,3298300,856300,500600,5769900,4535700,7291000,1515900,8481200,2991500,3002000,3021600,776400,81662996,7665100,1765800,4132200,168810300,2128400,5253400,2525700,4386900,6517200,4719500,763400,1992800,12095500,3185100,42870500,30679500,2959800,21204600,1486800
2020-12-18,192541500,13906800,15954200.0,10669800,5948000,4667400,14359200,14603100,51823100,5888900,4538000,119914000,2605100,45243000,8394100,19092800,82817200,13405000,1610700,20663300,23166400,28712700,5262700,5924500,68420700,6149100,6089800,33760307,3581300,20819300,4140000,11845400,41027000,12530500,27427600,15175400,3274100,4761739,21172100,5403600,7342800,4874000,2178300,2829600,5390200,9911100,862000,4499000,12856200,78764600,23159100,15457100,23023775,22195800,6367400,21808300,85256000,4088100,15807500,9817000,7094058,7900229,4366200,119298400,2622900,17137200,28954800,2220200,35480100,3525700,7356400,4342000,11916900,25877000,8443700,7929100,9038800,10574800,26693200,1249500,5599672,23929700,12846400,33161759,15499800,63354900,23912500,13298300,10365900,45027000,17970800,2663200,10764000,4603400,342064000,5752678,33728700,38206600,8980400,60259200,19988800,1283400,7273900,12918200,8457000,13288300,4961400,1820900,1325300,16809800,10215000,16739600,2662800,20038600,7612100,6377100,2981100,2504700,98528240,17358700,3379600,8782600,666378600,5178300,7072600,8742700,8581300,13298200,10658500,2209600,2929300,31909400,5336200,53716400,41384100,5993500,46596800,3566400
2020-12-21,121251600,6664600,17788100.0,4544000,2680500,2412900,3056600,5226600,47093900,2311400,1963400,76736000,1387100,19096000,4528300,18726500,93397400,8927500,631800,7372500,10484600,31906100,2071000,2423100,51476700,1339200,2757900,20990451,1831100,10998100,2329700,9219000,19865300,6988400,11430500,6991200,2147000,2800486,11424200,2065700,4682100,2631100,1241600,1121600,3195300,5317800,516300,2548500,6172585,63908100,13488800,4989500,17218374,12141900,3196900,15533900,33974000,7408500,8714800,4339000,2618018,6397022,2256500,53775700,1541700,7893400,28323600,1023200,14926600,1716200,3655900,2128700,5153100,17031000,3642500,4342500,4430600,5987400,16553700,453500,2038702,10118600,6302500,11140764,14787800,37181900,13180400,7251400,4843200,38940000,16111300,1428900,8212000,1450300,302332000,2970612,18210200,29666900,3946900,40891800,6732400,609200,3483400,7672100,3479200,7024600,4991100,1009300,702900,8351700,7175900,7605400,1051200,10778300,4059200,4629100,2211400,936700,63319903,9790700,1282200,3259400,174135900,1087700,3077300,2892700,3180000,7576700,5343900,1051300,1567200,18567500,4141100,52731600,25553100,2900900,27869500,1463800
2020-12-22,168904800,4002900,9872600.0,3426400,1602900,1701500,2896200,3901200,35673700,3571600,1845600,47388000,1266900,17929000,3632300,13280000,39054300,4970000,596900,6157300,9424000,17851600,2493300,2248400,39933700,1402900,2341500,14660367,1001900,9189600,2105500,10339600,16024000,5685000,8585800,6252500,1531700,2057585,6419200,2023300,2831600,2102900,946900,1036800,2860600,5033400,371400,1552700,4375081,59031200,13336800,3553600,17858164,14964000,2771000,10559000,20370000,3599800,6426000,3140100,2142796,4535561,1924500,32171200,2246100,4699500,11788200,753400,9689500,1162300,2447900,1820800,3274200,9663000,2403100,2772800,3867600,4886600,17312900,576500,1651915,9063300,7608000,9052414,9807000,22612200,11154200,5335300,5100800,19066000,6339400,963200,5995000,1677700,185580000,2357088,17136000,21507600,2653700,33634400,5023100,891800,2425000,5109300,3573900,5751500,4562300,849600,538000,4028200,4302700,5444100,1004700,17182900,2714800,4139900,1627500,817300,84593405,4909000,1043900,3061300,155148000,706000,2640900,2069700,2489200,7396200,4594200,641400,1127800,12951500,3636400,25655900,37599000,1799600,21792900,1209200
2020-12-23,88223700,3659100,5852500.0,3149500,1455900,1428300,2435100,4585900,25993300,1763500,1553400,41876000,840500,10533000,2725200,10869000,52537200,7867500,752600,4983900,7381100,16579100,1862500,1977100,31385200,1825200,2690400,13800791,1289800,6137600,1782100,7090500,12032600,4924100,7223100,2757400,938600,1977722,9994000,1959300,1956500,1762400,510600,777200,2551100,3660400,342400,1109400,4658706,54086700,13462600,2350800,12139419,8495900,2521100,17573100,22974000,3376100,9276600,2337100,2171549,2817819,1185900,22564200,1932900,4607300,14973200,676400,7040300,1036700,1697300,1307500,3613700,7206000,2760600,1658800,2114600,4273400,14329000,285200,2108070,7550100,4944700,6056078,8772500,18699600,8524000,4626400,3897900,23932000,3388300,787000,4438500,1564300,179144000,2138407,13075200,24012800,2645100,36182000,6004200,1062100,2218400,3702800,2988100,5186700,3764200,545700,498000,4312900,3817300,4254100,800700,9474500,2462400,2768600,1047600,619600,52034656,2829900,1241000,2152300,99519000,684500,2012400,2348100,2553800,6523100,3282800,644600,1012900,14012100,1564700,38383700,20430600,1153200,19085900,1164600
2020-12-24,54930100,1378600,3621400.0,1451500,528100,589200,758000,1409200,16705900,955400,705700,29038000,227600,4123000,707000,6398500,22632300,4562500,173300,2387000,2608800,6824400,585700,521800,14819300,497600,733200,4134945,466100,3530300,972500,6146300,5720500,2117600,3335600,1065000,289900,689208,2721000,460100,733500,688100,279200,224500,456600,2128500,97300,362200,2070333,27927000,5107700,1649400,6029070,3441300,1127400,7825400,9312000,968100,2895500,1093900,800949,1842111,511200,11865600,489900,2114900,4164900,367200,3265500,276400,627200,508800,1044600,3330000,1308900,1047700,903800,2347800,6702000,79500,784815,6055800,1989300,2957456,3126700,10550600,4848500,1387500,1857700,11440000,1821900,332700,3118500,620100,97884000,797426,3796500,9203900,883300,14790100,2588200,139800,714000,1128500,1295200,2120200,1712400,289100,131900,1758600,1949200,1633100,326100,3664900,858000,810700,490800,256400,25358704,1656800,442100,901100,68596800,211600,1044400,1360600,1006100,3367900,1352000,185900,451700,7751100,547500,14443700,9054600,598400,8039000,417400
2020-12-28,124486200,3948900,6229200.0,2034200,1057100,1515400,1617200,3018300,30627300,1495100,1842500,113736000,630600,10625000,1878700,9090600,32861200,6275000,272300,3505500,4842000,14414600,1508800,1742200,33112800,1259100,1225800,14415917,951600,6178200,3207700,6422500,13458400,4818200,8051900,3165700,691900,2385833,13145400,1140600,1473400,1756100,729600,723400,1736300,2594800,265300,1075500,3568230,38068400,10089500,3633100,10793588,8215000,2659000,10471400,27650000,2793400,6525700,2633800,1820358,3781499,1303500,21269200,1229700,3855500,8072600,497400,9020500,1257000,1482000,1023400,2635000,6928000,3449100,2550100,1569600,3496500,23299700,286600,1677988,8657900,4293800,4804242,7417100,17933500,8345200,3753700,3749500,28919000,4081500,603900,5209500,1425200,212564000,1960800,6463500,14617500,2493500,26993700,3714700,543900,1327200,4528900,2442000,4576600,3917600,713400,416000,2938000,5055200,4635000,513300,6461100,2293800,3105000,1030500,628300,55104218,3696100,736500,2569100,96835800,631500,2139300,2308200,1861700,5816200,2450600,633900,903200,15355600,4210400,21658500,19344900,1799800,23877500,1522400
2020-12-29,121047300,5096400,5402300.0,2834400,1065200,1434100,1720800,4518000,31748200,1564400,1283000,97458000,777200,9593000,1860400,14593800,33291900,8547500,318400,3799500,8787200,10800400,1490300,1771500,26851200,1168700,2390900,11998628,872100,7003100,2072600,6122400,11829000,4389800,7670800,3718700,892800,1955501,6875400,1009200,2044400,1188400,395100,766000,1318300,2027800,230800,874300,3712356,37537900,9894800,2676600,10640944,7626000,2328900,7987700,19726000,1430900,9828800,2572100,1620784,3647402,1427600,84531400,1120200,5212000,8389200,579200,8320600,881100,1712000,1055900,3326100,9017000,2822700,1665700,1937200,4479300,16383000,359400,1457804,8979600,3363000,5708037,4701300,17403200,9403400,3774900,3795200,40224000,3232400,524500,4630500,1222600,170372000,1624678,7770200,18074000,3186700,23152100,5139300,551600,1512500,2417300,3847500,3543800,3461300,558200,396300,3670100,4780900,3421500,586800,7140300,1746700,2281200,1058600,824200,48481570,3563900,803200,1672500,68732400,879200,2433700,2275700,2864600,6093400,2470800,512200,656600,15686100,1364400,19584400,17938200,1761400,20287700,1188400
2020-12-30,96452100,5328400,3462400.0,2415800,992800,1529900,1846300,6294300,25845000,1891400,1361300,64186000,611300,10553000,1954200,10812600,26370100,5742500,355300,3257400,6814000,10770700,2720600,1310100,23606400,1194800,2158000,10620918,813400,6268900,1778000,4724000,11043100,4967300,7901800,1929200,792800,1609882,11680400,1032800,1838700,1684500,477300,574600,1169900,2324000,348300,1288400,3549163,38461900,32167000,2694100,10156427,8848800,1955600,6491900,21026000,1566500,7746500,2511400,1699828,3535794,1080300,37385400,775500,5412800,7398000,641500,8142700,924900,1413300,840800,3227000,8819000,4200600,1855000,2787400,4490400,11803800,334700,1697244,7038700,3152300,5933357,5283200,20272300,11620300,3804800,3539500,18763000,3052100,528100,2900500,1582400,225396000,1450889,6192000,16517200,2224900,24889800,3261400,330600,1568000,2886400,2906000,3965600,4429400,633200,296000,5015500,3654100,3971500,642000,7077100,1963800,2791400,1340000,855800,45476487,4476100,714800,1673100,128538000,1524100,2213800,1866000,3107100,8875100,2732100,514000,819100,18259800,1195200,18519300,18751200,1296400,23807300,1009000
2020-12-31,99116600,6148100,2795800.0,2982200,1325300,1462100,1778400,5715900,24930700,1821000,1669300,59144000,795600,10211000,1747800,10487600,28716000,4415000,361500,4228100,6214500,12500700,1717800,1579900,25679300,1233400,1893100,12431830,1400100,7612500,1628900,6011100,15105500,5386900,8350700,2392500,805300,2070444,7073500,1019000,1638800,1689900,752300,749300,1239800,2407800,293500,1056900,4554257,40176500,16527900,2607800,9570828,10870500,3378200,11101300,21070000,2043100,6940500,2607900,1492190,3738822,1474300,28576800,1160700,5099900,8580200,728000,8495000,909300,1643600,1318500,2335300,16630000,2881700,2610900,1594200,5321600,12900400,299000,2202195,7286700,3361400,5511118,5297400,20942100,23214500,4119400,3700400,53923000,2949900,520500,3324500,1283400,192424000,2362970,6928600,15193600,2076800,30796500,4076400,458700,1569300,2892300,2003500,4941700,6275500,897900,354700,4177000,3566300,4085100,920400,7844300,2417300,2488300,1014200,639900,51135925,4563800,967200,2080600,148949700,643900,2906200,1969000,2349400,5922200,2537700,467400,1161100,12906300,1424900,21081200,17814000,1743300,22786500,1292600
2021-01-04,143301900,9523400,6409900.0,6192000,2505100,3612900,3232900,8449900,51802600,3088200,2786400,88228000,1286200,24171000,3472100,21225600,51483900,8350000,623600,7404900,14068700,21286200,4078300,2218700,40642500,2614200,3506000,23796341,1437700,8597600,3322200,10319900,24392500,11367200,9234900,2975500,2800000,3601140,13426600,1858100,2683700,3587000,1459900,1197800,2227700,4406500,567100,1947800,7057107,85043100,31398600,3797100,16040798,15520000,4513500,15768100,37324000,3572000,8898700,5002000,2470963,5417443,2726500,46102500,1781700,11765900,16819900,1252000,25611100,1741300,3164800,1887200,7243400,17686000,4638400,4055400,4297000,9187200,15106100,703600,3583455,10657400,4174100,10502637,14014600,37130100,31155900,9388400,9427500,44444000,6178500,1267500,9446000,2308900,560640000,3965254,11249900,18497800,7486900,33565700,8330900,615300,4454200,5389400,2714200,9827000,5732800,911100,887000,7660500,8041500,8650000,1224900,8743400,4774300,4299400,3231000,1114900,86700816,6330500,2220400,3433100,145914600,1849900,4659900,4203800,4304000,10318300,3028300,766600,2117700,19129800,2235500,31421600,32182200,3197100,27764700,1805900
2021-01-05,97664900,6823800,5974200.0,4322800,1809200,2010100,2212300,6987200,34208000,2494000,2481600,53110000,1882400,15069000,2112700,19338300,48507000,8705000,431400,5524900,14812600,20213100,2933700,2380600,32464400,1768400,2559300,19050858,1683200,12393600,2748400,8657200,17763700,8012200,13414800,3466900,1829200,4187023,7771800,1614000,2547400,2117800,721700,996400,2687600,5624100,473600,1217200,5563557,70127800,26109100,3271100,16793346,13251100,2739000,18045800,20360000,4207100,15912300,3822600,2304598,6395872,2286200,24866600,1363800,9602300,13731200,1074900,20323800,1620000,2322600,1479100,3911900,16099000,2990700,2576100,3788000,5421900,9871600,730700,2745179,6375800,5869100,10956526,11120400,23823000,33418200,7339800,5602300,31339000,4163100,939900,7721000,2223500,322760000,2801777,11005700,37293800,4126000,29909400,6856400,621300,3844400,5282700,3907000,8507200,4029500,797700,683100,6436800,5721900,7995700,1171800,16256600,3905200,4647900,2012800,1363900,83054520,4878700,2046700,2544200,96735600,878000,4734100,3160500,3967000,6869700,3946300,663100,1730500,16220000,1986500,37360000,26498100,1976800,44035100,1358600
2021-01-06,155088000,11017500,4213900.0,5539600,2535600,4156600,2713900,9818000,51911700,3754800,3230900,87896000,1883700,17226000,5861500,16202200,107002800,9835000,730700,9009400,13236500,38106600,8034700,2709900,35295900,3488700,9053900,24063624,4452300,11035300,2661400,9789800,21823100,10142400,13916800,4112100,2778300,4472971,7517800,1823800,2823000,2398500,1310800,1861400,3791000,6350800,568600,3083000,8847461,72590200,40670400,3605300,26400690,12222500,3630200,22694900,46588000,6383500,16165100,3949200,2915522,8322708,2581600,36809600,2071200,8230100,24909100,850600,38724500,2586600,3619700,1897500,4937000,13342000,3966800,3083400,5817200,7663200,24354100,2489100,4002294,9048000,6819900,10521396,18334300,35930700,22390900,12155700,9867400,53462000,6072900,952500,9849000,3291300,580424000,4274647,8685400,37156400,4843300,34962500,10578000,861200,4786400,6376600,5097800,7174600,3612500,1434700,901800,8753800,5017200,16551800,1648800,19456300,4102500,8356300,1638300,1981800,73455520,6499100,2112300,4486000,134100000,1140400,5254400,6561400,5061400,7206200,5597300,2826100,2306700,22678500,2458200,73507500,21918900,2667000,36484800,2139800
2021-01-07,109578200,8196000,4482800.0,5568800,2068200,2901200,2764400,8784100,42897200,2647800,2933800,70290000,1147900,21267000,8696600,14474100,74358500,7492500,656000,4691600,7267400,24161000,5297500,2568000,28989000,2812200,5061000,21586264,2788800,9648200,2849500,8443100,18218800,7962300,9286600,4126600,2227300,4168186,7300800,2187100,2989500,2936200,814200,1418300,2435600,5715300,698000,2585300,7322786,77117100,29770900,5657300,15105891,10614700,3395700,13625700,41936000,4009700,13680500,3833200,2182795,4714740,2357800,32092300,1285500,7747200,21940400,1011700,53225700,1757800,3025500,2048900,4144100,12981000,3100200,3142000,6604600,8589100,15789800,754300,7012626,6962900,6420500,10447931,13530400,27694500,27945300,8816000,5358100,36864000,5256900,1331000,9348000,2229400,461480000,4302924,7382800,24299300,4473200,27809500,7355400,856100,3187800,4824300,2568200,8482300,3993700,1126600,587300,8771400,5057000,10949600,1507200,14502400,4690300,4227800,1856700,921100,71265359,4631000,2144400,4928100,154496700,944200,5673600,3366700,6024300,10967900,3040400,952300,1503800,19079900,1962700,50634100,20538000,2630400,29528100,1710700
2021-01-08,105158200,5345900,4615600.0,4242200,2010700,2266100,3059800,9059700,39816400,2511100,2310400,70754000,1229700,15271000,2934500,14144000,44641400,7762500,622900,4850400,7288700,20747800,3186600,2432600,30370000,2346000,5569300,23623807,1867400,9448700,2599700,7301700,20936300,11254700,11152100,3476800,1781000,2591467,7894500,2341500,2752100,1902700,981500,1384100,2156900,5804100,624200,2695400,6425086,59162200,27541700,4583900,14590235,8389800,6715100,18426200,35484000,2800800,8343300,3757700,3478913,4891305,2405600,34625400,1428600,8228900,12035100,1051800,29674000,1879300,3438100,3226300,4971200,14419000,3371500,2639100,5197600,6642700,18528300,497800,5750488,8314300,5255000,9563105,12896700,22956200,51272100,8376200,8805700,29739000,3950500,2090300,7974500,2720800,292528000,3300542,7751700,18277900,4312000,33462400,7448500,1279700,2199700,4035600,2683600,6252400,3104200,1018800,700900,5158100,5869700,9165300,1203600,11951900,3965800,3692500,1493900,1378500,72471656,6306800,2221700,2951200,225166500,899700,4556500,2947800,4844800,6513000,3913500,801800,1231200,28411600,1941000,32324700,24478200,2221500,28628200,1475900
2021-01-11,100384500,6334200,2801900.0,3177400,1745100,2382400,2359600,8357500,48600200,2600500,2284700,73668000,751300,11660000,3311000,16770300,51868200,8015000,614400,3882000,7228300,20454000,2540800,1622500,31213700,1154500,4430800,20053518,1399200,10839600,2562500,7199000,25058200,6675000,10635000,2949800,1303700,1738474,6461300,1917500,2193700,2589800,673200,942100,1749700,5665600,502400,1490100,7070146,95968300,22233900,3413200,13493535,11316700,5552000,25864100,34796000,2649700,11405600,3764400,3118173,5859587,1857300,32925000,1644600,7066200,15937900,1203900,19304400,1913200,11396500,3196400,3005200,11892000,2403000,2545400,5742200,6761500,30412300,369700,3272974,9718300,4222600,13488179,9077500,23031300,19920800,7064300,5753100,38062000,4252000,1220900,6432500,1857200,518344000,2622106,6284700,15120400,3902700,47286900,7239900,753600,2268300,4698000,4944300,5147800,2723400,1115300,578700,4569000,4257400,8766100,781800,16877000,2873300,3988200,1545600,544800,40833484,5863300,1669600,3074800,177904800,839800,4553100,2695100,6127800,7353100,2885300,615600,2263100,15688000,1748200,33739300,26264400,2100400,38246200,1117000
2021-01-12,91951100,6106900,8123600.0,5777100,1898200,2964900,3122500,7186100,67672300,1771500,2468900,70292000,1097400,13846000,2671300,12836200,68166200,6485000,675900,5616600,19636300,20162800,2466100,2304100,33169500,2124400,4359800,22406467,1631700,13013700,2387600,10736000,20145000,5641300,10923900,3801200,1952300,2499648,8349800,1748700,2860700,2166700,595100,906500,2646300,5489300,412300,1479700,7343396,124808500,21250100,4376400,18346073,9115100,10158700,63889300,29528000,4814400,15816300,4030900,2651227,3921663,2775200,39883900,1903800,6903200,18033500,1323500,18538700,1785200,7179300,3002200,4036900,18790000,4858100,2952000,5666800,7450900,26383500,442800,3527124,7324500,10484700,10128606,11831100,23249300,18231000,7669300,4282100,59904000,3678800,1073900,5865000,2308400,291476000,12195247,7758200,37326600,5150000,47831100,6333500,741500,2475000,5300300,2648600,4385700,2763100,1264100,446300,5356200,4332600,12194500,926700,20803200,7012200,4103400,2271500,824100,57515222,5918900,2039000,5374600,138812100,1596700,3406600,2372500,4612100,9331600,3634800,963000,1816900,22699300,2285700,59146400,23373300,2765100,36915100,1304200
2021-01-13,88636800,9821300,12529700.0,6047100,1870700,2105900,7424900,5310000,60712900,1412300,2314800,66424000,1608800,13118000,3678300,8570500,43172800,5990000,848600,3827500,9942200,18541900,3154700,1457400,24791400,1417600,4069400,17314209,1973800,11839900,1968800,6839200,19367300,6223800,9723300,4364100,1203800,3674686,6839500,1272800,3592500,3696500,1058800,911600,2189200,3792200,455300,2344100,6263155,89549300,19828200,3012800,10776915,6822600,8174900,49229700,23432000,2413800,10586600,3921400,2275951,8030874,2394500,124070700,2550000,6643100,14816800,1154500,18864100,1518800,7303900,1648100,3291800,13613000,4125700,2069800,2766400,7276500,19528900,597200,2509208,7515000,7234600,10093812,9852200,20087100,15067700,8542600,5343100,50321000,3330100,1541400,5383500,1876000,210028000,4415309,8298000,19527000,4361600,31027900,6078800,872700,2621000,5280200,2520600,5479900,2772100,1333800,407300,7032600,4804500,17171700,1207800,11276800,3949500,4295600,1936900,696000,51383116,5724800,1410200,2917300,99937500,1281400,2953900,1974500,2643000,6688500,4434000,839000,1809600,16985400,1596900,35734800,16069500,2656300,29000300,2603100
2021-01-14,90221800,8268800,9926500.0,4391000,2253200,3508300,8042700,11663000,53408200,2594000,3735000,61418000,1108100,19692000,3404700,12446800,48483500,6827500,1642900,4528700,10213200,29108900,2486600,3882400,46177600,1175700,3732500,20066002,1330000,12857900,2363900,6548000,22333500,5088100,13950200,3461300,1370800,2333494,8951200,1442200,3097300,3511800,814300,1320700,1883200,3732300,530100,4047400,6068557,112695300,21668100,2867100,11879594,8694800,6436300,36839800,29212000,3192200,10215400,4641400,3884852,7848347,2626300,74680900,1460400,10030800,18565600,2431200,34303600,1903400,4413200,1965600,4090900,20034000,8712200,3666700,3068000,7325200,29739400,669600,3462898,6963400,8816200,11366398,9854300,29480800,17639300,8899000,6193000,41774000,4104000,1375600,7243500,1207300,283120000,3009828,10258600,29879100,4724700,30272000,6172800,557900,3269700,5504700,3028700,10102400,5228200,848600,376100,9712500,4528300,9165800,1224300,10285800,3776700,7465800,1910400,1053800,84548919,4167200,1426700,6359700,93798900,1407800,3416300,2919900,2625000,12887500,4459500,694400,1727800,18341100,1319700,55856900,23017200,1750100,35474800,2213900
2021-01-15,111598500,9196200,8575700.0,4480100,1915100,3200400,4258200,8981200,49340300,2855200,2404700,84880000,1908600,18165000,3948200,11103300,57684300,8520000,1174500,5225000,15109400,38295300,3317100,2437200,33762400,1462500,6359600,27713298,1376700,30004600,2340400,8525600,30271700,8110300,10244600,3407400,1766300,2932236,12232500,1762600,2914600,2443700,1155500,1166600,2926900,4933100,549800,2590400,7095382,99985000,19927600,2805100,14768762,9361900,8579300,25293700,31444000,3863700,12252400,5131700,4124638,5131153,2586600,50265400,2317800,7630800,27881000,1606600,24366800,1955300,6624600,1853100,3727200,15264000,7911500,3593700,3121000,7410400,24942900,531900,4246637,8070000,7719000,10203538,12882600,31746500,14322600,10561600,5582600,58958000,6412400,1782800,5418500,1613600,277780000,3361121,7532600,24701700,4309100,34287800,7757600,870300,2735200,4492200,3413700,8607400,3125000,796900,663900,6980800,5522900,9952400,2126400,13449000,4107900,4006500,2701800,1281100,53824704,6382900,1892600,4741000,116332800,1688200,3734600,3777000,4816300,8755000,3710600,717600,2241900,15785300,2649000,91993100,35920500,3811600,42411300,2516500
2021-01-19,90757300,7723800,4685400.0,6820300,2249400,4419200,2816400,9362200,45115100,2172900,2536400,66102000,1368200,18819000,5818500,11947200,78130200,6872500,852400,5502100,8081100,27022400,2361200,2824700,21273500,1759100,4004300,20215702,1528200,14498800,4533800,7753800,28868800,5919000,9574800,3670800,1509600,2544655,7834700,1622100,2486200,2693300,1003500,954800,2981000,2966700,558500,2144500,5806383,78732800,19517800,2357600,12740305,18395900,3898300,64144000,41660000,6727800,16808900,3615800,2818334,5646308,2980300,35647100,1920600,9057600,19843800,1275000,29114500,1643100,7729100,2017200,4683100,20351000,4625200,3331600,2490600,6672100,28028500,617700,4668227,9653800,7186300,8467316,14897700,30480900,26602500,8142700,5270200,123158000,6537800,1360600,4890500,1606700,226188000,3406219,8903400,21931400,5158600,33451300,9184900,982400,2540600,7685100,2976200,8209000,2505600,995400,525100,7381800,6519600,8277200,1353300,21249400,6270300,3094500,2224000,835700,53971536,4990600,1758700,4033800,76101000,1678900,6277800,3361300,4537400,9772000,3941400,639900,2044800,18821300,2995100,43806800,24123600,2518500,24932600,1464200
2021-01-20,104319500,6554600,8517400.0,2952100,2081600,3859000,2588700,9926000,35185800,2768200,2399000,106196000,692500,14710000,4090200,9727000,53920000,8475000,747600,4876200,7617800,17448900,2501100,1670800,21272500,2021900,6897200,16873751,1217500,21178000,2767200,9857700,16499400,4764400,8735400,3552000,1327500,2313754,9809200,1814000,2331300,3288400,702300,1158200,2377900,2280700,456100,1698500,5904663,125033200,17343200,2157300,11840751,10131300,4428400,47428500,64152000,4792600,13376100,3498400,2601996,5856240,2260300,28701300,1648200,6839900,16028800,1019600,23115800,1773300,5335800,1780000,3899800,18510000,5081000,4077700,2628200,5179100,25199900,616600,3196071,7002300,5529300,11097901,16133000,37777300,21191700,8576800,6529700,326375000,4654400,985800,7694500,2232000,258572000,2624686,7025000,14737000,5019300,35400100,12506600,851000,2980100,4733500,2566800,7943300,2432300,862700,519600,4657700,5844300,9798200,1271700,10571800,5151000,3904100,2799500,959200,43086270,4558500,1257100,4230400,76997700,1727100,4329500,3036800,3029800,12675700,3222800,575600,1608800,19923100,3442000,29949800,23775600,2668200,22342400,1618000
2021-01-21,120150900,5417000,17618400.0,5028100,1625600,2768700,3227000,7271400,54221900,2215900,1736700,98722000,918500,15749000,3654900,11091300,49626600,11520000,639600,4317300,12188100,19394600,1951200,1491600,20209300,2095000,5772000,24116654,1424300,16897000,2121600,6785900,17488400,5029500,10393100,3185400,1931000,2684414,8416400,1459500,2254700,3014000,724900,993700,1796500,8526200,318300,1348400,5138751,282394100,16866800,1948800,13162304,8141800,3058600,39843100,58634000,2516000,12080300,4397900,2870111,13116003,1505100,86519500,1975500,6818000,13411700,1063100,19702500,1559800,8698800,1661800,5322600,12402000,3484900,2674900,2250800,6938100,20838700,601800,3215087,7108200,5204400,9043716,13591300,30709400,14696200,9268600,5088900,118021000,4011200,975300,5062000,1724200,337780000,2632426,6943600,19306300,5684100,33829700,8761600,821500,2376200,4166300,2698600,6295700,3098400,940100,774100,7366800,5731500,6367000,909600,21086200,3530400,3059400,1622200,991100,37102320,4314100,1514200,2687200,61563300,890000,3583900,3749800,2002800,6513500,3083000,624000,1624000,13601500,2244500,28240600,14325900,1805500,29044500,2440200
2021-01-22,114459400,5185500,7136800.0,4163900,2049600,2534300,3789500,6207600,71294700,1866600,2113900,56438000,791200,16248000,2954800,7514600,45314500,8917500,565700,4465000,7405600,24740400,2027000,1367800,24748800,1422900,4816300,14896067,1135600,9535400,1960300,10186100,14643400,4183600,7810600,4152900,1429900,3057444,9517200,1109700,1917500,3369200,856000,969400,2432200,5481100,484900,1405700,5874100,130866600,17457100,1690700,10617570,4914400,4745400,23895600,32744000,2568800,14149600,4501900,3716365,39814421,1926200,85729300,5299200,8137000,12933200,725000,15400300,1582000,6128800,1557600,3612300,11998000,3846600,2196400,1968200,6241800,21954000,643500,2809763,5526300,3645100,9436926,15460000,30172700,14229500,6371800,4441400,75508000,4150500,989200,5148500,1522100,246820000,2904151,9896700,17640700,4014900,26271200,7202800,1114100,3065200,3156300,2563600,5062300,2636600,620600,735800,4558100,5231600,5472400,924900,13559500,3079400,3692700,1519100,908600,45975370,5598500,1936600,2501600,60199500,906600,3736800,2585100,3131600,7316200,3000100,684300,1258200,16364500,2111300,24476100,19219500,1719700,23264800,1079100
2021-01-25,157611700,6928200,7472900.0,4689300,1921600,2697400,2481900,8437500,55086900,1830700,2401800,74996000,1129700,14692000,6156700,14276200,48078400,21987500,806400,5097700,6157800,25754100,3837100,1720100,55839500,1858100,7750400,17422403,1350700,10739700,2735900,8213500,16581300,7554800,7689400,4057600,1539600,2445955,7833700,1651800,3469200,3728600,743600,860900,2137500,4902800,315700,1598900,8490232,118954500,29254100,2009700,18462763,8443900,6958800,39844200,50586000,4575000,12581800,4025900,5026700,14315974,2811200,61968500,3307200,9924400,14212800,955700,16604200,1990700,5959100,1976600,4764100,16753000,6257700,2615300,2765800,7388700,19087000,926800,4010308,8201200,7148400,9957677,15933100,33152100,19283400,13215600,5594800,72073000,5998700,1469900,8560500,1984600,251112000,3731918,8524700,15398900,3829000,31728500,9640000,1075400,2965700,4156000,3003600,5370800,7703000,828400,803000,10514000,5009000,7888800,1200600,15541000,4013100,5322700,1453800,1371600,68733209,6892400,1509700,2892600,123520200,787400,5401900,2506300,3938100,19282400,3093800,732800,1828600,22444300,2182000,28515500,19031100,2481600,26395800,1443800
2021-01-26,98390600,5554600,6460900.0,4142400,1345500,2363100,3134700,6029800,59449100,2008900,2838700,59104000,962500,10742000,8932500,11011800,36373000,11190000,827900,3944800,5869600,18760900,2506000,1882800,44110700,1436900,5788400,25140867,1248900,7616300,1807000,5021000,13087800,4667600,7827800,3393600,1364200,1853530,7523200,1167100,2261500,3660300,875900,1222400,2010900,3702400,369900,1140700,6246891,66267500,33161600,1836100,42495519,7125200,6024900,21648200,31462000,3296800,9965600,2472200,2336216,11186656,1564900,31485900,3036900,14205700,11307800,832100,12922600,1544600,6601500,3542400,2496200,14310000,3503100,2907800,3401000,4759800,19373600,671600,6158084,5861200,4268200,7748283,10899700,49169600,13678000,12476900,4614100,50238000,5312300,985000,7088500,2531300,163980000,2520763,8186500,19138100,4242500,27718700,5996700,832700,4360400,3713400,2056800,6554200,4754600,901700,2311000,13322200,7195300,6786900,1313400,20225800,3222800,3720100,1479500,1053500,66887024,7106200,1006300,3219000,69394800,856000,5341900,2467500,2962400,9605300,3150300,695500,1629200,37892700,2218700,28026500,15031500,2263200,23976800,1982000
2021-01-27,140843800,11887900,11019800.0,9104900,1833100,3586400,2528400,9782700,73341200,3237900,2763100,93204000,1124500,21857000,5816900,20948500,63809200,17640000,1104400,8227100,15133800,24657200,4095300,1866000,50578900,2235400,6289700,26322890,2261300,8841600,3120800,7641100,29634500,6279800,10178500,4657200,1769900,5268662,18239200,2866100,3002300,4368100,1123700,3046900,4835500,7499600,492700,2062200,10024861,82863000,37297900,2698500,29983117,9908200,7344900,38315200,82512000,3891800,16088400,4337000,4359225,12705239,2410500,49722900,2317500,14207300,17603900,1657800,21242400,2681600,7358000,2666300,4762700,22525000,7449400,5464000,7075400,7583000,35346200,682300,9684012,8405400,8826500,16230376,17002600,69870600,23513400,16893300,7514000,86703000,7815900,1389300,11206500,3166000,371272000,3546571,14789000,25688400,6659800,50561200,10826700,1454400,2884400,5295400,3080400,9854000,4557600,1433500,2246400,12377000,18139500,10579800,1682100,17044000,5062700,5775900,3074900,1488900,97381127,10471200,2504600,7023100,82002000,1284900,10011200,4770900,2821500,13772400,4744800,913200,2546200,37239000,2102500,45074900,29910300,3344200,32410300,2235600
2021-01-28,142621100,8534300,7077700.0,11296300,1794200,3000700,2118400,7433000,47048400,5205600,2685600,62984000,982800,16946000,5788500,10403200,51223300,21082500,822400,5943500,16495200,19986200,3445400,2522300,59670200,1542000,8037900,31117028,1514600,10283300,2251100,7246000,21166000,5020000,8155500,3124000,1504200,2957052,14449100,3027600,2001000,3276700,1203000,1767000,2530300,7417500,450100,1537100,7455275,77388700,26791400,2179000,18879766,8086400,7919100,37573400,55278000,3778700,11646800,3463000,3959334,8455969,2859700,49202600,1720500,8944400,13761800,1021200,17498900,2110400,5460400,1837800,3816600,24901000,6906400,5401600,6000400,7522700,37758800,429300,4967825,9547200,6253800,12972039,14986200,49111200,18351400,8541300,6402400,59690000,6244600,1398500,16413500,3985200,228316000,3127373,11166400,16438200,5514000,39466700,8242000,1307100,2371600,3304800,2654500,8087400,5089900,1050700,938000,8753200,8868200,11278600,2002800,12418200,2764400,3124700,2721800,2004300,69698670,8267400,1619700,5000200,79134000,1160800,6796600,2769900,2565100,11041300,4363000,627700,1593500,24000800,2087200,28770200,22301700,2995600,24967200,1859300
2021-01-29,177523800,9380400,4529800.0,10995100,2494400,3061100,3261000,7943400,56735800,3792800,2701200,85872000,1458600,22069000,5059300,13683700,64019100,13405000,801100,6387300,18873500,27078300,4541400,2569600,50346100,1308700,7405100,29321373,1829400,11660400,2598700,6473000,22608100,6469500,14699800,4330700,1734300,6483406,12848800,3433600,4967400,3665400,1116100,1659900,3545400,6691300,487800,2444700,9616178,73925800,20156500,3241300,21921317,11724100,7118900,26466800,44530000,3412000,11373200,4079500,4917841,12369473,2791300,37256200,1890300,22505900,14808100,1163800,18670300,1647300,8401700,2101100,4400500,28250000,7627200,5203300,3475200,14261000,30389500,713000,5043771,11869400,6180900,10671470,17566100,42503100,17934400,13189700,6669600,43253000,7166100,1659000,11901000,5113700,271552000,4867118,11451800,19971500,6778100,60251900,8344100,1265100,3090900,5107300,5732800,9502100,5937800,1389800,1108900,15649100,8203000,17772200,2347800,15573600,3464500,4517400,2734500,2192100,66272688,5763400,2586400,4597400,104972400,1000100,5969800,3899200,5007900,21503000,5512600,860900,2029500,26231200,2746500,39500800,32509200,2540500,38961100,1977200
2021-02-01,106239800,7518200,3877400.0,8337100,1559700,2554800,1901700,9083600,42359300,2173500,2172100,83204000,1360400,17027000,3359800,9061900,40985300,11967500,483100,4068200,12285400,16073000,2738200,1898500,27139000,1410500,6514500,17995702,1582700,9229400,2371200,5696700,16776900,5207100,8073600,3480100,1163400,4042978,8140400,1954200,2570900,4123100,1125700,1689200,3674900,4710300,343800,3054600,5117580,157114400,22619600,2731200,13379614,6270200,5139500,21451300,40252000,2324100,8551800,3707800,3065229,6538023,2557900,26926600,1884000,9971400,11080700,1052500,12183600,1629200,5383800,1615500,3898500,16938000,4930700,2812500,3965800,8868200,22914300,509100,3073361,9606000,5232100,8224599,11961600,33314200,14900200,5589500,7875800,35475000,4366800,1321400,8584500,2445500,217204000,2511578,10553500,13688000,4185700,40395800,6534200,689100,2982300,6209500,2968800,8265100,3547900,790600,985900,5994000,7206300,8601100,1426500,10081500,3257200,3774100,1774600,2097300,56774709,6122700,2083100,4070200,76174200,1067900,5715600,3020200,4783000,12970700,4159400,551900,1927900,20541100,2166800,23713400,25945200,2715400,24412400,1885700
2021-02-02,83305400,10481300,4413600.0,7277000,2010300,3022000,2584300,5108600,33850000,2444200,2045200,141972000,1061400,16141000,4036700,11130600,53527000,11017500,879300,5300300,12475900,18693400,5265400,1608400,27697100,1230800,5018800,18524614,1628500,8834000,1905000,7134900,16520900,5543900,9233100,3922300,1637100,4123742,12215200,1231100,2240700,4185700,920400,1924300,4023200,6255100,575800,4883000,5452799,80440700,17952300,2859600,16946953,7749300,3811000,20457400,66332000,5195500,8862800,4111800,2936636,6633627,2429000,23580900,1654200,11443300,12253600,1106900,13319800,1526000,5314600,2065400,3181900,14587000,5686000,2786000,3178600,7378600,17320800,344000,3401902,10121600,7112000,9866710,13893900,25916300,11386200,6645400,6238100,37676000,7132800,2226000,11258000,3365700,220440000,2356366,10528000,15513800,3581600,84062400,6825600,995400,2148700,4790700,2324900,6926500,3839200,884500,677300,8710600,6917700,8720500,1223100,11058000,3391700,2987200,2397000,1850100,56673026,5548000,1502000,3456000,73038600,1122300,4861200,2663700,10758300,11305100,3919200,476200,6292900,18974500,2541100,25302900,27002400,2002400,31940400,1583000
2021-02-03,89880900,12101900,4169000.0,4991900,2470400,2146900,2162700,5399200,32312900,4479200,2503000,141776000,1065700,17857000,2782500,11836900,49404900,8815000,685300,3805600,16681600,18730600,2979000,2201500,33548800,1532300,3863600,18409271,1296800,11133600,1759800,5357600,13173600,6128200,9256500,3054700,1185300,3199121,5508600,1283000,2577200,6695600,876100,1196800,3728700,5047600,320100,2133200,6773623,82968600,19500400,2160500,10877474,6421700,3793400,30706500,97882000,2712800,9751500,2802700,2026616,7024308,2079800,21893200,1531800,8601900,10600800,1279900,12274100,2365700,3679000,2683100,2996500,16049000,4036800,3020700,4960400,7583100,14223400,472000,3437543,8059800,6492000,10034810,8014300,27158100,17456000,5971200,9532600,31723000,4678600,970600,7457500,2854100,245408000,2373703,9933500,18308300,3609600,38524200,7309400,665600,2440100,4275000,2598900,14156700,2907700,1076700,720600,8370000,3934800,10230400,1769400,15843700,3165000,2986900,1705100,1237900,53468813,5477500,1704900,3918400,55030500,867000,5019200,2537100,4559200,13458600,5257300,514500,3830200,13909300,2284800,28507800,14966700,1982600,28459300,1726000
2021-02-04,84183100,9077800,3631500.0,4377900,1702200,2005100,1783200,6356300,30791600,2819700,1934100,73414000,6284200,15243000,3915900,11869900,51751900,8880000,636400,4438400,16035400,16612900,2253800,2014400,32541100,3797300,3869600,19961543,1394300,11372300,3411600,4770700,22285700,8117500,7917600,2171600,1459000,2779618,9035400,2725400,2375800,3930200,993100,1317300,4457100,5451900,421100,2184100,6345873,106845000,16730700,2898900,13396066,7400400,3195000,19243300,48596000,2994700,8881400,2976000,2411971,4771957,2856800,29853800,2277000,7758100,12419500,1401800,20597400,2712300,2924300,2174100,2679800,14012000,4537500,2777500,8327800,7185500,16060000,401000,2192268,7543500,5007500,18867563,8889400,25296100,11519700,6398400,12158500,51645000,4533700,1298700,6266500,2675700,201340000,1957910,9928700,13247100,3860300,34284900,6613700,2073800,2698000,5391300,1997000,46141800,3588800,1394600,1422600,9024300,6926800,7890900,1771500,12894700,3223600,2794000,1172500,1211000,42001782,9747500,2921900,7396000,47438100,813200,3519800,5962200,2811100,14534800,3643600,722600,2908100,14761700,2368000,30825400,17346300,2543600,25280300,1888000
2021-02-05,75693800,7251000,2869700.0,5803400,1497700,1675000,1584900,6349300,30268700,2421800,1609300,72416000,3167300,12488000,3184200,9546100,42008800,5960000,474900,3812200,19216700,13493800,2240000,2192900,29887300,2822300,3579200,15154601,1741400,9543400,2165600,5020000,25488600,6421800,8017300,3011500,1228100,1659175,6640500,1478600,2465900,3899200,818300,1478000,3833100,4029000,378200,1983000,5577717,113402100,33126400,2816600,10396669,15068200,3166900,17250200,29866000,2938100,12027500,2389900,1982054,4775722,3430200,23432600,1307100,9495300,10051300,890400,12742000,2806400,2732200,1454700,2562700,12367000,2964800,2600200,5960000,4961600,12454400,345600,2179590,6076400,3846000,13901825,8832200,18054800,10958000,5745800,6198600,23762000,6151500,1151500,4860000,1811100,169152000,1627774,9170200,13227600,4437900,31749600,5063700,1529100,1704900,5048900,2466500,24695400,3131300,1662800,894400,7952700,8072100,7994500,1947300,11370200,3087200,2547700,2153300,1242300,36503739,3762300,1678600,10319100,55699800,1586600,4045000,7227900,2560300,10284000,3127500,587600,2740500,12069500,1977400,24908100,20451600,1567700,34980100,1377800
2021-02-08,71297200,9199100,3488100.0,3456000,1508700,1727000,2047300,6621400,47639900,2258200,1775200,65148000,2056000,17610000,3360900,11182100,46014100,5475000,532900,3327300,10354700,15055400,2725700,2556100,22166600,1898400,3828700,15756496,2071100,12181600,2520700,4336400,25215400,5826900,9886600,3008200,962300,1747610,16085700,1025400,2087100,2538400,754100,1437400,3248500,4079300,371700,2548000,6049209,75756700,17556000,2135400,8517928,9599200,2990500,26990000,28828000,2826200,9163400,3475600,2202318,6158848,2511300,34358300,1287300,6035300,10136400,1018200,17833200,1770400,2909300,1549900,3421800,14658000,2652800,2696200,4955000,5432600,13755200,463200,2816700,7163800,9360200,16718534,9018100,22211900,12394800,6792300,6247500,27917000,6304300,1588800,5158500,1680700,434624000,1972771,7003400,31510500,4112200,31633900,7011200,858000,1754000,4843300,2678800,12181600,2701200,1320400,595700,4964300,4836600,5377100,1424700,11496300,3550200,4464400,1250100,925400,42459356,4532700,1418800,5742600,60485100,3019400,4597600,4758200,2242200,8637100,4217700,490000,2141500,17887700,1481300,29223800,15825300,1745400,36998700,1625100
2021-02-09,76774200,5506900,4725800.0,3424500,1542600,1571500,2148200,5769200,37596400,1996500,1263200,44070000,1347100,12758000,2175000,13615700,35868600,5742500,451000,4773400,11600400,12336900,2331600,3077100,26144100,2050400,3682200,16101030,2026300,8990300,2154000,5157200,24795000,8100200,7605500,2308100,1066500,2111503,11270800,1220800,1932900,4517900,922100,2073900,1565700,3039600,299700,1857600,6179876,102250800,18609800,1758100,10581235,6620400,1744100,25168800,21892000,2071700,14852700,2507800,1903434,4933982,2091600,28754100,1516500,5544200,8614800,735500,14592900,1389500,2661300,1677500,2723800,9441000,2993300,3047300,5413800,9534900,14613400,539600,2323589,7571800,5076900,13484616,7429900,23565000,10362500,5008900,4425000,37035000,3436300,1296500,8175000,2877500,287560000,2203939,5437400,20757100,3179300,30170200,5917800,942600,1328500,4205400,2644900,11681300,3017000,1056000,557700,6263000,4095200,5541200,1220400,10799800,2077400,6002200,3154600,758600,43411312,5492600,1452500,3342900,45473100,5866000,2777700,4096900,3073600,7619400,3864900,609100,1624900,19605600,2133800,23539800,15906900,1576900,28977000,1852700
2021-02-10,73046600,7446000,5257200.0,4195400,1428300,1764500,2767300,5001700,42441300,2964400,1539000,63032000,1463000,14587000,2929100,11510700,45031900,8352500,663100,3822600,8847400,12680700,2816400,1447600,27930900,1556600,4882700,17533691,2688300,10853200,2162400,5535600,44540900,4752800,8778800,3749200,1070000,1586306,11464600,801900,2356700,2827100,581100,1090400,2540300,4959100,465800,2988400,5971118,76282500,39036500,1969600,9140985,7667900,2704900,55329800,25102000,3213700,9761000,2410600,2010171,5090673,2580500,16325100,1681500,5921300,10323200,546900,22965400,1585200,3062700,1728900,2837900,8682000,4246300,3161600,3733600,12875300,14687200,657100,2307084,6866300,4938500,11721566,7465900,22186700,9869200,6200800,4549300,39913000,4125700,847200,4833500,2180900,485352000,3566489,9577500,22400500,6966600,29039900,8594100,860900,1633500,5260600,2231600,11701300,4418300,959200,600100,3930200,4293200,7549100,1541400,11602000,3022400,4318300,1810400,752300,55965612,4632900,1677800,2880000,108648300,2599400,3414600,4122700,2943700,8467600,3574100,723900,1863000,16232800,2625100,22687000,18576900,1688300,25723800,1746000
2021-02-11,64280000,5090100,3595200.0,3697400,1285300,1609800,2284100,12147100,35571000,1633900,1412200,46028000,1183800,17123000,3733000,7140200,29479900,6457500,803900,2908500,5546600,12108300,2178200,2336300,22698400,1587200,3106000,11925219,2515000,8939100,2088400,6091600,18589900,4725500,8572400,2751100,995400,2086010,17507900,1521700,3633400,2592700,911400,1097700,1622400,2973000,798600,2285800,4844050,55762900,15555500,1741700,10398836,6029100,2893100,29871400,20480000,2159900,9644300,2595300,1813249,5629154,2274800,27539100,1283700,4871300,9201000,2285700,21928600,1204000,3544700,1181600,2783900,29727000,5110800,2583600,3829400,7487100,12828600,523100,2617326,6610400,3753700,8780982,6972900,15751100,18750400,4417200,5309100,27306000,3828700,1018100,3656500,1421600,450828000,2190833,7690800,15232200,7528000,30885200,6139200,1262300,1372400,3570300,2308000,11600200,3277700,1057400,633400,4535800,2976000,6040300,1203000,9773300,4502600,4696700,1627400,663600,44673216,5796300,1027100,3085300,64868400,1443000,4776000,2776700,3188400,8411100,2505400,608000,1893700,17398800,2900200,22393200,12791400,1642800,26972200,1860300
2021-02-12,60145100,3738400,3041700.0,3658700,1219200,1450600,1917700,8157500,38538400,1460300,1632200,46706000,1157500,13551000,2873300,6010800,37468300,5265000,862800,3421800,12443900,12174600,1804200,2199500,25063700,1696000,2732400,10790891,1441400,8805400,2096600,4314400,15239800,5870600,7858300,4866100,1721600,2372748,27233800,1957100,2742400,1666100,1001500,1087000,1400800,3317600,638700,1586800,4825684,44401200,12012400,2674000,11725144,3977700,3422700,15317400,18990000,1977300,9487900,2392200,2111708,4049275,1681500,26214200,1291200,4413100,8324600,1503000,13137100,1478200,2611300,1207300,2035500,20121000,3025100,2781200,3389200,7845200,9097600,578600,1293474,7485000,3907200,6738116,7281200,16561100,14273900,5787200,3784100,21971000,3637000,654200,4115000,2363400,374756000,1866578,6663400,12382000,5659300,25578600,8407300,925700,1393000,3597400,1954700,9155200,3173500,1295600,611500,4207500,3169800,8138100,1308600,9063400,4867000,2264400,2033700,1294200,38015880,5801500,1762800,2713000,71304900,1264800,2532500,2760800,2563800,6911000,2578100,787600,1798200,18357300,2629400,34473100,13423500,2574100,19756700,2188700
2021-02-16,80576300,5637300,3487900.0,5174000,1606700,1845900,2233100,9260100,35105900,2018100,1444400,51494000,1095700,15163000,2730600,10171100,52802600,6060000,571400,4722200,8842800,19065400,3722700,3150900,55038100,2514400,5147600,11542806,2677700,11066700,1829000,10837600,18539000,18932600,14006000,4528400,3099600,1846762,11630700,2529600,2931600,2526400,1091800,1178000,2751300,4921900,617200,2167800,4501121,48392100,28964900,1747600,12100796,9757000,4162300,18541600,31004000,2792200,10700400,2873500,2422687,6945231,2708600,26326300,2019600,5656100,12130600,1395900,15093400,2248900,2741900,1668400,2947700,14520000,2916900,2892900,4353800,7615200,15417200,470200,2193464,6854100,10784600,9734453,8550600,26728500,10312800,8312600,7242700,26241000,4873400,1012300,4457500,3784600,321960000,2784130,7526000,19260400,5180100,28730300,8246000,908900,3141000,4323000,2763700,10211900,9398900,1363500,561900,6110200,4928100,11008900,1562700,14337900,3039600,3719700,2280100,2316200,51239727,6293600,1467300,4247500,59406900,1534200,3887600,4339000,2867700,9652700,4645500,957000,2509700,22095700,3703100,36468200,27891000,2154300,28060100,2609700
2021-02-17,97918500,6940400,4090600.0,3161800,1881000,2112000,2152000,7225200,32245500,1575400,1234800,65950000,873800,14084000,3088800,9276000,45455300,7192500,567100,3909500,6047100,20279600,2290400,1569300,59742500,1957400,3145000,11714060,1513800,9055700,2143000,5879200,13296300,13280300,14342300,3557800,1999600,2201630,11391800,1203100,3772600,1653900,953500,994000,1835400,2956500,561700,1302600,4434526,49554000,27492900,1433600,8615357,7725400,3022700,13989700,20294000,2333100,9239900,3536400,3087722,4141219,2730200,21055400,1118100,6676700,10810100,1062800,12794300,1653200,3329900,2010900,2244100,14530000,2267000,3280000,9182400,9388500,12763200,359000,1887408,5977700,5542300,13876463,7807200,21653500,10033500,8598300,8553000,20696000,6437100,1039800,4435000,3737700,274756000,1930975,6244500,15082100,3353000,26389400,8845200,628300,2005700,4908800,2135800,11937200,5978000,1010700,632400,5186900,5733800,8785800,1719600,11554300,2933200,2752700,1344900,1673800,67769867,7946400,1006500,6105200,77989500,1066800,4315100,2620000,2845400,8373200,3352600,623000,2086700,40531300,1623500,80157700,25571100,2477200,25509700,1561800
2021-02-18,96856700,5386600,2791400.0,5427900,1664300,1803200,3468100,8239600,35624900,1945300,1131600,60548000,913500,16715000,2269700,9121300,37541700,7925000,1078700,4031000,6390200,14833200,2345800,1744100,26606400,1449100,2565600,15507245,1497200,8382200,1914900,4152800,16867500,7328800,9030600,3668300,3110900,1763966,12380900,1011900,3658400,2087500,783800,1351900,1334800,3691400,964800,1513400,4895924,37777100,18734500,1681200,9802022,6144600,3027600,17615900,22546000,2093300,11379800,3532000,1872559,5646413,1938200,17846100,1928100,5189100,10587800,1005500,12747100,2168500,3919400,1296200,2758700,11371000,2393700,2191000,5391000,9498800,15249100,283300,2496172,6309100,4951800,10004627,7155800,16925600,19168100,5378900,8065700,24562000,4486800,718900,4868000,2739500,233868000,3308386,6262400,15311700,3935200,24052500,6936400,866800,1947100,6859800,2075000,8404400,3583600,1124300,444900,4903800,4098700,6157700,1444200,11173100,4530700,3314300,1155000,2351500,35751575,7690300,1465800,6125900,53871300,808700,4195100,2383500,3595900,7328600,3096500,606400,2126400,20759900,2414000,43334700,96927300,3363300,20627600,1954100
2021-02-19,87668800,6702400,2605800.0,6204200,2038400,2720700,3658400,21054100,29548300,2471500,2034300,86104000,1215500,17992000,3419500,12415300,54514100,8837500,804200,4252400,9408000,20456200,4937300,4530800,52483300,1699900,4540200,16158115,1432400,8502500,1839400,4647700,25117700,6530800,8913900,3310000,4870100,3474917,8834500,1446600,3537300,2144000,856000,1056000,2461800,3291100,727300,2662100,7477847,48615600,40020200,1594800,12248665,6054600,3381600,15354400,37938000,2749500,7533400,4079900,2582898,6881320,3279700,28290100,2238900,8190900,11969800,1512400,15968800,1962400,3434900,1849200,2842000,16986000,4095800,3181600,3551600,7071900,25622600,628200,3572213,7494700,7603600,12388198,7685300,25262600,21886500,9660900,8699400,28415000,7486000,1202800,9790000,3627000,271724000,2858434,10905100,14936100,5414900,28145300,8277900,1621200,1999900,4289500,3401800,10012500,5659900,1129900,576300,6275900,4128900,8421300,1486200,10063700,3194800,3073300,1251800,1509200,39326772,4383600,1918000,4961100,56874900,1087800,4248500,2313800,3081700,15011500,5783400,1004500,2231200,18689400,2864100,39023000,36606000,4121700,22607200,3793100
2021-02-22,103916400,10272500,3674200.0,4842000,1476000,2510500,3651600,7850600,36930200,2334800,1774400,70314000,1001500,16967000,3923100,21413700,56783400,12602500,829900,4009100,10922100,23120700,4578300,3437100,87361900,1494100,2573400,14381346,2022700,12331000,2215600,5055000,21435800,6054900,13178700,4908100,2312500,3872875,18799600,1647200,2981400,1833100,955000,1010800,2044000,4639400,810600,2533100,8769931,62183000,33293500,1822000,19388781,6597700,3878900,14501300,29466000,3162300,12612300,3995500,2339823,6149643,2294600,32288200,1911000,6447100,11488400,1123100,14370900,2034700,2263600,1657200,3767700,16155000,4940300,2910800,3952800,7170500,17434900,492600,2716714,7245100,8770000,8612464,11193700,36446900,16077000,13190300,10186700,30786000,8985900,1261700,5194000,3802000,325884000,3666490,20940300,22820600,5792900,34322500,6975500,1300900,2386200,3525700,3213900,12763900,15159300,1345600,590500,10506900,5211800,8049400,1414200,13964700,4076100,4256300,1542100,1077200,46173044,10511900,2127200,5138500,111809100,1705400,4386900,2688300,3894800,8337700,4771800,521200,3671900,17854900,3172400,34690000,32106600,3200100,36435100,2908200
2021-02-23,158273000,7058600,5902400.0,5565900,2191300,4164300,3660500,9387900,49720900,2919200,1731600,93544000,1335600,21303000,4814400,15996700,67440700,12882500,926300,5454900,10173800,26712100,4125100,2594800,115819500,2443000,4131400,19500492,3454400,10796500,3692600,8641600,19714900,8150600,14874000,4621200,2222700,2464003,23191400,1776700,2640200,2787000,1149000,2081100,2665000,4236500,871300,2963800,7161696,72904500,26070200,1753600,14454364,8714600,3249700,21202700,34658000,2942500,10620100,12111000,2609317,4739740,3627300,27374600,2106000,7042800,16234400,1745700,16222300,3013500,3287700,2400000,5149500,17167000,6326600,3243000,4710000,8987600,21924600,538800,2813351,11129500,7649100,10900458,12174600,30228700,23203200,12719000,7575700,41365000,10364100,1253400,7856000,3668600,391780000,4029650,18175400,22587700,6264300,37624200,10145300,1133200,2213400,4090300,2557200,14425300,10128200,1705600,586000,11686700,8740300,8613200,2318400,13549000,3990600,4174400,2261600,1289800,62175305,10455900,2055400,6390200,199820700,2062400,6514400,3225700,4385800,10571700,4794700,922000,2600900,21062000,2830800,36792500,31300200,3310100,33527900,1811000
2021-02-24,111039900,7626200,5983500.0,4127400,2476300,3390600,3507500,10098100,40821200,2690500,1696400,60226000,971300,15125000,4099500,30709300,58139500,15250000,583200,5105900,9267100,20752900,4925000,1731800,92985300,1342800,4083400,20588619,1681900,12286600,3305800,6128300,17823600,5826100,16116000,3799800,1941300,3249317,16205900,1243500,2886400,3735500,1004200,1022200,2827300,6106600,1076000,3035200,10911345,95152800,25156600,1690200,21426186,6533100,3648400,18375000,22608000,3934400,14926400,14512700,3545332,6087720,2581400,24669900,1320000,10286100,15061400,1170100,14442000,2155900,2848800,2068700,9972300,15170000,7467400,2887100,5496200,7121100,15736100,560300,3280150,7419500,6605200,9838834,12681500,26339700,21281700,12302200,6133100,32450000,6360900,1141800,5567500,3423600,448320000,3710040,10609300,27789000,4944000,30686100,7263000,1535600,3137100,4560800,3540700,13146200,9811100,1103400,607700,11159300,7542700,11535200,2742000,21674000,5076900,4698100,1663000,1274500,45852636,13387100,2426700,4425000,110301000,1218900,5100500,3360500,2963400,12039000,4578400,1614000,1775800,17136900,3675000,42764300,46565700,2545300,28728600,2495900
2021-02-25,148199500,6237600,11568500.0,3468900,2157700,3252500,4283700,11352800,54625100,2769200,2912200,90676000,843300,23148000,3607500,19283000,74762000,18795000,591000,6455200,11652200,25206100,4313000,2360600,71020500,1590600,4178100,24118148,2398100,12864500,3618100,8828900,21916700,5243400,13219200,3678500,2883000,3297595,12712000,1386600,3423000,3042600,960200,1291900,2783000,5983200,1367300,2635700,12977333,75249400,25657100,1629400,18526244,7685300,3846800,20628900,41548000,4244000,13896200,6545400,2901835,5953623,3470600,36394000,1335600,9719700,18127700,1528000,14211100,2104700,2386700,1568000,6639300,26750000,5207500,3131400,4946400,7989900,19053100,394800,3150623,9414600,6781600,10906955,11674600,39542200,22546200,11747100,6738000,42529000,5674300,1394100,8808500,1883500,824436000,3338004,15356100,21142500,5702300,37506100,7790800,1216900,3636400,3680000,2767000,12701100,10355800,1126100,427700,9483300,7534000,10584100,2021100,20387400,4064300,4935000,2584200,958100,77501929,13410300,2147900,11337300,117071700,1217400,6099600,2780100,2617100,11404300,6460800,793300,1830600,24165300,2754600,37233100,33324600,2761500,29670900,2059900
2021-02-26,164560400,9250000,19368600.0,5197500,2712800,3154500,4432500,11626500,48962900,3453500,3211200,85518000,1285500,22640000,3654800,12838400,70933300,12597500,768500,8085300,13454400,24182200,4461300,3615900,58092900,2724500,5421200,24309034,2689400,13234100,3362200,20372900,22144900,10227500,14454100,7575800,2537800,3529963,15844000,2722100,3877300,3646600,1117600,2004000,3235700,9258000,978600,2539100,12291334,69614500,37782500,1738900,17802448,10396300,5642500,17125100,40042000,3732200,12612800,7871200,3889308,9467346,3260400,38216800,2007000,14417500,19829200,1316000,23638400,2599300,3887900,2024000,6030400,17836000,4868500,5334000,6220200,8862000,26619500,471800,4022507,12515900,6259900,17644862,30392200,37819200,22787600,12583200,10486700,37556000,6650200,1156100,8995000,2876200,500932000,3404465,20512600,21626700,8329000,41462800,17718800,829000,5937400,5651700,4790700,11772600,5564400,1193500,617200,8000700,15122900,9543600,2456100,22478700,6092400,3964400,1691000,1164700,102619798,9964400,2153100,5118000,123267600,1476400,6060600,5430000,3492800,11730000,5344400,926400,3083300,23935200,3739800,39468000,42470700,3744100,35291000,2561500
2021-03-01,116307900,4709500,15798500.0,3858600,1954700,2358600,3091300,7003000,32746200,2178100,2733600,54582000,827700,24677000,2972100,18735400,45901700,8997500,652800,6332300,7790600,28054600,2871200,2198700,59643100,1833700,3872400,18530909,2418600,7182500,4653200,14027700,17394100,5656500,10439900,3971900,2098800,2242238,10709900,1930900,2828000,2867400,1080100,1469900,1844700,4853300,935100,2858000,7502523,43172800,21582800,2013500,15657201,7328800,5634800,15385300,26060000,2957800,12624000,4528900,2690696,5977367,2297900,28495400,1677600,10551400,14845500,1294000,13901200,1517300,2797400,1654500,3361100,17656000,4382900,2827500,4041400,7076300,22157300,725100,2200640,8231800,6159300,12594864,11450000,25324000,19908900,12272600,6721700,30414000,5717800,1077300,6160500,4016900,353184000,3024276,11758900,16185700,5287300,30407800,7740200,639900,3055100,3101200,2227400,9421400,14470200,856500,722600,10910500,7930300,5863700,1862400,17121600,3210700,3604600,1175100,863900,58790102,7006800,1309000,5812900,81408600,671300,4771500,4198900,3271500,6982000,2974200,646600,1845000,20550400,2651800,28066100,34634400,4751800,36998300,1680100
2021-03-02,102260900,5487000,9144900.0,4908100,2099800,2211000,3851900,6505000,34828200,2407500,2978700,51916000,1158200,18546000,2929100,11114400,41167400,7750000,455100,4684500,6064500,19200600,2854300,2443300,49295000,2242400,4977000,15986968,1593400,7741100,4660100,10211500,14833000,5251800,10643500,3995100,1882000,2330448,8371400,1761900,2427600,2720500,702600,1328100,2024900,3593100,820400,1936500,8090101,104789000,21625500,1400500,15490231,6844200,4198600,36267200,25564000,2850300,9704600,3740300,2652712,4732418,1872400,23320000,1173000,7610900,14221700,1175900,11755100,1671200,3445300,2076300,4330900,14636000,3559200,3016600,3318000,7706500,15191700,591100,2717790,7764500,6094700,16047290,11955500,22812500,18679600,8738500,9269700,30422000,5292700,1802100,5607000,2396000,264116000,3517882,13282000,16557000,5614000,27670400,10206500,645700,4855300,3563600,2354100,8693200,19538300,759200,438100,5792300,5016800,6079400,1482600,13582700,3574200,3371900,1748500,996400,47299370,8988400,1718700,4797700,71196600,1086900,5401500,2568900,2653600,6155200,3458500,733500,2491300,17184600,2594700,19701200,29230800,3241300,30302600,2039500
2021-03-03,112966300,7218700,10592900.0,5239500,2114400,2808100,2936800,7257100,43541000,2610600,3269600,79774000,1193700,23991000,4393700,30426000,66047000,9112500,703000,6088300,6666900,25157600,2664000,2593500,71576000,1428400,5705600,24286200,1406100,8007500,4064200,11459000,16851100,6192100,14958200,5016300,1929100,2724684,8750300,2075700,2724700,2778500,1097700,1095000,3487400,4772200,631400,3315800,8686091,80169700,18613200,1565000,23589309,7081300,3459500,19667200,33892000,3606300,12317100,4257500,2871490,7744898,3542600,28740400,1521300,8499600,14324100,1155200,15410700,1782800,3660300,4052300,5238500,16318000,3692300,3488600,5643200,10085600,15513500,410500,2712289,9728200,5259900,13939972,13053000,34029500,26424100,11748900,7281100,53624000,4888400,848300,9030000,3116600,377592000,3220356,15827600,20382100,7505800,46020200,7537000,751300,3362400,3147000,2352400,14862700,8771600,898000,737300,5960700,5313400,8831100,1626900,20695600,3859400,4274600,1690300,903400,75820581,10689400,2001100,5390200,90624000,1178200,4715900,3039700,2635100,6484600,4145800,1432200,2478400,22838700,2741000,35365100,41837400,2798700,35358900,3392700
2021-03-04,178155000,7503700,9993700.0,6699600,2590400,4486400,4102500,12433400,60549400,3577000,3212000,109632000,1126500,34575000,4461700,26645100,96512800,12102500,915400,7827000,8514200,28518400,3568400,2880900,74016500,2769200,6337500,30075529,2136800,15181000,5501200,12800500,24653500,7396700,22994200,5721500,2499400,4017598,12542600,2959700,4197300,2938300,1284600,1968900,3805000,7351600,942600,2390900,11423776,88339600,38045300,2371600,33418377,15847200,5633900,26231900,49216000,3647600,17516100,7154900,2969527,8439651,3317600,40210400,2427600,11033200,20093900,1655300,22036400,2369400,4308400,2196700,7792700,25420000,4572000,3926200,5098200,15288600,31626500,465500,4228697,12870200,7032400,15975188,15809900,44727800,31971100,11998700,8279700,50348000,7181500,1430600,14156500,2052000,573344000,4465361,19951100,39491600,9102800,45449600,10228100,1435800,3403500,4078000,2829300,15831100,6512100,1093800,940900,8284200,7211800,11204300,2100900,21586700,4843400,5024200,2134300,1371100,80437237,11092400,2508900,4884200,197758500,1624900,8318900,4991600,3710400,10658900,6359300,1380800,2273300,23692000,2523600,42932500,45348000,5175800,52137500,6115200
2021-03-05,153766600,7277800,8788500.0,4859500,3236500,4615000,4182700,9962700,58548900,3021300,3455700,107772000,861900,42414000,5048300,20026600,74292300,10882500,698500,6397000,12809200,25406800,3602300,3773800,83747400,2355000,10241200,23530231,3186200,18699600,8102800,11406000,33197600,8295600,23638200,8083300,1979700,2743634,10266400,2783300,3788000,2511000,1601900,1766500,3299000,6638200,864300,2382000,10990839,79345700,31507000,1932900,21061930,9761400,6444300,25190000,53100000,3740200,16439000,6351800,3032126,7268968,3007500,39511700,2277300,8331600,18465100,1631100,21310800,2136300,3875900,1451300,5143100,22160000,4643200,3608100,6643800,13707800,26820100,1037900,2706309,11434000,6865900,12241164,16362500,41872800,30329100,15509900,7920900,50700000,5957100,1007400,16164500,2240700,542840000,3907358,34211500,42026500,10186500,30589900,10490900,1147600,3552800,4470100,3367100,13292000,9546100,1223200,575300,6661900,5559900,10204000,2087100,26809000,4435200,4576600,2235600,1617600,77737336,9185000,2749200,7944300,268189500,2226400,5681200,4563100,3671700,7582000,4664400,1071500,1704700,23598100,2322400,34558300,34073700,4728100,51429800,3520700
2021-03-08,154376600,6049400,4988500.0,3931600,2856100,3885100,3215800,12091500,54563900,3101000,3155400,83700000,1021800,45243000,4283400,13836800,65335500,14100000,649800,7124300,9616400,27351100,3048700,3389500,48007700,2316600,4676200,26997661,2451000,11283400,4873500,9576400,34824500,9007400,18033600,11148200,1764200,3240067,25093200,2053600,3740800,2182200,1041500,1498200,3993900,6850200,1030000,2174500,12526730,86129700,24959400,2242400,28835014,10646900,3993600,24450500,36868000,2998000,14469600,5037400,3412070,7572203,2741100,33112400,1917600,6546700,17133300,2182500,25084900,2450500,3300300,1599100,4613400,19138000,7213300,3157100,4570400,10432000,18391800,473900,3079580,16319900,7192100,15391347,10151900,35267400,22708300,12479400,7020200,39818000,4983000,1295900,9849000,2925400,543112000,3772063,23300500,22684800,8634900,24352300,9224700,1301700,3633200,3841500,2892300,15256100,4828500,1014300,721600,7232100,5119500,8663200,1971600,14971200,7440100,3387300,1854600,1308800,74116593,13576800,1572100,7416000,155361000,2608600,6065400,3419900,3176400,14750400,4834600,672000,3426600,23648800,2032900,38255200,40988400,5027400,38154600,2303100
2021-03-09,129525800,6857500,6079900.0,5176100,2729200,3926400,2869000,12040800,45088300,3057300,2988300,80600000,744400,37884000,5806100,21001200,63946000,12042500,959700,8259300,13646600,24194900,2902400,2533600,42549100,2325800,7085400,26987844,2500200,10193200,5426800,9732200,26512700,8697300,19010700,6027000,1456800,5334425,23331000,1728900,3228200,2936700,1114500,1286500,3371300,5738400,765800,2805000,10012523,61568700,24411800,2352000,22966413,8973300,3634800,17902200,33920000,3324800,11555600,6625300,2804541,5867014,2786600,36387500,2090400,7461300,16238800,1944100,23082700,2812100,4227300,1448800,4585200,17266000,5832800,3646700,4899800,8528800,22039700,296400,3399152,13064100,5278500,14189920,11588700,33080500,22301400,9363700,6590800,34700000,5977800,1304100,12241000,2751400,521824000,3305496,17296400,23868200,8930200,25167100,8859700,1339700,3361900,7211700,3497500,13130200,3774800,868400,746400,6558300,5510900,9761700,2317800,20585200,4703100,2863400,2063300,993100,63488580,8975500,2863300,6409500,202569900,1972300,7610300,4277600,2551000,9228600,5459600,583900,2276700,20956400,2687400,35854100,31988700,4960400,35645900,3121500
2021-03-10,111943300,5762600,6145600.0,7640200,2046000,2747300,3518600,8820300,45416600,2309800,3080500,60250000,806600,19914000,3049800,27753400,53365600,11097500,823300,8939300,7697000,21331100,2435800,1860900,41997600,2282700,7028500,25176719,1990000,12002400,4523500,7186400,19841500,7402200,17389900,4858900,1403200,3706157,13662100,1811900,4227800,1842300,765700,958400,3057500,3712100,1029700,2313700,10598279,62111200,20367800,1600600,44186284,7595500,6827700,22760600,27100000,3153100,8827100,3798400,4596783,7581199,2116600,27160300,2198100,6635600,14342200,1688000,21331600,2192800,3400200,1760100,3394900,19725000,4509500,3447200,3930200,6147100,14210300,360100,2835357,9428200,6504000,12827310,10775800,29746800,23407800,8247200,7002800,37715000,4519600,985300,9635000,2048200,384376000,3441101,21378600,24101800,7791700,33501800,9070900,1346700,2705900,4644300,2554600,12492300,5553700,724700,628200,6776600,6077000,8930500,1690800,18685600,4075700,2989700,1263200,953800,57977033,7127800,2759800,4027800,181817100,1194600,4270500,3012300,2511700,7822900,4069300,630600,1938600,18848600,2077900,38437200,44929200,3530800,31579100,2119200
2021-03-11,103026500,4671400,6031200.0,4915700,2972000,2762200,3129900,7715500,43583700,2244000,3737300,55528000,839100,26170000,3147700,30139200,45834000,12805000,751600,5917600,6470600,17499200,2960000,2568400,33297300,1638600,4842600,18662043,1823600,9328100,4338900,6431000,21976600,5536100,10989500,3147400,1675700,2733482,11933900,1648800,3565200,2218100,790900,997800,2660000,4167900,731600,1844900,8443685,56536500,25590500,3794400,61355743,9940600,4993000,20244700,27702000,2756600,9177800,4371300,3140242,5383657,1882500,30701800,1492800,6305600,11771500,1709500,17417700,1567200,4037300,1673500,4989600,16127000,3729700,3618000,5517000,7437900,21834000,366300,2843251,8705100,6318500,13205324,8951500,29907600,20716500,6602500,6393600,47145000,5696500,874000,9616500,2150400,299916000,3234907,38095400,21984300,4458900,24557900,6941500,1506300,2354000,3540300,2667700,11920200,4751600,744900,743100,6314900,4670700,9233600,1447200,13239500,3351000,5177900,1702500,1055700,48327854,5645700,2617100,8824500,108761700,1021800,5002700,2520500,2906700,10053400,4254300,757200,1625500,30312900,2531600,30598700,35489700,2833700,24802600,1456800
2021-03-12,88105100,5341200,5556500.0,3714000,1828600,2183100,2637900,7426000,32938000,1752600,2251900,48438000,741500,18906000,2420100,35264300,46069600,10115000,528700,4495400,5276300,17210600,4756500,2381300,32490600,1259600,3141700,19599083,1706600,6758400,3182100,6114600,15196500,6286700,10930300,3476900,1941500,2581202,13249100,2864000,3462300,1327700,619000,1281300,2440200,2958300,718100,1759500,6687260,87160100,19752500,2137300,26996039,11561100,4302300,29829600,33818000,2436700,7245300,4190500,1951391,4194565,1485300,20173000,1467300,5474800,12849500,1298400,17598600,1139100,4541400,2151900,3638700,14337000,2467500,2818200,2962000,8551900,20600200,267100,3219154,9314100,5053200,11493940,8691300,22653700,21916400,6113100,5666600,39817000,4143200,932000,7523500,2346700,243964000,2806730,11606300,16114000,5275100,16342400,6521900,713600,2660600,3070300,1864100,9365700,3922600,552700,644700,6075900,3356000,5643300,1228200,12829500,4062400,2619900,1226500,692500,92827229,5480700,1577300,6122500,100751400,642100,3514600,2088700,1914800,8172400,2492000,374000,1162600,22002400,2342500,28754000,28437600,3190200,20422700,1727200
2021-03-15,92403800,6642200,4329400.0,4651800,2295700,2508400,3209500,7061200,39086800,2911000,1849100,58272000,721500,31241000,2586300,34816700,50131600,11720000,526800,6973400,7045800,18918100,4215300,2622000,53480800,1955200,4860300,15720218,1439400,9825200,3243000,5733700,15523600,7139500,10488000,3213800,2004400,2010886,10311400,2388700,4261000,2181700,581800,1366300,2675000,2602400,587400,3192000,7007336,64476000,18329100,3211500,22351422,8780200,4426300,19660100,26168000,2276200,8136400,4355200,2717221,3577948,1756500,21247400,1202700,5524100,12101100,1321900,13411900,1680400,12388500,2055800,3745200,10670000,4216200,5479700,3279400,6976800,16844800,302900,3946800,12828100,5901500,17999295,9018400,26034900,16144400,7129200,11254400,34843000,5413900,835700,4835000,2839600,221988000,3268241,8919600,19532800,5389200,21896100,7172600,737100,2979200,5626500,2200800,7807200,7997300,728500,553700,7848900,7107300,6855700,818100,7888000,3470200,3816100,1511500,1153800,56121050,5256400,1701800,5599600,88006800,827700,3876500,2343400,4535900,9306100,2961000,562700,1577700,18970600,1947200,25892200,25071900,5296300,31243600,1917700
2021-03-16,115227900,5570200,4605600.0,3870500,2185600,2618800,5104300,10383000,42971600,3386300,1929700,50776000,650200,31190000,4031000,28785800,50300400,9017500,562200,67200,6172500,15834800,3539200,2594500,51042700,1549700,4268600,16166864,1247300,9399900,3066700,5311000,17282300,5756300,11698400,4107700,2047000,4423903,9680700,1737300,3140100,2281000,640000,1318900,3362200,5399900,289000,2427100,7854845,125425300,21242400,2131100,14938641,7375800,3880900,16177000,31900000,2332600,11014000,4458900,2734940,4867247,1436700,30186600,1277400,6369100,12805600,1544200,14214200,1599500,6194200,1687700,3737200,15265000,3445100,3583400,4376400,10309800,22437700,403100,2707744,10007200,10415300,15697887,9472000,28092200,28539000,6512700,8254900,32389000,5623000,815400,5692500,2074000,272128000,2896514,14512500,16895200,5544700,25022400,6485200,794900,3374100,6356400,3064000,10434700,5421100,698400,861800,5941500,11376200,5632400,1269600,11347200,4410500,3633300,1332900,1098500,50311735,5425500,2402400,4433200,96587100,1716600,4132600,2904200,2397800,8949300,3793200,803500,1367500,19044700,1954900,24668300,19881000,3053300,30624800,1627600
2021-03-17,111932600,19445600,3781900.0,3797200,2626500,2502700,3034900,8342600,43320600,3255500,2265500,62372000,735800,23754000,3278500,23785500,63796000,9860000,463600,67700,6665600,19337500,3518500,2235100,30463300,1772400,3914900,20526199,1577500,9461700,2672400,5805100,18326900,7926700,9168600,3756200,1753000,3333578,14418700,1782900,4138400,2398600,1235600,1422100,2364900,3816900,470100,2593900,7675389,109324400,31499300,1861400,15895858,7853700,3536800,23746200,26382000,2710900,11645300,5908400,2896742,4488804,2027400,32394700,1056600,6001400,13952400,1906300,17502700,1670400,5134200,2083000,3119900,13585000,3240900,5240600,3583200,8232300,21315000,332800,3091780,11698300,7586400,17533878,8049300,29562100,24616700,10343300,7792400,28174000,5134400,1104000,12430000,2061500,243864000,2877216,11892400,16242400,6199500,42540100,6192900,705700,4000200,4938300,2490300,10781500,3985800,1101000,505400,6685900,10128400,6881500,1074600,11302800,3850300,2232400,1493000,1394400,52881354,5138500,1876300,3471800,121117500,1611700,4004800,2633100,3644100,8675600,3556900,545700,1195500,17867000,1514400,33537000,24156300,3416600,25575500,2482500
2021-03-18,121229700,8675100,3711500.0,4253000,4089900,2931200,2349800,9040500,51036500,3063100,2485200,72992000,742700,28728000,3173600,24595500,95439700,12450000,640100,5547300,8349700,23857900,4336200,1561500,46998200,2015800,3366700,20206526,1650800,12297200,2736900,5580100,18416900,6860600,13246600,3115900,2753100,3927809,9644500,1174300,3471800,3482500,1388800,1570500,2301500,4406400,573800,2707400,8114355,76733300,25504200,4536100,12792812,7442600,4229700,34798000,31700000,3713000,11327100,4808100,4555828,6104142,2876100,30094200,1940400,4801800,21898500,2041200,18007300,1941900,4240000,2272200,3888100,25177000,7205200,3254600,4120800,7947200,18728300,370500,3648398,10439900,9731000,14274179,10227400,34833000,27081000,14198800,8474200,40945000,10188400,1022300,9350000,2598400,293896000,2706833,13750300,24421000,6476700,24729800,6871300,870100,3069700,10661100,3516700,9579000,4037300,921100,600000,6093500,7813400,7417000,1385100,14585300,4042900,6079000,1718300,1683100,41438817,4726700,2126800,3835000,99674400,2264300,4214400,3311600,2964900,9321800,6233000,770600,1620400,19970700,1605200,57420600,29815500,3462600,38622800,2462200
2021-03-19,185549500,10899100,4444600.0,11275200,4460500,3923800,9525500,13044700,42283400,12589900,4789700,92508000,2431800,108602000,5098300,17330800,106252700,15940000,1452200,16635400,12334400,24079400,7485100,4115900,41506400,5060200,11878800,36232226,4850200,26925500,4859300,7088400,65366800,10427000,18491000,9090700,3042100,5299457,28354600,2355000,11280800,4191400,2001400,2962400,10934600,8384500,668900,12545600,11841572,90885200,33270600,12938800,13737991,15230300,8212200,23346200,46072000,3513000,23241100,13729200,10727559,10297870,3531400,54951700,2377800,14891500,54418800,3220700,67845700,3845200,6048600,5739100,8525100,23792000,12224300,7719400,10437200,17758000,38930500,649700,7987964,37178900,14090200,58225203,11557600,46430700,24963400,22806700,31287400,43864000,24980400,2006800,9469500,6491300,299208000,11386056,30963600,29558100,16114400,48348900,20262100,1114800,4555300,10234700,5098200,17599900,6079500,1078200,1027900,15023800,21452000,10670300,2829900,22577500,8891400,4471200,2317000,2162200,97559734,21044300,2693100,8848300,128682000,1804500,8447300,8572900,14934200,32209700,11305400,1177100,2098600,39055000,3552400,60291800,57703500,9200400,84439400,4034400
2021-03-22,111912300,7627200,3740400.0,5173100,2295700,2944300,2854300,11318700,39648600,2059800,1917700,58044000,1818700,31805000,2274100,15230000,54701300,13282500,524700,5370400,5845500,15040000,2211600,2404200,33792000,1433500,8160500,19518631,1339800,11003000,4064900,5002500,28813900,6819600,12508500,3366300,1398500,3060715,8838500,1422300,4107800,3153600,1842900,1448600,2199000,2942000,479700,2805100,7443218,81362100,21113500,3276400,10591427,6769200,6493600,30094900,33536000,2094500,11003900,5564700,3508197,4356485,1782900,34380100,1309800,7544100,19944800,1820000,17911400,1347400,2666600,2190900,4700200,14442000,4140400,4220700,4816600,12187200,28273100,1013400,3115939,10365200,4805300,11352879,7169900,30127000,19365800,10057700,6348000,33606000,7537300,1187100,5941500,3280800,297804000,3583414,10263700,14200400,7813400,25427500,8077600,841300,2652100,5804300,2946100,9036900,3828000,911700,666900,7457100,7605100,5138800,1058400,19700200,3026900,2725900,922100,892100,41525936,5303900,1431800,4850700,118536600,1127400,4476100,3505200,3893900,11371600,4149100,818600,1934300,20656600,1410900,32206000,24654000,3547300,29315100,1604100
2021-03-23,95467100,6111600,3460600.0,3788500,2160300,5317000,2652000,8263800,40466600,2604700,1771200,76346000,1147700,24712000,4905400,21358200,49838000,12547500,556700,4622400,6119600,16238700,4017600,2269100,51242200,1559300,6060800,15702612,1471800,11853800,3641200,4578000,28328200,7192300,14781700,3245600,2911200,2748598,10701200,1629100,3852900,2521200,1384200,1232000,2643100,7079700,436900,1851300,6781194,73020200,40041500,2277100,13172818,6572100,5231700,21280800,28510000,2457500,11882500,4801200,2030542,4556794,1948800,35160000,1005000,7178300,17076300,1766300,16936700,1539600,3284700,1474600,3324400,14295000,3756300,2794000,4933400,6683800,23000900,655400,3311365,12000100,6252100,11651245,10235500,31638400,32043800,10723800,5730500,55835000,5582600,1162900,5704500,2948700,222048000,3369067,12390100,20609400,6978400,27970500,9503800,1253500,3609500,4468600,3348500,7425700,6076400,1086400,605600,8285400,5657800,6259600,1797600,14459000,3601400,3682200,1619500,1212000,48880756,6030100,1156400,3653200,91475700,1622700,4688500,3100100,2920800,8820700,4084700,958700,1620700,20084100,2425300,32494400,29154900,3606900,33493300,1962800
2021-03-24,88530500,9420100,3756100.0,6521300,2160600,5214100,2895100,20252500,43753600,2237500,2440800,59180000,778700,20882000,2638900,24055100,43896800,11025000,544700,4165000,7334500,17089600,4258000,1855700,72339100,1804500,4255400,16806530,1452400,9671100,3006400,4617700,26444700,7555500,11026800,2379500,1860600,2021489,13549100,2166100,3024300,2165800,1474300,2090300,2166900,5032500,529100,2195600,6212542,54534400,27289000,2122700,12454218,7472800,10643100,20567200,25218000,3332200,9751800,4842000,2718388,4189230,1984200,74584700,1452000,6370100,13079800,1669200,14997400,1482100,3931500,1592300,3555400,19697000,3550000,2442500,3509400,8280900,18675000,382700,3383723,9286000,6802900,9135416,8459000,25620100,24232800,14537400,5604000,41022000,8157600,1077900,7382000,3282600,245840000,3019735,11391100,15596400,5082300,22883400,8318000,576000,2772700,4296000,3417400,10962300,8644500,1053800,628300,7722600,5731300,5796700,1266600,13642400,3485600,3428000,1069000,1336100,44403518,4936600,1547700,3673100,101385600,1126400,5056100,3407800,2285300,10101600,2895500,720700,1522000,14819800,2830100,24201700,23547300,3371400,29781800,1739700
2021-03-25,98844700,6281500,5264100.0,5320100,1714700,3201500,3383500,10381600,44735100,2707600,1859600,71270000,1340900,17537000,2766400,27553600,47517900,10532500,462800,5500000,5708600,18357300,2901800,1485000,47085000,1733900,4769500,18632701,1119400,9275200,4307100,7977200,34537700,5506800,11138200,4310100,1970600,2657230,9609200,1763100,2622900,1956600,1336300,1725900,2156800,4176000,386500,1511700,5877044,54201800,38038200,2285400,14725103,7391000,6369200,16178500,35616000,2804700,11137300,5373500,2352768,5809484,2053300,35401400,1380000,6269800,15608300,1188000,17091900,1847900,2630500,1598100,4543300,14463000,2961800,3249600,3459000,6528900,24505600,490000,2656316,7820600,5087700,10700918,11363800,34061900,23630200,6823600,5922900,49268000,18475800,1027200,9519000,4329800,295144000,2139026,14844700,18172000,5827600,24875300,7517300,579900,1745600,3528800,2613300,10460800,4898100,1413500,523600,6359100,8149000,6220600,1431000,14595800,4303700,3852100,1388800,1002800,49001902,5505300,1680700,4259300,117674700,806000,4878500,3021500,2944500,8390800,3263000,1007400,2292300,18047400,1685700,28773000,28125900,3475400,31495900,1656600
2021-03-26,94071200,6596900,3562900.0,4857000,3171900,3615900,3074500,14037000,49148700,2638900,2705200,66258000,1269800,28925000,2687500,17157100,66846000,9425000,803700,5799100,7624400,15716600,3040100,1866700,28542000,1649100,4170300,25743829,1286700,8723100,3061200,7333200,31997000,9051200,9820200,3613200,1586100,2977243,10196100,1867300,6036000,2229500,925500,1432900,4093300,4425300,401000,1988100,5602532,49239800,23769200,2066600,12143472,6017100,5314600,16358900,27978000,3082600,9763500,5865900,2694940,5823710,1839700,34705800,1707600,7619200,16754400,1650500,17126700,2235600,2868200,2010500,4795200,18716000,2741200,3263100,4342600,8498200,17629200,706900,3202410,15411700,3822400,10389767,11107400,25479900,23949100,10106000,6934600,34678000,10010500,1052200,12201000,7677100,363968000,2014877,12617000,16268500,6785600,27944500,10821200,1068200,2381800,5045500,2370000,11071600,3321400,1645500,761700,6193900,6167600,6082100,1691400,11722600,2929100,2674100,1152700,1109600,83378238,6021900,1750900,4274700,101558400,1066000,6363500,2959800,3135500,7399900,2730800,699400,2848400,19632700,2233700,29156100,28653600,2644600,34226500,1877200
2021-03-29,80819200,5472700,4508800.0,4810100,2398700,3141900,2639800,10539600,37144300,2488100,2211800,54920000,1118300,28410000,2220600,22198800,45680000,8535000,581700,6642600,6090900,17822300,3003200,2317700,19988900,1802700,3811800,21839569,1016500,7901000,3012000,5686900,25032800,6135800,7542300,4223600,1413400,2650913,7544700,1270500,4941200,2366900,1097800,1395300,3267300,3264000,451600,2399500,6158005,44747900,19461700,1517200,10786807,7902600,6452900,16058400,26492000,4533200,6864200,4642900,3250798,4835344,1966500,26161600,1350900,8535100,17570300,1428400,17514100,2449600,3002600,2245500,3970900,17598000,4054900,3621300,3425200,7490500,21718800,555500,3111753,9027400,4552200,11448562,21931700,25227500,21772800,8644500,6180100,33300000,7153900,907800,8601500,6114000,273520000,2276695,15183700,13907100,6105800,27004800,11176000,548500,2928400,4433600,1880600,9750100,2536100,771200,619800,7136700,5167100,8113500,1092600,11397400,4505600,3331400,1464400,1147300,49355145,5319700,1926900,3256000,85911000,1208600,4983600,2740400,2702600,7792300,2406200,959400,1531500,18577300,1546100,38426900,30146400,2379000,21144400,2044800
2021-03-30,85671900,5354100,2903300.0,5054400,1763100,2436300,2428300,7970900,39169300,1979000,1657000,46752000,896200,27935000,2034500,12577300,56705900,6260000,598800,3878000,5900600,15615900,3139100,2030800,23735600,1765700,4841700,13019214,1032400,7910200,2602400,4717900,22465100,5733000,6284600,2661900,1278200,2773414,5929700,1322800,3275100,1952000,1098400,1390200,2598500,2614300,300800,2058500,6022011,49762300,17474700,2724700,10618713,5608100,4835700,19606800,27312000,2717300,7878500,5045400,2597434,5010758,1874800,20709500,1442400,7236300,13184300,924100,14871800,1364100,2523600,1518600,3547600,9049000,2885800,2419000,2794200,6674300,17474500,503000,2244533,8576100,3228700,10123366,12063000,24792000,13897000,5964600,6399200,24181000,6026600,893000,6270000,4304600,200204000,2346046,12000200,9799200,4372700,26303300,8090600,694800,2316900,3659800,1960600,7097300,2715700,610400,586900,5540000,4552900,6300200,1084500,11439700,3008300,2087800,1261800,1207500,46516092,6649700,1448200,4592500,118297200,2053200,4458700,3066000,2401100,5498000,2364700,805900,1272500,13239700,1865300,36134200,27230100,2284400,20303400,1298000
2021-03-31,118323800,9048000,3079500.0,5792800,2375800,3155900,3250700,18589500,43659500,3571900,2143200,61878000,831600,28684000,2957300,14138500,49270000,13270000,638100,6578100,5811100,15224800,4512300,2314300,21560400,2151600,4493200,23448712,1606300,9293100,2832200,6838000,22212400,6320500,8954400,3447800,2053300,3010970,8478000,1600700,3480700,2305100,1061100,1414200,3555500,3458300,413400,2338000,8414524,60456900,15946000,2026000,12557044,8817200,5734500,20761300,42570000,2624500,6526800,4744100,2599450,5172575,2210500,33013200,1695300,8281500,16736700,1811800,15826500,2218400,3621300,1375500,3564200,23698000,4372600,3564100,4103400,7599100,19498200,883300,2902572,8398200,4984800,13598219,12085500,43623500,25372300,9430500,7149800,35031000,6878900,1011800,7842000,5532700,314776000,2567410,9971700,15989700,6257900,26582700,9202600,688300,4922800,4916000,2665200,8361300,3189700,767700,734800,6003300,6478400,7536100,1321500,11046300,4346900,2507100,1116200,1450500,59981040,5763000,1563600,4160400,100011900,1134100,5427500,3356500,3688400,13180000,3014500,1421000,1523300,19531700,2828800,25832800,24546000,3856600,23686500,1564100
2021-04-01,75089100,5091700,2921400.0,4015100,2301900,2664700,2180000,15929200,40182400,2176900,1726900,58806000,927700,23528000,2629200,10934500,65587000,6205000,549200,5573400,5615300,15251300,3787100,1815400,19640300,1298600,4881300,17781555,1243000,10165000,2938600,7763500,17896200,6965300,8515800,2630700,1561900,1967683,7749400,1334100,2876100,1724900,702000,1262500,3358500,5864000,735300,2379400,5773716,61907500,16423800,1443500,11874438,10514200,7171200,17783600,39880000,2659000,7419000,3923900,2238286,4261404,1956000,31416300,1357800,7229700,16561500,1885700,15834700,1594900,2340400,1261600,3192200,24634000,3701800,2441200,4140600,7649900,17616000,751600,2274912,8271900,5490800,9121373,13195600,30338000,39700600,6548900,6514100,39386000,5720600,855200,5318000,4185300,308276000,2642333,13228700,27311000,4823400,21319900,9117800,963400,2922400,4647100,2732900,14069600,2397600,763100,784500,6166200,5793000,5796900,1474800,10463300,3396300,2858600,1242800,790000,42999548,5032000,993200,4281700,105895200,1211600,4581300,2977700,3615000,6138400,3792700,1337600,2071400,12885100,2178700,22706900,25595100,2728600,23194500,1386400
2021-04-05,88651200,10584400,2591400.0,6314600,2631300,2982500,1702300,14377400,32610600,2230500,1716700,66698000,780100,22966000,2960100,13750300,50328500,8557500,593500,5049600,4954600,16128400,2323400,2005900,40105700,1149800,4026900,15832039,1072000,10460000,2705700,5553200,19860900,6063800,8692700,2915200,1419500,2880348,7405300,1268000,2839800,2424400,738400,883400,3658800,4173300,407700,2039000,6254883,82332700,19365200,1727200,10180082,6071200,4473200,24633000,48510000,3235000,7572700,4697200,2396481,5722980,1508800,27947500,1697700,7387100,13508000,1496100,16368700,1400000,2864800,1489300,3507200,23454000,2180300,2866300,4198200,6538200,28237000,454100,2347748,6937500,5589900,9828144,10458800,36910600,19795100,7328400,6140500,33559000,5508900,1166100,7944000,2633000,255672000,2546460,25010200,32081300,5980700,22096900,8279100,926600,3862900,3593300,3060200,12562800,4770900,949000,684900,5637900,6913100,8211800,1371100,9880900,3104000,2911900,997500,1250500,50996905,5534600,1509600,4316100,125528400,1330100,4323900,2709400,2315900,10440500,3820200,755400,2050000,14326300,2175900,21293400,40043100,3538400,23264800,1212600
2021-04-06,80171300,8522500,3565600.0,5146400,1786600,1878300,1733300,18004800,29327900,2040100,1771800,50756000,743900,18063000,2851200,11180300,42590100,10277500,492300,3060600,7676500,12908400,2614500,1751200,35528100,1391100,3814800,16593877,1115900,6253600,2142000,5448500,15126100,6746500,8125100,2448500,1309700,2999239,7926200,1266600,3634300,2129800,1023900,963200,2843700,3390600,447500,1393100,5674315,67499400,22081100,1407200,8035938,5708300,4969600,39518700,35240000,1801700,7135900,3988600,1905556,3787566,2196300,28771400,1155900,5074200,13071600,1690400,15614300,1615800,2488400,1035700,2917700,23236000,2661900,3230900,2843600,6514100,17335200,366800,1761349,7169300,5009000,13394698,9445000,22931900,22847000,6570500,6258500,34742000,4670100,796400,4864500,2740100,191744000,3194350,14699800,20232400,4751900,20722900,6180600,798900,2952000,3780100,2905200,9100000,3563100,900900,738400,8489200,6745200,7360400,1908800,9306600,2879900,2500000,937200,917200,44574314,4331300,1150700,4906600,84815400,1198100,3506900,2698600,2465600,7828100,3626100,668700,1926000,12198300,2586500,20969600,31044600,2180300,18926300,1802500
2021-04-07,83466700,8037300,6663500.0,4313000,2736300,1576800,1883100,13702700,35590900,1583500,2143200,66924000,853600,12074000,2399500,9925700,43136400,5887500,477100,3582700,4861400,14081400,2449600,1900000,70953700,1358800,5027800,18493031,1099300,12408400,1808400,4403400,15783600,5137400,7699300,3060300,1299300,1820930,6238700,1726700,2549200,1910200,696700,857800,2847400,3552300,365100,1882500,6451864,42264000,16292900,1469200,8379669,5188700,3846300,17167900,24134000,2157300,5875500,3799300,1821949,3112896,2436100,17793300,1101000,4608000,16903500,985500,10062700,3015900,3406600,976900,3276300,14689000,2958300,2551300,2248800,7403400,22855200,444700,1795794,6101600,3850300,8970566,8329300,22719800,17621500,6761600,5630800,21513000,6646000,933400,3233500,2298200,251284000,2230565,12356800,14354600,4849200,21933800,10244500,610000,3400500,3354600,2707200,6958500,5531500,722200,647800,5334700,5629600,7281400,1742700,7973300,2311400,2541100,1260000,1241100,53821262,4800800,1801800,3057100,78928200,875800,3678900,2158900,2079700,5614300,2774000,712400,1515400,13218400,3416400,19393200,20361600,2343300,22385000,1660500
2021-04-08,88844600,5881800,2625300.0,3768800,1600600,2026000,2814800,10238000,41925300,1633600,1791700,56242000,707000,18121000,2295600,9899900,45285900,5550000,558500,3113300,3992100,13677100,2158900,1606400,37870800,1692800,3773000,11502580,1189700,10040800,2839200,6169100,15111300,5180100,8283000,2624500,1250700,2277996,7763000,1510700,4922400,1776000,652800,663000,2422300,4445200,362500,1743300,8359145,52622000,15831400,2276000,11018763,6778500,3236700,19016300,28664000,2402800,7057700,4035600,2198074,4275211,2644900,22224200,906000,5039400,12335500,1125000,9695600,2003800,2393200,1863400,2684300,12045000,3528400,2772200,2926000,4923000,20894100,357600,2860593,6511200,6030800,12007984,9352700,23625200,17815600,7454600,6986100,43098000,8748400,969100,6300000,2733600,244416000,1812192,13507700,14911100,6725100,18129400,6190300,584300,2039500,5045000,2908500,7304900,4802300,1245200,452800,5043000,5011300,6361000,1235900,10548700,3717500,2364300,945900,1211500,66037678,5324100,1339400,2422800,71772900,1020300,3157200,2426700,2029100,11042000,4285400,637700,2259400,16472400,2059500,20845000,19095600,2395000,21999300,3440800
2021-04-09,106686700,5977500,2910200.0,4102500,1787800,1886900,2952800,9637200,32759900,1368600,1888200,86830000,953200,16614000,1783400,12255900,45872900,5995000,484200,6052500,5426100,14586400,2482900,1390800,36287700,1654600,3509000,19425695,1052200,6665300,1610800,7319300,13135800,4662700,7163700,2075100,1224500,1694256,6089300,1385000,2028700,1765500,860400,833600,3256300,4065700,319900,2430800,6180296,40555400,14028600,2039400,12689464,5848300,3895700,12182300,26146000,2347100,4708100,4607800,4097476,3162999,1657600,27177100,1065900,8418300,12122400,913800,10828200,1599000,2611200,1400900,3168500,12734000,2429300,2728900,2659200,5341900,15988600,337700,2582882,5654700,3191900,8177439,10693500,24326800,14080200,4969600,4883700,28940000,6056800,1005700,7265000,3958200,195172000,2281236,13285700,10378800,4950800,31686700,5855400,658300,2454000,5181100,3592000,6033200,2348800,679500,506500,5423400,4114300,6311100,1554200,8624800,2641800,1669900,1323700,1069000,44111311,5124600,1147500,2388100,64311300,850900,3127300,2483200,2579800,5724900,3503600,569500,1533600,13872000,1779200,28363600,20676600,2560200,20020700,1821900
2021-04-12,91420000,5647500,2619800.0,2915900,1437500,1584600,3324800,11147500,62098800,1722000,1463200,65636000,681900,23247000,1869000,10383600,45544600,13785000,482800,4292900,4140700,12002400,1688200,1425200,39161600,2127200,3510400,15819555,1296600,8564000,1836600,6205700,16441700,4233400,7845900,2396500,1165100,2906743,6662500,974400,3784600,2058100,543900,788200,2258600,3403700,355100,1437800,6505280,40422800,15141300,1773300,8442187,4909100,3445700,10231000,25024000,2318800,4839800,3556800,2822366,3926684,2070800,51266900,1008600,5022800,12273400,1376100,8565300,1479900,2876100,1067400,3647900,15811000,2896600,2292700,2724600,7362300,10881900,329700,2011792,5849400,3677900,9970672,8939700,27148700,18818300,6052900,5368100,29441000,5638200,732100,6645000,1858700,869324000,2085053,10634900,15386300,4386700,29944900,6440900,739400,1725100,4366500,1846300,10355500,3545300,835500,549800,5485800,4707800,5620600,1016500,10969200,3240900,2994200,1035500,1237300,32913051,4771300,1163100,2435800,87407100,861700,4504800,3057300,3024000,6315200,3111800,551400,1468000,19564600,1894200,21093000,18723000,2887400,20238800,2916400
2021-04-13,91266500,6165100,3573600.0,4944600,2228000,2195400,2460600,8034300,37767300,1766000,2242200,66316000,893500,15281000,2132100,15901400,46770400,19742500,376200,3556600,6582100,16150000,2286400,1473500,27690600,1423500,4442500,16840461,1369800,6980000,1796400,5397100,13353200,3934100,6829900,3527000,985100,6945096,6826500,1288800,3661300,2105300,613000,689000,2728300,2229500,380300,1535900,7324889,51556000,10889700,1713700,10277370,6143400,3403000,17416600,25682000,3575900,5474800,3635100,2917644,8403041,1690400,26822000,1286100,18424100,16113600,1226400,11071700,1543600,3089100,1124300,2964500,13501000,2652800,2570900,3042000,7038900,14036900,471300,2702601,7096700,3059300,8627346,7085200,23837500,27102100,6319000,6028300,27203000,8778200,781100,6822000,2725800,676212000,2127778,13142400,11106500,5283300,33967400,9161200,681700,2152400,5639700,2000600,9225200,3996000,754900,604600,5490700,4607400,4886500,694000,13688500,4413500,3681700,947800,907000,54794270,5035900,1837300,4516400,133958400,1041800,4009300,2652300,2465400,4764000,3951900,627800,1628700,15489100,1677800,29333200,17397900,2544900,19370600,2452700
2021-04-14,87222800,7766700,2938600.0,4726500,1903500,1956400,2563300,8134200,34263800,1753800,1637200,62904000,631700,18220000,2141800,12661800,52023800,23490000,552900,3119900,4093900,19476600,2491000,1564500,23267500,1169100,4129600,14228018,839200,8342200,1509400,4617600,15376600,3968700,10194800,2946800,1077100,2945208,9089900,725000,3604100,1424900,635000,663200,2889500,4710200,353800,1552200,5405411,49877500,35697600,1099900,12968951,5654100,3329900,14618100,21002000,9876800,9667000,3440600,2319877,6137928,1773700,25768400,1113000,7718300,19939600,1186100,9787600,1325400,2002100,1078800,3371900,8945000,2317400,2129200,2167400,5782700,17421400,489700,1883700,6025200,4587500,8415545,10585500,23070900,19117400,4478200,3976100,37403000,7354100,737100,6705500,3096000,385500000,1819003,12730700,26392800,4685300,23842900,7584000,509000,1904900,4058600,2237300,9967800,2276300,595600,464200,4855200,3994600,6702200,890600,14755400,3455000,2657400,893100,758700,41425180,3561700,1744500,2921500,147052200,841200,3555000,2805600,2591900,4972600,3461300,454600,1564700,13890100,1358300,64926900,21924600,2726700,28051100,1183100
2021-04-15,89347100,5730500,2894900.0,4510900,2047500,2122300,3004300,8269400,68942800,2366300,2096400,64672000,778200,18370000,2901200,9479000,118128900,15982500,766900,3919200,8608100,31333400,1860200,2242500,24024400,1670000,4010400,19558750,2105200,6763700,1850100,5073900,17869800,5037700,7860500,3683100,1127000,2594400,7262500,965800,3271600,1654300,704300,1350300,3053000,3520900,422800,1619900,8309654,38209300,27185800,1389800,10208753,5635000,4159100,14395700,29174000,4354800,6516600,3508200,2131973,4062664,2091600,24927700,1236900,7524600,17694100,1198100,13078100,1449100,2586600,1289400,3656300,10900000,2942200,2063000,2732800,5618600,14558300,355600,1748074,9045200,4410700,14541734,9930800,25627500,16017000,5012400,7805200,31391000,6284800,850500,4426000,2318200,598480000,2697442,13604200,13541200,4777100,24945800,7945300,458600,2539600,4333200,2143800,11733200,3444500,950500,588800,5106500,5079100,10163600,1181200,9107100,4773900,2314100,965800,1179200,35073819,3799600,2380000,3241200,83546700,857000,4471900,4488300,3139200,8698100,2820300,518600,1686500,13338400,1888300,44146300,21710400,4373700,23250300,2041500
2021-04-16,84922400,8207700,3058300.0,6243100,2625500,2031600,2378400,7686300,47280600,2768700,1753000,63720000,1013500,16263000,3480000,14606000,60633400,19587500,774600,4710300,7527600,28478400,2128400,1390400,22092400,1542900,8134800,20533455,1271300,7665500,2249200,5088700,28327900,8513900,7459700,3645400,1092000,2076197,9453500,1292200,3820900,2468400,725600,899300,2468700,3574700,383400,1370000,6949574,33132900,19010500,1413000,10036727,7715600,9941800,11087300,26282000,4231900,8430600,6213100,4348084,5535223,2414400,24625500,1618200,9049400,13773400,958100,17974100,1304400,3731800,1499500,6359800,11136000,2725500,2694300,2504600,8814100,13059200,408300,3312322,16476700,6161300,12512806,29086400,24878600,12358700,15124100,6398600,32091000,6852500,1867300,4398500,2227400,335208000,2515913,13334100,11494800,6481400,52829500,7708500,565200,2373300,4948500,2422300,6583900,2459100,1169400,580200,7629700,5777900,10289400,2133400,9234300,5307800,3249500,2062200,943100,39935944,5702900,2590500,3540000,83938500,1137200,5792900,4532400,2820500,6829400,5629600,546100,1917500,19866200,1190800,57060200,26488500,12014700,22752000,2290800
2021-04-19,94264200,4542900,3125700.0,6853100,1437100,1917700,2753000,12826400,39115500,2345100,1209600,54508000,898400,26319000,2259100,9249300,42321100,8175000,491100,4235500,6539400,19964800,1712600,1394600,22214500,1321600,4021200,18144548,1060500,6587700,1560000,4257700,20245600,6666900,7068700,2956800,1145100,2278560,7625800,774500,3491600,2856300,868800,1084400,2532700,2914900,264000,1259300,6734787,39063500,21560500,1677000,9003729,7204100,4160100,12262500,30290000,3228200,6721100,4494300,3081568,8575736,2085300,23997700,1557900,8353500,11900200,1551700,19352900,1675600,2966400,1317600,3828800,24219000,3360900,2254800,2946000,7065200,14553500,319200,2631798,27946000,3991600,8536903,15151000,23209300,21361600,7658200,5471500,42887000,5613600,817500,4477000,2153400,404420000,2178346,19967200,11162600,6621200,30905100,9149400,765700,2554000,7362900,2352600,8728900,2564200,707800,517500,6265600,4889700,8750800,1157300,7711200,3555000,1753600,977800,854700,39439974,3556200,1677200,2575700,119058600,873700,5334900,2965400,2614200,6541600,3653900,709000,1510900,11955400,1492400,39124200,19281000,3278800,21123300,1842700
2021-04-20,94812300,5411800,4575000.0,9908200,1889800,1677500,3333200,7583300,34977800,1579300,1837300,52460000,755500,19128000,2526700,19483600,50834100,11942500,525200,3740800,10522600,22013000,2815800,1900800,31217000,1049000,4307300,15312730,893700,11928600,2330700,4081200,21257500,7660800,9783800,3981300,1807400,1492570,10765800,1382100,3171600,2058300,1200700,1989400,2726300,3980900,310300,1503700,8702635,83170800,20581200,1425300,12330465,4989400,5510900,23736100,22288000,3662300,10589300,4462900,2175687,16192708,2693600,19872100,2079600,14050700,13716700,1477200,14419200,1603200,2460900,1370100,3006200,13724000,3135900,1885700,3369000,7610700,16796400,302700,1977108,43950300,4337400,11009345,13052800,19722900,17396900,7192100,5788900,112576000,13268700,800300,3974000,2241200,334132000,2745223,12562300,18736200,4999700,26459400,10040500,774700,3351500,8163900,2283800,7473700,4626900,858800,435100,8692700,5662400,7532800,1056900,12657300,4870900,2180100,1516600,949300,35799239,4180100,1464500,3332400,106827000,865100,4258900,3348100,2642500,5799100,4263100,619700,1370500,16673600,1837200,29734000,24452100,2643800,21782100,1984700
2021-04-21,68847100,6181100,3878600.0,7040300,1585900,1678100,2662700,12108800,35069000,2173600,1096400,44224000,626200,25947000,2161700,12847000,37851800,7020000,388500,3897100,14811400,16334800,1977700,1482100,31354100,1447500,3755200,17202494,1048000,7718900,1531800,4024000,14015500,6222800,8264400,4597000,1819900,2081160,8400200,1434100,3741900,1576700,726300,2045400,2373700,3513700,422600,1432800,6731563,49641100,21914300,1861400,9953202,5581000,5046200,14648700,23204000,2733300,19098900,3740100,1827466,12456814,1908400,24364200,6293700,6333200,12236700,1697700,13866500,1176400,2219800,1358500,2716600,20740000,2466300,2065500,3761600,7953600,14863500,435800,3168204,14682000,3457400,11817248,11075900,24030400,14781300,8565100,5169400,228974000,7110900,748700,5162500,2807700,216776000,2526233,18672800,19500100,6316000,29365000,8465900,476900,2318600,5418300,2553200,7237900,3265900,621300,452100,5186900,4397400,6442800,1168400,13113300,3331700,2467900,1180600,1191000,45489198,4644100,1312400,3368400,93646500,1269300,4796500,2473300,3204400,9490600,2644600,648300,1173400,18310100,1424300,27258000,17335200,2548900,16625600,1206900
2021-04-22,84566500,5046000,3856500.0,6366900,1460400,2084600,2755900,11483500,38846100,3370700,1222800,51612000,849200,27057000,3247300,13854400,48093400,7187500,520000,3732100,12019300,16037600,2410700,1971700,29698400,1256600,4036400,16023779,1162400,6582700,2138000,4975400,15564800,5641900,9899400,3076800,1880200,4504781,7378300,1066500,3866800,2498500,912600,1143000,2526100,2775800,336600,2295000,6306617,73064400,23923800,1444800,10555051,6488700,3676400,15822200,24146000,2165200,11119100,4875000,2669688,7428064,1645100,38257600,3642900,7233000,15256100,1045400,12558900,930300,2982600,1670500,3713000,24367000,3713700,1839500,3307800,8847700,16375400,253600,2650097,18769900,7656200,13330560,9871700,25606200,34044100,8261700,4785800,90611000,6442900,728000,4502000,4785200,277788000,2478761,16769300,16448500,4904400,33373600,7338300,512000,2088300,4861000,2625700,8345100,2982200,1000500,694700,6706800,5744900,8590800,1053700,16091800,3975400,2591400,1052800,797500,143684584,4319200,1087200,3324500,106770900,993200,3853100,2718600,3077900,7303000,4375000,656200,1777600,20921900,1862100,24638300,19705200,2943200,21600100,1467700
2021-04-23,78657500,4611000,3329900.0,5227000,1505300,2257500,3093200,8079100,49194000,2426900,1511400,63856000,885600,22890000,6395300,11533100,48674100,6342500,489800,3684100,9905800,18876100,3458300,1308700,19297600,879200,3908400,13073204,1055300,5670100,1404500,5447100,14016800,4196800,6756000,3283700,1301300,4019177,6075500,697400,2849400,2365300,830800,903500,2374100,2181700,366300,1652400,6089867,51833300,22558300,1312800,9357311,5463300,3117000,10803300,29066000,2163800,12328900,3405700,5634334,4765576,1375500,77479500,2500500,6015300,14041900,1182000,9020500,1290600,2482800,1298000,3634000,14888000,2294800,2137500,4632400,6588300,17536800,210900,2229464,9045100,4179200,8598840,12002000,21462600,18118600,6034900,4877800,73077000,7489000,1012900,3902500,4065200,227500000,2084950,10664700,10825300,4354700,24375000,6708300,759500,1749800,3747100,1992800,7666600,2512100,819800,682600,7139200,4555800,7270500,1108900,12875200,3885800,2348000,1234100,1089000,53428961,5302500,1210800,3020100,85110000,1125200,3512400,2263200,2407100,5345200,3065700,503700,1205100,18099400,1553000,28024200,22971000,3001400,15337900,1057500
2021-04-26,66905100,5202300,2549400.0,4377500,1420700,1387500,1743600,7927200,57594500,1782700,1494400,97614000,828800,18271000,4821100,10599600,34699800,8082500,478200,3569100,11175800,13098600,1864800,1382400,20033500,1133300,3920000,13660054,904200,6642400,2059700,3459600,13778200,5617600,5639700,2671000,1235700,2343307,6178300,1345800,2749800,1749200,995600,900900,2246700,2601700,266000,1288400,4333442,40863800,27041600,1747000,18815482,6868400,4074200,11553900,32038000,2171500,9396600,2848500,3831695,4927497,1156700,39645900,1753500,6027800,10799100,1039400,11684600,906300,2797500,1518100,3017000,12987000,2255000,2490100,3840600,7693900,16172600,360000,3084364,7806200,4488700,7834219,8033500,19763300,14757700,7425100,4052700,43888000,8217800,892500,3359500,4502900,197796000,1886909,9402200,12515600,5817700,19773400,9910600,736300,1584400,3157000,1582100,9715400,2229500,830300,558500,12145600,5924900,7387100,1230400,13934000,3924700,3268400,924200,1052600,60190761,3679700,1671400,2721700,93115500,759600,3842300,1642300,3972900,5650000,2142700,746800,1303400,15073600,1026500,24606600,22846200,2361200,16083800,980500
2021-04-27,66015800,3522900,2883000.0,3384900,1270900,1944000,2173400,5767400,61909900,2184900,1324400,76542000,519300,13267000,2692100,10583300,34304800,5517500,328200,3173400,8400800,13357500,1959300,1353600,18145200,1106600,4148900,13252247,1749300,8309600,1875900,3445200,13601000,3766500,6898900,2290300,925700,2154480,4870000,1082500,3441300,2159500,1178500,800600,1925700,2808800,271500,1874900,5104542,42037800,19766600,4961900,30050351,7278300,3804100,9293500,44386000,2088600,9372500,3335800,2956477,4062664,1662400,38167700,1531200,6217700,12821200,939800,9852400,1199800,6838700,1564900,3453900,9919000,2270000,2623800,3685200,7653800,15309300,238200,6249100,5957100,4867200,9095802,7057400,31014200,17681000,5871900,4396100,37613000,5833100,738200,4806000,3982700,164572000,2023030,9300200,13876000,4693700,19061500,8296800,760800,2366600,4044300,1955100,9284500,2112200,474500,701900,11082400,7260900,8745300,1538800,13033500,2967900,3301100,1288000,844600,44211273,3551400,978300,3008600,88311000,1067600,3864100,1758500,14666500,6642100,2457900,569800,1223900,21858600,1715000,29130200,16151400,2159400,19278600,1323100
2021-04-28,107760100,5116000,2409700.0,3755900,1159900,1472200,4908700,6172700,108920300,7550800,1389200,92638000,543000,15940000,2584500,19054100,34084400,8087500,335300,3176000,16088200,14420400,2965300,1097200,17273000,1213600,3353300,13403441,1712100,8897100,1305600,4274500,14984000,3581200,8718400,3464100,891000,1613830,5199300,1151600,2514600,1453500,982400,800600,1449000,4677600,403900,1570100,6548602,68023400,18574600,1783900,13261158,7861300,2747700,10485200,81106000,2140900,9161600,2713400,2300142,3941433,2618900,30387400,1712100,7448000,8943700,983200,10868100,1366300,4682800,1110400,4939200,7380000,4065300,2777000,2967800,15348000,33907200,179100,3010212,8851400,5896000,11628398,7228200,46903100,19433500,5522200,5609200,31930000,8195400,763600,8578000,3240800,209416000,2008066,6107800,20741000,4962700,21963300,6262800,859600,2249500,3069500,2670500,13118100,1943400,654000,738700,7164200,14793500,6338800,1290000,10643900,3610200,2297900,1551100,1536500,37193014,3067300,1140500,2011400,66813000,1150400,9434200,1886500,6308800,10111400,3892000,530800,1426800,12862500,2318300,20795100,14286600,2209600,24729800,1394600
2021-04-29,151101000,6766700,3116000.0,3889200,1247800,1592500,2592900,6668400,51294500,4053400,1901900,153648000,553600,14650000,2636000,12296100,44008700,5470000,455200,4540300,8810700,20628400,5442400,1373700,40714900,1284600,4828400,23164997,1261800,9446900,1848300,4140800,13916600,5086300,9740300,2992400,1104500,1930234,5958300,1656100,2172000,1698700,612700,780600,1611700,2863400,503400,1602700,6000700,230430600,18860200,2472200,11066635,9238800,3489000,21315600,41234000,2584400,9489100,3261900,1898872,4554179,3624100,23290600,1154400,6394300,12976900,1294900,15391000,1290400,2432500,1385600,3860200,8938000,4637100,3146700,2016800,8424300,56526800,204000,2256852,11543200,5505400,30602753,9974800,40589000,16463300,5558700,8363300,51278000,6612500,1320900,43464500,3463000,173196000,8460439,7940400,18230000,4699900,23569400,6786800,1028000,1751600,4701800,2814500,20502100,6561300,574300,529100,6237000,8936600,9816600,1686000,13827900,5034800,2281400,1663100,943700,50944740,4121300,3359200,3401800,86536200,940200,4547300,1996500,6950000,7411400,3792000,364400,1656000,18169200,1814000,26880700,19596000,1915300,27318400,1686200
2021-04-30,109839500,10575400,3580000.0,4773500,1969200,1950500,2817900,8691800,46601900,3420900,1816400,140186000,906400,19367000,2712700,10380400,39203400,8202500,451200,5212400,12645600,23669300,3953500,1310000,21653500,1428300,7252300,23375196,1185900,9448200,2118900,5024800,19930200,6153400,13730000,3238000,1196700,2287810,7866300,2837200,2574800,2551400,839200,1031700,2537900,2467600,669800,1489800,7245676,90786500,13696400,1821900,10011667,12993900,4829000,15348300,44856000,2101100,8428300,3118700,2352131,9280321,3183300,30731800,1432800,9079100,11705100,1434100,14912600,1932700,3103900,1103700,4255500,13667000,4043200,2640400,4010400,9065800,26332400,320900,2998492,11634900,4773000,18052114,9298600,30945100,14548100,8024600,5186000,44132000,5643600,1275200,17203000,7387000,201912000,6067850,7825300,14842900,5051100,28413200,9188600,1063700,3323100,5031600,3061400,11374600,3741200,796700,613900,5616000,6478700,8105100,1279200,13237300,5414000,2751900,1492400,1071100,41484362,5017600,2094800,4138400,122276100,672100,6193600,2328100,5931200,10260200,3160600,558400,2592700,16861500,2734300,34176500,19680000,2633500,30518400,2151000
2021-05-03,75135100,9138200,3149700.0,4917600,1300400,1458600,2071000,7750200,66323300,3587700,1717300,117510000,952300,15098000,2726200,9887800,41940500,4752500,490100,5184000,7610600,16026100,3182900,1413300,21866600,1282600,3709100,15470326,1127900,9325100,2685800,5835700,13465900,9558600,7938100,3100500,924600,1684894,7542800,1607800,3572100,2242800,687600,940500,2396400,3324600,469600,1548600,6877651,61987300,22861600,4580300,12734908,9500200,3128400,11585100,28242000,1871700,9550500,3683700,2354041,5997241,2672000,22281700,1133400,6594100,11801100,1412200,10417900,974900,3197000,1347400,4629500,11582000,3344100,2458000,3224200,7229000,18719500,443300,2128641,7771300,7066600,12543302,6759000,19626600,16300400,6076000,5898800,40919000,5053000,1041700,12095500,4475100,203912000,3719947,15319600,13380900,6109800,46638600,8070300,845300,2038000,3755000,3078200,7920300,2749100,645900,708000,5828800,5049800,5394300,1094300,12395600,3764600,2627800,1031000,1032800,49589228,6706900,1581300,4192300,81129300,1198300,5136100,2568500,7286100,8174400,4577900,562300,1367000,17559100,2119300,16522700,27139500,1760400,20509600,1886800
2021-05-04,137564700,8151400,4658000.0,9221800,1810700,2528900,2747100,14199100,59194300,3555900,1826700,108788000,1178600,23497000,3025100,17807200,53880000,8477500,557900,4465500,9076400,23071400,4040700,2966700,33649300,1873300,4129500,27010145,1463300,12834300,2133800,6727500,18164800,19634100,8704300,3691700,1692300,2256451,7069300,1553100,3096400,2511900,989900,1336100,3092500,4649200,676800,3727600,9035469,71007700,26489200,2470500,15557003,9933300,3528500,22262300,44818000,2831400,9996200,3954400,2999447,6642623,3270400,35323600,1971000,10179500,12977700,1592200,14151000,2301700,3703500,1509600,4150100,15878000,3321200,2529700,5768600,9154200,24032600,696700,2247284,9725900,7081500,10418587,8802700,32756100,17850500,9178300,5960300,43495000,6129500,1128600,12346500,5176000,405324000,3839556,15316500,15044700,6603800,52802200,9624000,1441300,2704400,5339700,2867600,11996300,4689900,764500,606100,9306900,6265100,11044100,1644400,15195400,3815300,2730600,1735600,1563500,68700639,5773800,1703100,4891800,89217900,1469500,5222300,3237200,5775400,5884500,3802600,1512800,1772600,22067700,1432100,26137600,19084200,3609800,23522200,1849700
2021-05-05,84000900,7021400,3590100.0,5632400,1553800,1875300,1906200,7276600,42310200,2765100,2663500,74226000,1131400,16388000,3001600,14913500,37471100,9537500,569900,4348100,6829900,19427200,3690600,1929000,25678100,1546700,3093300,19055340,956800,12715300,1905300,4205800,16205300,15365700,12872400,4167300,1460800,1793182,5901700,1453600,3582200,2126700,1111300,1245600,4966300,7966700,472900,2731300,11871996,64495500,37185800,2530100,11168297,6911200,2877100,26805500,26636000,2786800,12368400,3227200,2879448,5229895,2558100,21001900,1468500,7792300,10506700,1157100,9665900,1763500,4274400,1079300,3715300,9835000,2993900,2070000,4161200,8432300,15577600,328500,2414126,6308100,8732000,16795143,9424400,21901300,13172100,10643200,5450800,31294000,6234200,1455900,7224000,5123800,292024000,5389207,12271900,19853100,5305200,76627500,8295900,752600,2512000,4029800,2899900,6285500,3109800,842400,991200,4658200,4677700,8739500,1059200,22805400,4259400,2454000,1080000,1232000,41937965,5769600,1586000,8802900,65705700,1084000,5257100,2767600,4187000,6523200,4558000,913100,1254800,17882200,1738400,19620200,18351000,2443900,31526200,1929400
2021-05-06,78128300,5803800,8529000.0,4305300,1863200,2537100,1644200,7270500,38661300,2790800,5244100,88954000,1178700,13495000,2798800,11857100,39044400,10817500,666600,5962900,8257500,19621800,4527000,2141600,25871400,1709100,3850100,13951879,944700,9648200,2641400,5200000,27106800,9412600,9654900,3356900,2010900,1982122,6944900,1129600,2051600,1957300,868600,1243700,4282700,4740500,355100,1901000,6996681,50032800,25202200,2561400,12595406,7478800,7476900,20108100,25190000,3048700,10781400,3539600,2178127,7848661,2269000,25529300,1263900,5529900,13542400,935200,11572700,2532800,3101600,1079500,4525200,11911000,3787300,1832600,5083400,6330300,19012200,355000,2201358,8075800,7405500,12871641,11887900,26491100,13716900,7069200,8615700,37837000,5201000,1072700,10941500,4550400,193380000,4503854,14089700,14458200,4472200,54944900,9771100,1136400,1866800,6201100,1661100,8352500,5478700,1545300,579500,4903900,4113300,4802800,1065400,15034800,3333600,2044200,1613000,1029600,38556072,5838700,1530900,8150200,83353800,1081200,4525800,3058700,4470100,6124100,2787500,698000,1184100,14593100,1322600,34271500,16302000,2332800,26836800,3200100
2021-05-07,78973300,6808200,7134000.0,4076600,1394200,1632300,2617000,7524800,36954200,2512700,5548400,94206000,1214900,11712000,2617800,12823000,39249200,9540000,474200,6099200,6089300,16937400,3327900,2023000,20185500,1761000,2263700,19043069,1567100,9645500,1817100,5774700,24146000,8206300,10273000,2670800,1597200,2967204,6888400,1312400,4544800,1603800,733600,800700,3415600,7297400,379200,1593300,6813019,41525800,32390400,1826100,10810442,5849300,3574900,15480500,28898000,3378100,12249400,2998100,2076483,7325661,2240600,19959000,1471800,5316200,14257800,848300,10637500,1883600,2526700,1203700,3694800,10335000,2935900,1406800,4884800,5903100,15916700,245400,2204946,6802100,8178200,12237496,9947600,27032900,12746100,5677400,8077200,31328000,10566700,959600,9985500,3977200,229328000,3373918,14073400,17631400,4181000,33807800,6299100,775500,2610100,2718600,1894900,6893700,3668900,703200,616200,6056000,4867500,6233000,887800,16483400,3608800,2686000,1068900,935800,38330065,6347400,1442000,5831400,70407600,822200,4591400,1851000,2644100,4528700,3186800,539900,1232000,15678600,1831100,25140400,23408400,1962600,33610600,1492500
2021-05-10,88071200,7093300,5827200.0,3923200,1620700,1970900,4291800,10471500,45134500,4079900,2134200,116772000,1245600,25239000,2987600,14813900,41271500,9572500,566400,4537800,6078400,19628200,3752900,1452000,18093900,2517300,4206000,20509020,1561700,8801700,1998700,5263700,23845600,7926700,13586500,4243600,1601300,2266039,8260300,954300,8173900,3119100,1155500,988500,2357600,5567800,522700,1452600,9615337,51703500,53054600,1733600,13154138,8646700,2431600,14591600,30914000,3396300,9825800,4840600,2537488,7304636,1743100,35046500,1508400,8357500,14014300,1576900,15545800,1695700,2242000,1578600,4476900,17659000,3193700,2031500,4435600,6402300,24239200,300800,3842389,8262300,6884600,10939758,9344500,29299900,24862900,6210400,9143400,51316000,5669300,714800,10269000,6084000,268904000,3449563,17356700,19188300,5270600,30831900,8852700,1024500,1900400,4465800,2567400,19537200,3584500,1044800,507800,9042600,5759500,5721200,1497500,16905900,3753400,5105100,1319500,1468200,54262286,5207500,1502700,5251600,94177200,1274600,4580400,2489300,3566300,9627400,4286200,589100,1269700,22563000,2556900,28193100,26307600,2883700,31956600,1472300
2021-05-11,126142800,5784600,8257400.0,5520800,1541700,2293700,6084100,15287800,51008200,2307100,1779200,92396000,1217100,17887000,3900100,16273200,42964700,10472500,671900,6813500,10858500,21534800,3163100,1262100,28145500,1381400,5119300,16429133,2353700,9741400,1859700,6097900,20220900,7935100,12754800,4544000,1588500,1729337,10865600,1118300,4487600,4112800,794000,784400,3358400,4977900,376100,1636300,8099775,56882600,40448900,2170500,13645738,6412000,3651800,22773200,34186000,3734300,9101600,5500900,3586392,7454214,1904800,35968100,1454100,8217900,15451700,987700,12986700,1634800,1850200,1353200,4449200,19469000,3073100,3028500,4379600,7675100,18920100,295200,3052790,7333700,5801400,12148102,10397800,33641600,23227800,10515100,6323200,44010000,8045400,954500,12940500,5109600,285584000,4554216,12980400,30525000,5266100,30568600,10973700,834500,1871900,3544000,2450700,11948000,3634800,790700,659800,6708100,7775400,5380000,1244300,18232800,4057700,5664400,1902800,824500,44221335,5567700,1568700,3151400,139511700,1176300,4641300,3024000,3088500,7633300,3421300,686900,1330200,17971900,1708200,31478500,26464200,2737400,34563800,1596500
2021-05-12,112172300,6208300,5307500.0,4745500,2116600,2399500,3702200,18648200,42531400,2431900,1621400,98728000,935500,29940000,3487400,14931200,47533000,10427500,649700,5308800,9882700,19791300,3668500,1414300,24001500,1750400,4075100,20565785,3012300,7925100,2344600,5482500,22123300,6437300,11661900,3249100,1631600,2097629,8988100,1094600,4477600,5809100,1027800,1437400,4069900,4693900,518900,3123300,9175109,55663100,40183100,1949200,14215045,8286300,3365600,19348700,46376000,3309800,11139700,5822000,4453123,6233742,2599600,30232300,1708200,6758300,14381700,1400300,15836500,1776000,2397400,1633700,5406600,24293000,3293200,3198200,5059400,7913800,24645500,287700,2667798,6783500,7541600,13379711,12602200,36684400,23472600,9093200,5649700,41215000,5865100,999600,8895000,4676200,303408000,3441926,12302600,26921900,5651700,26208600,8853700,683500,2086500,3828000,3060600,13529600,3686600,967700,746200,6086800,7965300,8500500,1869900,23375400,3781500,3294000,1690000,1690600,41682300,5811500,1454500,3903400,101470800,1038600,5297900,2888100,2667100,7721300,5653600,661600,1198000,14718600,1995800,33392900,25998300,3151400,34426500,1612100
2021-05-13,105861300,6558200,13005400.0,4519500,1698200,1996500,3025800,14228000,48646800,3275300,1474200,67018000,850700,21841000,2269700,16503400,42026100,7487500,554700,5244100,5005900,18622300,2228100,1764200,28167000,1470500,4300200,16693215,1978600,7581500,2023100,5337000,15864000,4612100,9706300,2797100,1483400,1847213,12332200,1847400,3318200,2322900,641600,1003300,2292600,3427200,383700,2040100,10308485,56598500,36124000,1444300,13158312,7186800,5330900,13308600,33204000,2673900,8773600,5159800,3081887,4807207,2753600,29192500,1186500,8018600,15395000,1533300,15475800,1569300,2174300,1105800,4494000,29402000,2626000,2819200,3801200,6788600,18079200,282500,2014423,7385100,5491100,10830451,8639700,29624300,20153800,5469300,5325200,27125000,6284300,757000,8502500,4686800,285404000,3071335,11399300,20686400,4849400,25415000,8753600,1000300,2066000,4091200,2265300,10633000,3787800,991400,416400,4701200,7999400,6317300,1059300,16385800,3533700,3583900,1888100,691800,35838562,5671800,1240300,3737900,132554700,813100,4361000,2637500,3208000,6650100,3693400,1164600,1077100,13305100,1874300,23553400,21475200,2798700,24268200,1317900
2021-05-14,81918000,6268500,20325400.0,3800500,1285600,1857100,2193500,12422300,38355800,2286800,1714500,66500000,698500,16964000,1892700,10162400,30932600,8510000,481500,4260600,4447600,14122700,2041600,1438500,35569900,1103800,4146500,16927315,1162200,6419900,1876100,4429000,14789400,5738800,9124100,3334300,1143600,2624630,33149400,555700,2409600,2494400,702300,677300,1942200,4042600,322400,1512700,8367136,48619200,21487600,1455200,10167742,7079200,3233300,11313000,31996000,2732300,7659000,3998000,2208259,2873780,2163400,28158300,1086900,5797700,10584000,1508100,11725300,1210600,1823700,799800,3743000,15485000,2959700,1943100,3763600,5171400,19245700,182600,1764578,6545400,31341800,8273122,7755900,23901100,18241100,5446200,6538700,28825000,4367900,757100,8948500,3970400,258616000,2540887,9033400,19639600,4224700,18041100,5989500,808000,2148300,2375100,2818200,9391100,4401700,785600,460800,4989200,6836300,8843300,980400,11637200,3859600,2477500,1563300,1212100,28044703,6542400,1009700,5331100,100112700,1524000,4433500,2072900,2333700,4777200,5325600,848500,1428200,13770000,1142400,17078500,16091700,3328600,20735400,1232600
2021-05-17,74244600,6183200,39755000.0,3732400,1500000,1581000,4317800,9379000,40779200,1922200,1443400,74478000,592500,15725000,1541400,9559300,32656400,8057500,347600,3883300,5552100,14676300,1998400,1198700,29753400,813000,3522100,33647418,753000,11441900,1830800,3816100,15731000,4472900,12692900,3120500,1170200,1414174,17771600,791400,5583000,2031200,931000,562100,2305100,3833000,415400,1466800,10440133,52201700,25784600,940700,15316179,6214100,4006400,11041000,21598000,1826100,8384000,4388000,2183644,4471755,1537900,20010200,2046300,5722600,9886800,1352800,12119800,1143000,2466000,979100,5798800,16791000,2511600,1630900,2226000,6976600,15401300,510000,1833109,5211700,11254800,12532508,7157900,24970200,15011500,10369300,17584300,27052000,3934200,648900,9312500,5134300,216980000,2512198,6637900,17232100,3747100,18095000,7690700,808100,1427300,2251500,3022200,5917400,2397600,712200,502600,5059800,4521200,5207200,1268700,14531300,4449900,1609700,1561400,783400,227010260,6668800,1092300,5452200,97171200,1289700,4162300,1583900,2071200,5534200,3612400,572600,933000,22387000,1970600,25212800,19675800,3787500,25282500,1003600
2021-05-18,63342900,8174900,18555600.0,3398400,1438400,1395100,3130700,7536700,31982500,1729400,2023000,56568000,817600,17824000,2417800,10081100,37880300,8615000,373700,4356300,5212300,13729600,2436200,1615200,33424800,710900,3024200,37027141,937600,10322000,1698200,3540600,20177200,17674500,12759900,3807200,1664800,1690872,10401000,907300,4857100,2079500,1964400,860200,1993500,3345800,249700,1267400,11618094,72472900,24144200,1046100,9816408,5885200,3116100,11464400,22204000,2018600,8574200,7010300,2546824,4000009,2186700,18703400,1588200,5846000,11098100,1087600,13232500,1305900,2369400,1171800,5691500,11679000,3421200,2913000,2751600,4068100,14522400,446900,2119073,5281600,11782100,7943106,6631700,20168000,20893800,8195100,8940800,23505000,5664700,735900,6820500,7802500,186256000,2251411,6643100,15992400,4527300,15805500,9239100,906500,1667100,3240100,2147700,8651100,3451600,683300,783700,7438300,5177300,5829600,1034700,12438600,4955800,2552300,1027200,1087400,327097378,7720300,1897200,8235600,110491800,3687000,3454100,2694800,2041500,6900000,3046300,495100,1336900,26579000,1200400,24126000,58183800,2168200,25170800,1149500
2021-05-19,92612000,6433600,15565500.0,3430800,1625200,2047500,2498900,10424200,73966200,2652500,2177300,53594000,800200,21369000,3526800,13162700,42672800,10145000,632900,5271300,5900600,23283600,3143100,1301400,26292100,869800,4078400,19827528,1753400,9406200,1725000,8092100,29187900,20077300,14762700,3388200,2800600,2132484,9251000,763700,4371600,1720100,1930500,769800,2750600,4041300,286000,1950500,21836290,70220800,42376400,1734700,11921066,6174100,2743100,11693700,23684000,3696000,9944500,5242100,3236262,4498532,3252700,23769700,1473600,5533800,13278900,1301000,15126100,1882400,3070500,995000,6797900,15769000,3577900,2967000,4007400,6217300,19106200,318700,2655359,6314100,9215400,9132796,10165600,25739800,27300000,8486600,11686800,33499000,5582300,685300,5860500,5491400,344000000,2799610,8165000,18157200,4432700,20209500,9806800,1111300,2112100,5339000,2669700,8112900,2823700,587400,780000,9296500,5997400,6552300,1035600,13633600,4758900,2048800,1128600,970900,162369932,16703100,1136600,6709200,118735200,4221600,4780000,2783100,2141100,9311900,4503600,703400,1117400,20213500,1832900,28911100,34874700,2823900,28889800,1537900
2021-05-20,76857100,5526100,8903600.0,2858200,2094700,1991100,2196700,18239800,49135000,2227400,1419100,52664000,542300,21886000,3031100,9218900,36871100,7797500,360800,4141600,4427500,15244300,3339200,1178000,24022300,917100,3966900,16343452,1118200,8798800,1427300,6705500,48830800,9058700,9706300,3390700,2947000,2720398,7400700,822700,3110200,2459000,2055900,1043500,2146000,3306500,434900,2279000,7008177,106243900,23677500,1278100,9324527,6540900,3202100,11504000,32352000,1919600,8067700,3854700,2342476,4301675,3039100,23145200,3236100,4853200,10426000,1449900,10948400,1272900,3494400,1094700,4397700,19741000,4087500,1890200,3906200,6706800,17320200,374000,1689350,5165800,8310500,7345222,7722100,21800700,17123000,10798500,6743400,37212000,4934800,786800,6432000,3253900,321592000,3614064,8802700,14554200,3964600,18621100,8768200,984200,2464200,2582600,3492300,9208400,3146100,574900,549100,10059900,5345500,4606600,1029100,12478300,3520000,1669800,1150900,882900,108488825,11980800,1181200,4445900,92463300,2254100,5387000,2105800,2716600,7478600,3308400,723600,1417500,20768900,1712700,26107000,30540900,3152100,20692500,2223000
2021-05-21,79295400,5577800,10056500.0,4629300,2210200,1567800,2015900,14252400,40201100,2177900,1586400,82098000,672900,13216000,3424100,16579000,40243800,6580000,692800,4230700,5203600,18544500,2479100,1567300,20551500,1020900,3497900,17551403,964700,6032300,1706600,4913600,24468400,8361500,10352800,5472300,3614400,1756296,8105700,644400,4136400,2967400,926000,723400,2421900,2782900,621800,1790900,7028927,200958600,20823700,1753600,10697965,6478700,2701000,15150900,40632000,2657500,6088400,3920600,2413351,4219041,2578900,17723100,1521000,6501800,10249000,1049700,16033200,1923500,2579000,892500,4032700,14747000,2708700,2601100,3385000,8476200,13600900,264200,1838491,5828000,9741400,10863987,9326800,21863100,13076900,8689300,5927900,33229000,5329700,682500,6863000,2446000,672992000,3769174,8629000,13212200,5194200,21144800,10161000,631700,2372200,3489000,2675100,8674000,3707200,610400,424000,5803800,5146500,5414900,1438400,8573800,6245500,1854500,1539700,1150100,98754380,6933800,1415300,3719000,78091800,1365400,3682300,4295400,3927700,5603900,2826200,568800,1618800,15474400,1219600,27312700,22927500,2551900,20792700,3329900
2021-05-24,63092900,4821300,8543600.0,3096000,1231300,1846900,1551200,11405600,33194300,2552000,1170100,48456000,679100,14420000,1956900,10106000,31390800,8312500,566800,3973300,7790600,16750200,2372700,1890300,26473300,954600,3196200,14091229,782600,6372800,1657000,5288300,21128900,5639700,6785600,3695100,1914700,2501904,7346700,913200,2726500,1649800,829000,848200,1872800,4270800,640200,1341000,7096644,111374300,13460100,1807900,7827397,7005100,1816300,8943000,31832000,1834300,4422400,2930600,1924124,3449290,2218300,19164400,2175900,5195100,9440300,1209100,10326100,1058300,2074900,931400,3396200,14088000,2351500,1823300,2816200,5996400,16445400,380900,1828923,5551700,11488300,8737910,7788800,21411500,15730400,6746900,5758600,24126000,4313200,570600,4644500,1956100,554816000,3547810,7044700,13100500,3627800,16922300,6981300,508200,2280200,3044000,1683300,8229300,4098200,521900,415500,5113300,5476100,4538300,923300,9755900,2566200,1975800,1205900,774300,63020282,8965500,1194800,4432000,103674300,1015100,4175900,1883600,1981300,4040100,2217000,906100,1505300,12970700,1384800,25707400,18945900,2116300,18400300,2273000
2021-05-25,72009500,6574200,10435800.0,4704500,1761300,2322500,1845700,12721000,47353100,3210600,1325000,65222000,908900,9600000,2484200,12908000,52657700,6952500,625600,4752300,5891500,20015800,2265700,1497000,38680700,1444700,3472800,12797491,1182600,8090600,1379700,6256300,20657200,5894700,7884000,5383300,1682300,3977779,8089700,775800,3015000,1897000,765400,919500,1991100,4786200,325200,1685300,7094400,113383400,18214300,1631800,9496071,9357400,2596100,16362200,22440000,2631000,7403700,3523300,1914681,4118311,1591200,22309900,2028900,7444700,12609100,1258300,11916500,1330300,2919100,978500,4089300,15017000,3916300,2681900,2686800,5383100,16437000,318100,1817202,7174800,8911900,14331714,10599600,17704300,26272100,7440600,6916900,26995000,4885800,680300,6837500,3185700,435408000,4231510,7160600,13774200,4649300,25916300,8142400,496900,2072100,3371600,2433200,7271400,7172000,767500,551800,7606300,5391800,5920100,835200,10064400,3634500,1671900,952500,832800,77290883,6173600,1592500,6094300,84017700,807500,4270100,2285600,2414300,4689100,3340200,804400,1707200,15935100,1168800,29415300,21505200,2084500,25616100,2096400
2021-05-26,56575900,5802600,8179200.0,6692900,1873200,1695600,1985700,10577900,30354000,3812100,1519900,47680000,748000,9873000,3731600,7240200,41332800,7347500,616200,4756300,10531800,15243400,2070000,1541100,24530200,1245300,2601700,25308386,807400,6716000,1648000,5807100,18671200,14402300,9232400,3428700,1949800,4110658,8086200,887000,2607800,1617000,795100,1116900,1982400,3877200,425100,1170400,8287643,227538700,18366200,1695100,12092309,5932600,2876800,14242700,21572000,2121200,6775900,2881600,1854416,3225655,2508800,15173600,1485300,5726400,13058300,1078100,16064300,1411600,2891300,999500,3565600,12621000,3101900,1564200,3782600,6652300,9686900,508500,2209371,7160900,8740800,9686454,8665200,17771600,12609800,7408800,5864900,24653000,6781500,697100,7711000,2140100,370440000,3630886,12851100,14084100,4462600,28036500,8122900,506800,2231800,2788700,2529100,6663300,5894000,640700,623400,4826200,3841600,7370400,960900,9358100,2895300,1765800,871500,1373600,43765747,6769500,2142600,6267100,85917900,816900,4221600,1903900,2376300,4295600,3333500,490700,1485000,14045200,1024500,26170600,19294200,1787800,21698700,1590300
2021-05-27,94625600,26406000,21270200.0,10358900,7166300,2957300,2452700,10623400,35883200,3701100,3149500,51224000,1155300,19098000,2828400,18404400,52981100,17225000,704600,6602100,8004500,17467000,3594700,2905400,30294500,2578800,4686300,27231014,1312400,7484100,4452000,15344100,56216100,8985300,11703400,5900200,3337100,4750572,13567800,979200,4251100,1913200,4147300,1945400,3795300,6086000,395500,3082300,11264649,278939100,28490600,2657300,37035234,8047700,3535400,33843800,35224000,3897000,7733100,3734800,7052361,5889294,3545800,32387600,3920400,8114700,15707500,1195100,59109600,1710900,9340300,3979300,5126500,22452000,5416300,5242900,3353600,7659300,20477700,757900,2939290,8097500,11339200,17675149,21840900,24426200,22286500,10956100,9091100,32538000,12882300,997200,8639000,4945000,581476000,5518723,12867800,19886300,9203600,38471200,33095700,1378600,3470100,3342700,2903500,7379300,5393400,1058800,1717300,10492200,7378400,14693800,2675800,14893200,5675000,3172100,1226600,2742400,62823932,8648800,4059500,8141100,79111800,1549500,10107700,2041800,5110200,5969600,4947700,1524200,2194900,30754300,1649700,42572900,56577000,3383200,33556000,3201800
2021-05-28,71311100,7104300,12000600.0,4813000,2005700,1924800,2297800,7186300,40952700,3239300,1494600,46596000,549300,19946000,2436400,11197400,38509700,5807500,435400,4522500,5720700,14392800,2290700,1583800,25635800,1054900,3971700,13889886,1019100,5745400,4681200,17810800,14863500,6810000,7278200,4708000,1348100,2332817,7124800,800600,2271200,1341000,1094700,992900,2555500,2062200,314700,1539500,6815963,152105300,14723100,1022700,14560581,5937700,2934400,12668100,21482000,2169700,4709500,3194000,2683587,2651192,3193400,20303900,1575900,6400800,10291300,885500,17011600,1430900,2386000,935500,3619400,8414000,3624300,2853600,2322800,9001000,12037400,483800,2082475,7507100,8962400,13969735,9484800,18270200,11330300,9177500,5352700,29103000,4153500,575700,9478000,3277900,644536000,3115505,6929700,10132100,4913700,16154100,10477100,718400,2870700,3746600,1722900,7042200,3786700,542100,598500,4850300,4239800,6205300,1444600,8307800,3754600,1929200,1760900,938800,54191320,7523200,1618200,4197700,68211000,753500,3306500,2367900,2128000,5779700,2321900,592000,1724900,14027800,1552300,15760100,21186300,2716200,19246800,1439900
2021-06-01,67637100,6846200,16552100.0,25124100,1670800,2189000,2137200,8839300,43433000,3799600,1722300,48600000,736200,16277000,3827800,13562800,42890700,7900000,407400,3335800,8166500,15450500,2476000,1412000,36826700,1297900,5587000,12878903,1072000,9943600,2117800,8103900,15741700,6109800,10260600,3410800,1483500,7237699,7475600,815700,2816100,2610300,944000,1159100,2408800,4135200,419800,1321000,7371015,89071000,22142700,1282400,10087388,6573100,3239600,10429000,23354000,3644000,7880700,3549800,2370274,2528705,3792500,20326400,1493700,10448400,9445400,1024700,13304000,1418200,3070200,962200,4105600,12760000,3119700,2574300,2634000,5889800,11765900,436100,1874491,5576100,6361400,15798914,9576400,23213300,11067200,9056100,5954300,24826000,5577900,764200,8466000,7982300,472804000,3064111,10485300,27701900,5530300,23642400,9993900,666600,2547100,2717200,3599900,7059600,3903500,617100,737400,4302200,4306900,6175500,1201600,15701900,4008900,3726900,1415200,1460500,52162290,5844000,4619100,3752700,54254700,1127800,4817300,2199600,1865300,5091500,3153600,507300,1808700,14922800,1687300,17878600,20767500,2362500,28474200,1367300
2021-06-02,59278900,8100700,16245100.0,19215100,2089800,1761300,1817700,6401200,35203200,2266800,1912700,40290000,1003400,13286000,3384600,10820400,34180500,7317500,543400,3517100,11253700,15285600,2348500,1579300,36078200,1259600,3749600,14742206,855700,6103300,1881000,5543900,14529300,4105000,9141800,3554800,1882700,3759624,7851700,1536200,1889900,1522100,1113300,818000,2303400,3547500,561600,1545900,5738106,77517200,14691300,2088400,8012785,6572700,5019700,11975400,21158000,2809700,14759400,3380100,2361149,2915097,3261900,18483600,1195800,6806000,10498600,881700,11328500,1562800,2030300,1007600,3997700,9195000,3531000,3172000,2805000,6288800,11654300,511900,2245370,5552300,7552500,11830453,6878400,19406700,10314200,6421000,6222400,22690000,5226100,495800,5161000,6173000,594168000,2960602,12249300,28273100,4546900,19629000,8254100,561600,3934300,4373000,3142100,6026000,3576400,679400,751400,4429100,5045000,6881900,1304100,28422100,3012600,2685700,1380200,1147100,53003692,9170100,2355200,3589500,69908400,1732500,3137900,2232900,2486000,9081100,3441300,879500,1559000,13681100,2103300,18492600,23298000,2396700,22978300,1402900
2021-06-03,76229200,6286100,11083300.0,12118000,1540600,1539100,5428000,8191900,29812000,2010600,1544000,47966000,858700,20389000,2454800,10402000,46981200,7082500,430800,4099400,5658900,22255800,1923200,1662400,24269800,1716300,3967000,11386384,1087900,8280800,1780300,5109000,17593100,4679900,8809300,3859500,1336800,3668256,5583900,1683400,3401900,1574900,2064800,745600,1911400,3658200,723100,1277300,10669781,179671400,20223800,1316300,12672972,6755400,4176900,38547800,18696000,3003900,12619800,2652500,2462899,4320608,2508300,21831300,1260900,5808800,13354400,1243000,17364300,1608200,3066600,1649700,3469200,11786000,2605900,3249400,3726000,4715700,12610800,501400,2274912,4655300,7620800,15974400,7926800,25307700,14742100,8871500,7614800,38874000,5027400,779400,4866000,2998400,580008000,3755551,12038700,19504400,4651600,17376300,11249800,512500,4006000,3367300,2995900,6644000,3449800,445000,642000,4083200,5723900,7623800,1008100,19992700,3245100,2060900,1471000,1107200,60788150,7450600,2396100,4503700,90335700,1268300,4205300,2281200,2172400,6382400,3027300,1156000,1447600,14212500,1644900,20206400,18374400,4166200,20272800,1030300
2021-06-04,75169300,4255400,8534900.0,7197200,1146200,1644200,1984800,6662800,26387800,1875700,1789900,44994000,820000,23865000,3239300,8799000,37192600,4342500,647000,3271100,5465300,13807000,1837900,1013100,19384100,1487500,3660200,12072998,663300,6504800,1765900,6177600,11676700,4606700,6699300,3357100,1279300,2246976,6343400,1030100,2771400,1919500,971200,776100,1770100,3128600,573200,1617000,5791662,151788000,15799200,2111200,12855029,6342900,4104500,21072300,24458000,2514100,10380000,2638700,1379300,3261323,2367800,21493800,1374600,6510300,8510800,898400,18935100,1362200,2817700,1836100,4210500,10443000,2295200,1615200,2868400,4693200,13289400,607800,2234846,6496300,5751800,12728500,6406800,25281100,12591100,6586300,5032700,31605000,5217100,1319300,7877000,2572300,617120000,2808072,14502900,16134500,4427400,19375300,6894400,598800,2521400,4471600,3267400,7416700,2721400,785200,502200,4082800,4477500,5587500,1049100,13756400,2950200,1952200,938200,688100,45228105,5671900,1731200,3484000,72110700,1321400,3462900,2990900,2943900,5085700,2980000,1082800,1601800,11868100,1535100,18190300,13635900,2218200,20427800,1225200
2021-06-07,71057600,5570100,7780200.0,7933600,1404000,1768500,2206300,5943100,29006800,2153800,1810700,44316000,670400,24142000,2516400,10606000,28401900,4970000,400300,4441000,7467400,12670100,2330700,1271000,24165700,2593000,3211600,11843060,807300,5405100,2515800,3510800,14899800,3952400,6748600,3111900,1537000,2566651,5178100,1543600,3335100,1510500,949900,1028900,1916600,2670200,778500,1820500,4829750,90915300,16725100,1960400,7493597,7863300,3493200,15549700,24120000,2188700,5643600,3974800,2156376,3621984,1910900,17364400,1089000,5362800,7267200,1098500,14010800,3591400,17231400,1087900,2913500,8127000,2133400,1877000,2170600,6339500,20136700,384400,1831196,6384900,5920300,16794400,6773800,23079200,9006400,5988500,4548500,27919000,3765000,1125200,6054500,3320100,575756000,3279283,10445600,10040800,4724100,24110700,8418000,458000,1688000,4370500,3160000,5563300,3017200,868700,452400,5693900,4009000,5662000,849500,10082500,5518800,1796900,800300,1178600,43812219,6071200,2782000,2758200,67631100,1396800,2726100,3353800,3444300,5421300,2597400,1012700,2258900,11144100,1266300,16644300,16630800,2803800,15477900,1355100
2021-06-08,74403800,4114200,7125800.0,8173900,1321400,1747800,6890000,8129200,26956600,1638000,1424300,68334000,807800,16615000,2486300,15113900,41871400,5847500,303300,5035900,4840000,15399100,2212300,1625800,25061900,1661900,3233100,15733555,1054700,7345200,1553800,5827300,15329700,4270300,10559500,3616800,1521700,2624066,5356200,1680100,3147900,1157900,739100,894000,2793100,3018800,622600,1327500,5589634,93891100,14799600,1499000,8852489,5489200,2263100,13027200,24240000,2452600,6459300,2913500,1825557,5313785,2520500,33254500,1242900,7746800,10370700,615000,10968300,1721800,4618500,1065000,3604600,8856000,3224200,2106200,1763600,6291000,14580500,419400,2034874,7106400,9855000,13657700,7036300,22455000,29666500,5803000,6739000,23740000,4915200,613200,5372000,2764100,323848000,4061126,10726800,12127700,5997200,18880300,6911500,523700,2564200,5455500,2778100,9657900,3253300,963600,649400,4777000,4669800,7317100,926100,12822000,4757400,2590900,1179600,975500,81796720,7058500,2819400,4960300,78160200,891900,3063600,3051300,3402000,4170600,3197700,1698100,1917200,15858400,2177000,21271700,20120700,2203000,28953400,946500
2021-06-09,56877900,4884000,5606500.0,13780400,1166500,1702400,3277100,6887800,28454600,3047700,1239000,49110000,778600,12126000,2700100,10693200,42366300,6660000,463100,3501800,3863500,13778400,2919600,1695800,18447300,1933200,6530200,9838700,1068100,7026300,1398900,3350900,14860900,5782500,10146900,2882200,2000800,2148840,5082400,1424200,1584800,1769800,1614100,827800,1843900,3154800,532700,978300,5777922,60079100,13874800,4358600,11189043,8434200,6910800,14371300,17942000,2025900,5067900,3603700,2093777,5547252,2018700,13904800,1085100,5552600,12377400,748000,9838800,1720800,4934900,1046100,3638900,6594000,2520900,1982200,2041600,5561300,13727900,315300,2042290,6384300,13185600,12258700,7811700,17937600,21434900,6660400,4105900,30550000,6448100,689600,5138500,2593600,381656000,4259064,9720300,15365900,4008000,29824000,6200700,617100,1538200,2555000,3670900,6717200,2560300,783300,1061800,4594500,3669400,9634600,1879800,9229900,4454800,2075600,969100,925000,38698004,5490900,1795700,4125000,49753800,942600,2866900,1925700,10560600,4659000,3366300,833300,1599900,14705100,1563900,22617500,17085300,2819300,29133000,1349100
2021-06-10,71186400,6263800,9482500.0,8012600,2007200,3152400,2386600,6163000,28606400,2655900,1312100,69530000,563100,15413000,3024500,14519200,40123600,6735000,423300,4039200,3992000,15277400,6281800,2569200,30486500,1679000,4075900,13202311,1003000,9396000,1404000,4659500,22183500,4690400,13526200,2936200,2232000,2881025,5253000,1123900,1783900,3279100,907000,1313200,2099000,3122100,542400,1648100,7587344,78147500,16410700,1811800,9999489,8678400,2880700,16141900,25904000,3900800,5863600,3286300,2359240,4977391,2848600,26738100,1189200,6463100,12119400,690900,12444400,1311000,5598200,913700,3905800,8440000,2460200,2534000,2365000,6471900,13240200,323900,2335908,6029600,6980000,17236700,6584900,24563600,22683300,8203300,4872400,43829000,6584100,741400,15209000,2154800,287772000,3442442,16680800,14212500,4698200,42613700,6515500,719600,2550900,3065900,2248500,5522300,4126600,934900,892500,4826300,3833200,8741300,1206800,11364300,3162600,2225700,831700,924100,46019327,6684200,2679600,3592200,71758800,913900,3188700,4033600,4880000,4452500,2903800,1311200,2623200,12013600,2016000,21640000,16378500,2127900,27488700,1890600
2021-06-11,53522400,4471400,4819900.0,6517500,1473100,2871300,3335100,6077700,24310900,2002300,1335800,56348000,710400,14508000,1630100,9934200,31203600,7292500,444000,3524200,5352800,18043500,8734900,1807300,20215000,1988200,2560000,10390339,808000,8117000,1404200,4624200,17134000,2697900,7731700,2205600,2028400,3352529,5476300,1185500,1909000,1247500,721700,745200,2144300,3977200,590100,997900,6427189,50613500,20060200,1628900,8500031,6928000,2602300,10205000,21958000,2117300,4832100,2785100,2120515,3596462,3121900,18119700,1335600,7389900,13683800,770300,11825800,1437700,5636000,751000,3127800,10244000,2708300,2654300,1428200,3479500,13587900,237100,2028775,14453600,3631600,13928400,6509400,18999700,12675700,4548400,4827200,31240000,5414500,636200,10404000,2049800,416308000,3380522,11066500,10863600,4364600,21386900,10641400,771400,2385300,5530600,2518300,6529900,3900100,622900,1002700,4082700,3231200,6912700,1151900,7243600,3123400,1976100,1085600,724600,41163954,7654000,1935000,4072700,48615900,660800,2309400,3094300,2699200,5378300,2194200,766200,13725100,12929000,1253500,19389300,25232400,2211400,17631700,1622600
2021-06-14,96906500,4427600,6107500.0,4888700,1672400,3522600,1933700,6062900,27830200,2083200,1152700,51394000,567700,14675000,2125700,9344400,36050700,4755000,363700,6100500,5034100,18304400,7213300,1057000,24538300,1471500,2345200,13309651,861000,7744300,1652600,6764700,15131400,5089600,9051900,3320600,2775000,2119850,10170000,1062100,2003300,1746200,1380000,794100,2497200,3574100,490800,1318400,6991634,82666000,19426500,1275600,9114079,5319500,2020300,15443300,22098000,2560500,5402300,3393500,2743852,3498661,4195900,21784500,1263900,4931300,19917900,634300,9710800,1489400,2720700,868400,3257700,10188000,2515300,1836800,2909000,4344500,12250800,252800,2088096,14503800,8772100,7841400,10163100,19150500,14303000,4991900,5654300,44002000,5743600,865500,9138500,3797400,321376000,3454620,10173200,13827300,3831900,23408300,6302000,1119500,1977900,9309500,2030900,7912600,3047700,497800,689900,5924900,4222400,7764100,1150000,10015500,3300900,1474600,1375300,752400,36006312,5101900,1452700,3477800,61272000,853700,3360300,2674900,2157500,5805800,3042300,865500,3399200,11907600,1787500,25452300,15140700,1716800,16997200,3695600
2021-06-15,62746300,3590500,12007700.0,5398800,1408200,2424800,2239200,6059300,26194300,2508800,1166100,48524000,1068600,11131000,3726100,10630900,39247900,5302500,442600,3758700,6396200,25191700,5055900,1081300,19070900,2252100,3220700,12902911,831500,7835700,1252000,5135300,12542600,5473300,10540200,3630900,1722400,2429261,7895000,1034800,2738600,1795600,1231800,1074600,3647800,4392200,526300,1475900,9044723,62612700,51189800,1834000,7629388,6454200,5381400,10737000,21562000,2302900,10108100,5270600,2188843,2628912,2554100,20806500,1311300,5062900,24485500,718400,11154200,2011500,2188900,943900,4472600,6380000,3562500,1948300,2268000,6101000,15795200,426100,2045040,6940800,6232000,14185700,7459000,18038900,22308600,7770300,4858700,31041000,5168100,687000,7825500,5860100,243032000,3225103,17298000,13087700,4256500,20206900,5543400,1746100,2666500,4252900,2450100,5723600,2432900,547500,708600,5336700,3487300,7934500,1325600,9834000,3155700,2453700,1813800,745900,34705350,7296400,1260700,3169600,53292300,1497900,2600100,2845800,2414900,7093800,2819300,555600,4608900,12602700,2742400,23865400,19327200,2138300,30717100,1629700
2021-06-16,91815000,6670200,9632800.0,7051500,2350600,2842000,2668100,8030400,29598300,3185600,1595700,84056000,958800,20437000,3281300,10529200,63859100,4197500,595600,5626800,4910600,53319800,4156900,1381900,25453900,2040700,3615200,15962320,1510500,9745800,1801700,5099300,15477900,5721300,9283300,3916400,2264600,2164970,8336000,2547000,3865400,2922500,1041800,1032500,3527700,3806800,636400,1590400,8575473,69112900,36697100,1686100,14070907,12938700,3842600,31080000,26472000,3264200,8582500,4492500,3238490,4057329,3245400,21879700,1344600,6988500,25321200,856300,15211700,2364000,2548800,1524200,4175800,10738000,3081000,2951700,3248200,7275400,17232200,288200,2654761,8258700,5432400,17576900,11370300,27220000,18116400,9646200,9296800,35332000,7915500,883400,10288000,3913000,307124000,3394145,36560600,42712700,5492100,19177500,8936400,866400,4271600,7440000,2188600,7404700,3330400,914400,1395200,8033800,4822000,8819100,1251600,10924400,4200200,1820700,1346000,1247000,40251454,7932700,1691700,4184100,66432300,3117400,3357900,3330800,2102900,8905400,3326500,598300,2796400,15678400,2150100,38287700,28794900,2550500,24803200,1933800
2021-06-17,96721700,4172300,8171300.0,5967400,1872100,3566400,2559900,7690300,77822800,2142800,1360700,102730000,786500,20881000,4194400,10774400,80728200,6195000,569900,7134200,6578600,48523000,7995300,1240900,26049300,2592100,3253100,16591210,980800,13667200,1686500,5170200,18288400,4943100,14337800,4510400,3387800,5641128,8906000,2104600,3998700,2199700,966700,900400,3278200,4582200,661400,2517800,6573838,126653100,59951400,2369400,15451709,7015500,3149200,19712100,25842000,4146300,12237900,4481100,2573349,4568300,2813700,21498800,1567200,5874700,29722400,919700,10658400,2397800,1890700,1246400,4260900,8548000,3824900,1895600,4524600,7435700,17794100,496200,3091540,7811100,7209900,14233200,11131600,27565500,16003900,10553800,20424800,31983000,8568100,737000,9547000,5508600,809656000,3681454,14836100,39315200,5316400,19580100,7875600,1239200,3612600,6795600,3044100,6618300,3482800,846200,933600,7480500,4008500,8699900,1302400,14511300,4425800,2784300,2122100,1173400,47283350,7570600,2237300,3494600,68104200,1400900,3222300,3532000,3068700,6876700,3981300,1274900,4314200,14761100,2149700,48910400,19341900,2643100,28491800,1245500
2021-06-18,108953300,7415400,11628900.0,8831800,3134000,6762000,4480800,13258400,58736800,5560400,2770500,104954000,1702000,28537000,6900200,11965000,102774200,12072500,1059000,12565800,8845300,44582900,7156400,2997100,26749900,4244700,7471300,28513121,2980400,18583800,3415700,7822200,35758300,8800800,22284500,7225600,2930600,4836300,12357500,4174800,5190400,3235600,1836300,2229900,5239900,9421200,3751600,3066900,16531543,76319700,46250200,2553800,16465184,11464500,5416900,25602800,46116000,6290100,11542200,8792700,5757304,9577699,7058400,55118300,2403600,12993000,43595700,1925900,31445600,3882300,4016600,2416200,9316900,21139000,5009400,4408200,7738400,16415000,23039500,569800,6045302,24095400,8980600,19351900,22453900,37202200,39881500,17539000,17015300,51976000,9784800,2387100,11231000,5248400,968856000,6611921,22521200,24074300,10661700,37775900,13997600,1532800,7018100,15687000,3990400,12753600,4091200,914800,1466300,10387200,7024400,17257900,2048600,24774200,6549300,4232300,2394900,1375500,86995009,11745700,2321300,5430900,73682700,1601600,7535200,5521400,8170500,8840000,7077700,1243300,3517900,38210500,5532200,61292200,44812800,4431800,39590700,3361800
2021-06-21,79663300,4666100,8040200.0,4743300,1959400,2625900,2431400,5984000,44417100,2149000,1471000,65542000,640700,18591000,3681400,15301800,48119400,5075000,575800,5482700,6706000,30266600,5633900,1190700,21897600,2559500,4226700,13834829,1399100,8234300,1631600,5895100,17682200,4531800,13591500,3640100,2010700,3134599,9196900,1593700,3566100,2628500,929400,1247200,2580100,4966500,1036800,1488900,7466772,63385000,28159300,1922000,10825169,5310400,2926400,12276900,27414000,2717300,9360000,3774200,3047616,4482633,3099500,19254600,1424100,6592300,18664800,882400,14404300,2282800,3671300,1186900,4539400,9930000,3094600,2193000,3377800,9008400,11337500,249600,3023966,8149600,4657900,10880800,10672700,26696100,19810100,6499700,10795500,52773000,6288500,893800,5616500,2482200,672384000,6134930,8924300,18633600,4904300,19488100,8014800,845900,2745100,11527100,2828400,6371400,2822900,678800,1244700,5097400,5628500,9488200,1041800,11198400,4303000,2335500,1431800,780100,44495668,8811100,1111300,3801900,74438100,1290100,3771200,3839300,3638000,7298400,3682300,536100,2027200,13628200,1818200,26444700,20775000,2059000,33145400,1980700
2021-06-22,74783600,4359900,5790400.0,6519400,2019800,2370400,2659400,5680900,32107700,1780400,1156900,66902000,566400,13722000,2697600,10042500,44113200,5360000,668500,5224700,5623300,21564600,3776400,1396400,18403400,1816900,3159900,15284242,835700,6745100,1934800,4457200,16451200,3550400,10230100,2734300,1677400,4207553,8097100,1185000,2562000,1531700,672200,891900,2058300,3187400,573600,1487800,5861482,65545900,27500700,2250100,7678083,4796800,3433000,8928500,22390000,1870800,5495400,4418400,2239665,2549102,2329400,18682800,1349400,5627800,14251200,672300,13072800,2406900,1658800,636200,3995700,7199000,3582700,1758300,4633200,6230000,15345300,299500,2120030,5024200,4246900,10957500,9664100,24694100,16771800,5513100,8930700,58093000,6043800,491600,6416500,2221600,580144000,4012313,9845800,15195900,3518000,15975900,6550900,778300,2078400,3750600,2689400,5976400,3118900,655600,1712800,4150100,3583500,6856800,672600,7675200,3626200,1971400,1343200,1318900,41524215,5880300,1840600,2621900,57476700,1083100,3299700,3964600,3460700,8858400,4484200,584700,1879500,13866600,3915900,26455200,19107000,1769900,25140400,1416600
2021-06-23,60214200,3837300,9335700.0,4356100,2161300,1616700,2674000,6327400,25992400,1654300,1330600,56266000,936100,17674000,2327600,9874700,32039900,4055000,566400,4533100,3760400,19672700,3283400,1170700,17916700,1443900,3673800,36279814,971100,8184000,1538000,4482400,14749800,3396300,7792800,2482200,3352700,4011732,9174200,1944100,3997300,1730100,542700,942100,2234900,2601300,909400,1962400,5865127,94985700,21647600,2157400,8763306,4246800,3058900,11527900,19148000,1713100,8914400,2564500,2370486,3349920,3183700,20287900,1292400,4493400,12733300,656600,12339200,2685000,2419600,1024000,2835900,6796000,2241800,1701500,1891000,4656300,14817800,472800,3559894,4864700,3538800,9539100,7139000,19518700,16662200,6079700,5248000,39448000,4566000,709800,4449500,2922200,332356000,2973811,7295900,24067600,3901700,22025400,5796000,1295000,2583600,10206100,3452400,6613800,1938500,636300,1808300,3524500,3552100,7116700,591300,8113100,4500900,1805300,1254500,1116100,31479689,5415400,1358000,2416200,93297600,1300200,2473300,2942100,2504500,6814700,4793200,490500,1930600,16524500,2698200,18778500,19390500,2435500,20701600,1279700
2021-06-24,68711000,7712300,8173400.0,9718600,3003900,1835000,2694400,6374100,42217700,1943000,910600,76640000,999800,12502000,2417100,13755600,37161800,5307500,662000,5453900,6324800,23900400,6827600,1079400,31193600,1743900,3449800,21896441,1037300,6424400,1487300,4987300,13974300,4867000,8724600,2854400,2140200,3530866,7549400,1543900,2448600,1642900,596700,725000,2585100,2754800,1107300,1291600,4506869,79859800,20393500,5016400,9594524,5054000,3121400,14445300,21362000,2716600,7406100,2649200,3569522,3775746,3062300,21209700,1023000,4549200,13733200,730700,11488400,3124300,12290500,1032700,2767800,7681000,2788200,1839800,3971000,5778900,12329100,589500,2621393,4425900,2646000,8601900,7953500,21446900,15721000,7925200,5388400,33612000,11420500,644900,4985000,3584700,320924000,3497138,9624000,15182200,3818900,13436500,6056700,1111600,2340400,5180300,3097500,7941700,3585200,790000,715600,5335200,3840000,5895500,892900,6238300,4963900,2019600,2135500,569000,47503266,6526300,1326600,2181500,137947200,1375100,2876700,3309100,2602500,4611500,4225300,2227100,2482100,15386200,2259400,27951000,23444100,1583100,19568400,1686000
2021-06-25,70783700,11709400,6452400.0,8750400,4233600,2133500,3458600,7276700,27804500,4309900,1882700,78820000,1413600,19100000,9186000,9625800,53178800,8430000,742100,5577100,6884200,26727400,11274200,1996800,31580700,3411100,9475300,18438507,934500,8099200,2056100,15409300,16682700,3743900,8102300,2468700,6604800,4510985,7431800,1041000,3236200,2266800,3544500,2105800,2076200,4754600,1128500,1469600,5297597,111760500,44083100,11622000,6844839,8078100,3047400,14255100,34594000,2782400,7052200,11733500,5537465,3759533,5260500,21101200,1303200,10963800,15484900,3921200,18880300,23412000,6992200,1708100,4149500,12496000,3983900,3000100,4496600,5676000,14594400,406500,7385898,9929500,9623100,50285200,11139000,25611100,19603800,6676800,6138700,52991000,46285400,2930400,7560000,2838400,278364000,4008494,12845000,25211900,6387600,22774300,24504900,1395900,2075800,5920500,8032600,7949200,5350300,1912800,1274100,6611000,12171200,12715300,1840600,7823400,4703900,2322900,1980300,2544300,37039297,13165300,4676100,3376100,97490100,3315200,4639100,16928900,6618600,7825200,9568400,1379700,5671600,14540300,2230000,49074700,28640700,1956800,18438300,1994900
2021-06-28,62111300,5141800,6451000.0,9567200,1662400,1714000,2674100,6984400,30262000,1680700,1808500,44856000,921100,13987000,3433400,18152000,34416500,15305000,373700,4024600,6762800,17660900,3172000,1218000,63786300,1864200,2735300,14387321,985900,7647300,1645500,4274900,14008700,4194700,11348400,2047700,1304200,2504047,9881400,1066500,3192800,2626800,1343100,870100,1726300,4471800,675100,1170600,4368772,79477400,14933300,3537100,12396856,6580300,4843300,17152700,28526000,1833400,8073800,2635400,2504278,4067789,3159600,22480900,1245600,5604000,14125800,861600,10556900,1969300,2507500,778200,2510600,9633000,4800300,2901700,3760000,4611300,29156100,292200,2512198,4877200,6040700,8796200,6174600,19590000,18365500,8444300,4491900,28202000,13133300,565000,4077500,2378300,495436000,4729656,5605400,17426100,4282800,19225700,6065400,1160900,1447000,3933600,4141800,6645500,9627200,1509400,924500,5738300,4546600,5006400,936400,11191500,2363300,1904200,1058300,918700,35873515,6361800,1449600,2826000,64884600,1525400,3228700,3193300,2288100,9301700,6461800,661800,2803900,13754900,2535700,27127500,15549000,1826000,20570000,1386100
2021-06-29,64556100,5795100,7479000.0,8150200,2060700,1204800,2753700,5340500,46181000,1337200,1624100,41968000,984600,14184000,2785900,16743900,38519600,12942500,742800,4470500,5370200,28696900,3443400,1268300,33185800,1729500,3056700,13333659,1243200,6437000,1523600,3871900,10926100,4926800,7225500,3312500,1213400,3390204,13498300,929200,2669200,1575400,916000,864700,3409300,2944600,493400,1433500,5243480,68208200,14898700,3594500,13883493,4348100,3715400,12171800,23108000,2365900,6486300,3150100,3185016,2540211,1579800,26360000,1241100,3749500,14528700,544800,12300900,1181800,1621200,1223900,2628800,7976000,3394300,1932100,2174600,4480300,21417300,454000,2222168,4945500,3630100,7696600,15413700,19937800,18530800,6477400,5556300,23146000,10279900,1151300,5244000,1663400,367632000,4264843,5392900,15619000,3197700,14516600,5792300,982200,1743800,3237500,3392700,6885400,5372500,721500,747500,6496800,3789500,5316100,647700,7321600,4097100,2201500,1709500,721300,42715947,3272000,1349900,3197200,52143900,818100,2108700,2458800,2291100,11897700,5199300,662900,2645900,15313000,1657400,39534000,35962500,2329200,19579300,853900
2021-06-30,63261400,5042600,9798600.0,5844600,1595300,1704200,2687500,5963400,70721500,2325100,1857900,48080000,673500,15381000,2331800,12089100,29159800,10367500,575600,4474100,8902400,18502300,3249500,1643500,22820200,1203400,4687700,13855102,1403000,9309600,2031700,4168800,15826400,5038900,7927500,2818400,1643600,2108570,7481900,1333500,2493300,1799900,976000,709800,2283100,5392400,717100,1597400,5401906,72213500,12448900,1810900,13754002,6010400,7163600,12330500,24474000,2238400,6027600,3061500,3041144,3394375,1750800,29891600,1619400,6151700,12531000,697600,14614200,1546800,1786700,1077600,2715900,8033000,2884900,2450700,4135600,5302300,15107500,412700,3100032,7965700,3822200,13811900,9780300,21656500,40670800,8672600,5639800,27734000,10281800,613900,4211500,1970400,326568000,4297661,7899800,12823900,4943700,21248100,5776600,957300,2910800,3846700,3103500,6449700,3732600,861800,597200,4744500,6759100,6429700,971900,10883200,4155200,2720200,1469400,748200,43623814,5013700,1010000,3139000,56774700,1013600,2687600,2875600,2744800,7797100,4259800,868400,2572900,14559700,4388000,18168100,45511200,2410200,17875500,1203600
2021-07-01,52485800,5306900,9787100.0,4739600,3104100,1646100,2217300,7693500,58059000,2091600,1537000,40742000,619400,11153000,2685900,9516200,28045100,6130000,426300,3647200,5756400,12584800,2426300,2176700,19363500,2525900,3596100,10706171,1222800,11637200,1523400,3899600,15074800,9737600,10873200,2501000,1467900,2007163,5887100,1556900,2406900,2621600,1065500,1955600,1904800,4409600,506100,2246300,4346060,51112200,13946100,1749500,9368346,5463800,3446700,11752100,18110000,2571000,8785800,2578000,1729642,2809661,1962000,24871600,1093500,6320200,10479400,1417100,13214700,1434800,1977300,752800,2456300,11343000,3108500,2210500,2979200,3955300,17137000,340000,2222048,5888200,4013900,9212000,6792200,16725300,53299000,6423000,5577300,28054000,9011500,449400,5829000,1778700,480136000,7887060,13108000,23100200,3997600,20035900,5922300,996500,3211500,3614100,2358100,6094100,2581700,1277400,543200,3903900,4810600,4413400,790300,9819000,3635500,2550400,938700,1264800,34947642,4418100,1129300,2655000,55903500,1052500,3455900,2678100,2746100,5329600,4679200,881300,2551800,11672200,2249000,18658000,26348700,3240200,22530300,1997200
2021-07-02,78852600,5719500,4826500.0,4787000,2280100,1744600,2487100,5299600,51316700,1943600,1207700,63388000,541500,37054000,2028700,15706600,28980800,6082500,430300,3682800,4997800,13222700,2433600,1372800,20454000,1475300,2752200,11383290,733700,7635000,1676600,4056200,15066000,5591400,7107700,1831400,1131800,1623192,11099300,1187100,1779300,1224500,920700,1504400,1347500,2884000,379900,1187300,3287970,43652000,10221500,1335800,6653090,3969000,3086200,9689700,25982000,1598900,5886300,2201600,1636805,17584515,1350400,17219400,1015500,9059900,11424000,1053200,10604600,1066400,1994000,778700,2553000,7426000,2786500,1851500,3002400,4102900,11521300,325700,1929028,5514500,4312200,7668000,4818000,26458000,22685500,4282300,5303000,19755000,6396700,338000,3405500,2215900,342764000,3403330,15258100,10646500,3835500,16592700,5572000,709100,1789900,2763200,2080300,5399100,2258700,1073700,628500,4185400,4722000,6108800,549200,7582700,2940600,1529300,874200,973600,37964376,3058700,923400,2603400,81163500,737800,2389900,1982400,2172300,4383700,2980400,1068200,1402300,11387100,2208800,13218500,26280600,1672700,14555300,1767000
2021-07-06,108181800,7172100,5069400.0,5040400,1856200,1657400,1863400,7432600,44930100,2792300,1742700,134896000,1034800,13870000,4688100,11045800,47578700,7555000,527400,4401500,6659700,24672200,4348100,1583700,30647200,2751300,3221000,13728662,1470000,11699400,2113100,5590200,19394500,6544400,10162800,3562100,1924000,2857562,11557900,1398100,3258100,1884300,888700,1013100,2286500,3776900,458300,1633100,5688194,73990600,18992900,2282500,14172730,6169600,4172500,16155600,26404000,2162900,11093800,3109500,2053672,8466010,2200800,26186600,1726200,6098500,15083400,1071400,15278200,1288100,3125400,1142700,2588300,10240000,2740500,1762700,4011600,6979800,13488500,260600,3045494,7767200,9406400,6720500,6701200,31565600,21126500,6957200,5400400,27751000,6671000,603300,3975000,3142000,446708000,4088474,14200400,21467000,4313800,18931900,6534400,1176100,2864500,3486800,6464400,7095200,4788200,643900,711600,4140000,5294700,7684000,686100,13943600,3030600,3143700,1166500,1219200,53233538,4133200,1288700,2357400,69853500,1176400,2619600,2615300,2421300,8048700,5822200,714300,1947300,13815900,2390400,25486900,18279300,2637700,22110800,1535200
2021-07-07,104911600,6695100,5650900.0,4068700,1889900,2022500,2147100,5956800,51498500,2381700,1732300,106562000,639700,12581000,3998900,11497000,43499900,6830000,468500,4412600,5358000,19342700,2707700,1524300,36383500,2032600,3220200,13731223,1476300,8239600,2308600,5101400,14411600,6878900,8245000,2281000,1309100,2075182,6757300,1648100,2044400,1956900,1290200,990300,2143600,4430300,525800,1409400,4326993,72992500,14745200,2293200,12250973,6092500,3793600,13077600,24060000,2012800,11298900,2939900,1658555,4246446,2201900,14857400,1492800,6293500,12271800,988900,14377700,1228600,3141500,952900,3647100,8622000,3176600,2069400,3721800,4967000,14218900,252200,2027220,5300400,4186500,8275100,6771600,23260000,23026900,5661800,3987100,27225000,5408300,545500,5467500,2568400,418428000,2785368,20976600,20238500,4225000,17665200,5532700,879400,2980300,3567000,5109200,5034900,5203700,708700,642000,4127200,5382300,9833600,674400,10579700,3001400,2607600,714100,767500,44484282,4981300,1433500,1777400,56376000,712700,2749500,2270400,2553700,4366100,8220500,818400,2308500,14393300,2448900,21884000,25607400,1920300,21671400,2651100
2021-07-08,105575500,3948800,4827200.0,3908900,1867700,1846600,2495300,7770900,45673500,1994300,1179400,103612000,807300,16011000,4628400,17964300,52793100,7490000,629800,5370500,6035200,24763600,3723800,961900,37066500,1397800,3514800,22923001,1314200,10551500,2235500,5159600,15691800,5417000,8695500,2527600,1621000,2178732,6960100,1072800,2386200,1863700,822900,666200,1659100,6314800,402400,1856100,4349144,62706800,24061700,1971400,10798825,4982600,2755200,14087400,23790000,2940500,8139700,3663000,2551387,5739820,2177100,19162000,1365900,5755500,17834600,896000,11943900,1587100,2431500,894500,3993600,10218000,2809000,1932600,3486400,6660600,14406500,414300,2591852,6788700,6898600,8400400,8778800,24618600,23114500,5881400,5535000,32690000,6081600,402700,4710000,2290100,503300000,3075773,16383300,16379100,4216000,23021200,7585200,1155800,1927000,3498000,2484200,7501100,4500500,766600,460100,4665500,4486100,10896900,1166500,8903000,3480100,2630900,1418100,727900,52985421,5686000,1384000,2407500,68319900,940500,3146900,2032300,2354300,6388000,5815300,741800,1806700,18384000,2435900,29148700,21267000,2155700,18935900,2818200
2021-07-09,99890800,4823400,7065100.0,4353600,2054000,2145200,2122900,5762900,35278400,1609900,1151700,74964000,734300,16782000,3175200,12385400,43887200,7405000,764400,4896000,4137100,18872600,3163800,1192700,23124400,2193800,2801600,15729074,1134300,6973700,2304200,4213500,14673400,3471900,8567900,2163300,1325400,1876428,7873300,1279700,2676300,1738700,927200,1370000,2143700,6362100,480900,1479500,4222964,65981200,18023100,2317500,8290767,6419600,3037300,24361300,18632000,2641800,7624600,2587400,2293670,4083689,1611300,18708000,1023900,6120900,13694500,726700,10847000,1405800,4030100,542900,2436300,8372000,2404800,2560500,3285200,4261700,13018700,304200,2925536,10042400,5776200,6006500,7306500,23916700,15441100,5592800,4701100,27772000,5002300,357400,4883000,2711700,296624000,2660909,15685300,13108800,4088600,21578700,5948700,649400,2311200,5059100,2376600,7356800,2876800,550100,429400,4556200,3533600,10327400,698300,8547300,3688600,1790100,1534900,1167600,45214865,4407400,1184200,3245300,54421500,917400,3109200,2078900,2050500,5615900,3532400,685300,948300,13757000,1844900,25055900,15185400,2509200,20086000,1521100
2021-07-12,76299700,8148400,3276300.0,3905200,1456900,1696200,1651700,5459600,28526600,2149400,1323500,51432000,1041300,33142000,3154100,9071500,42624500,7555000,861900,4282500,3772600,19600600,2509000,1299900,23022800,2391000,4482600,12351912,1072900,6063100,2491300,5604500,14000600,4014200,9898600,2327600,1608000,2007276,21835500,1021800,2509100,1946400,1072200,1897400,2339500,3387600,600700,1764600,5112673,49205200,11999800,1905400,11187237,7322400,2775700,14513200,17668000,4135900,6528000,2521800,2192344,3496360,2302200,15392800,1031100,7840500,19940400,883300,15107600,1382800,2928600,1008200,2405600,17315000,2648300,2158600,2808200,4914000,10018600,315700,2588144,7416200,4943600,11087900,11951100,18931700,12639300,5743500,4318300,17807000,4992200,450300,6396000,1849500,321984000,2742230,16076800,11171500,4873700,24513000,6807300,889400,2730500,4984500,3251800,6786500,2414900,655300,379000,5464400,5683400,6192400,731600,5799700,3121400,1263300,1581700,863200,35588988,6072800,1427600,2007900,77781000,875300,4069500,2802600,2216100,7010700,2728300,435400,2074900,13451500,1806700,17618900,19515000,1850900,21809400,2665800
2021-07-13,100827100,6540300,5871500.0,3877100,1570600,1435600,2067000,4950600,30367600,1618200,1228200,76918000,580300,11806000,2675000,21029500,54338100,9872500,590200,3136300,4137100,18962400,2373300,1219400,27175500,2542100,2733700,12128696,1199500,6510400,1540300,6699800,9927400,3083400,6738000,2066000,950100,1718395,12534600,774000,2774400,2695800,784600,1487000,2210600,3512800,398200,1644200,3816945,45360600,14532700,1747700,7907410,4518400,3538500,14604200,19240000,6466800,5851900,3213800,1503755,3309858,1359400,15716000,856500,4691200,22671700,568400,15170800,1343000,1974000,709500,3191900,10834000,5161000,1884600,2878400,5315100,11456000,272100,2019207,6525600,4934900,6465800,12280100,26120100,14263400,5165500,5091600,27516000,5747700,707400,4342000,1580500,290708000,2780105,12789300,11039500,8750800,12222000,5603800,675600,1811300,5129100,3340600,5657600,2888900,448800,415100,4595000,5529300,7489100,1217900,8169700,2426200,1742700,1143100,948900,38431218,3775000,941800,2583000,62898300,1207200,2695100,2948900,1852200,8079200,3394300,526600,1685900,12511900,2904000,25387800,18947700,2048700,17147300,2999000
2021-07-14,127050800,6543400,8545500.0,4660300,1743800,1376900,2156800,5982300,28108500,2185200,1198100,65932000,597700,14020000,3123100,12137000,105651700,5287500,993900,4108000,4174500,36287800,3185200,1213400,26614200,1297000,2959200,10431846,851900,8489600,1265800,6375700,17113700,6308200,9216600,2661800,1409400,1631765,8787300,733700,2692900,1933100,1336900,944600,2815100,3745600,412400,3902500,5203102,39056200,19482500,1431800,8970443,5949800,3681700,12520500,23742000,3295700,8623800,3381600,2792340,4606061,2922100,16263600,958200,6162900,14622800,763100,22002700,1106200,2103400,698900,2943300,11507000,4140500,1993200,4049000,6923500,13894200,334300,2939409,5734500,7799800,7163200,12572000,23113700,15952300,6956100,4808600,46595000,4928000,1044400,5667000,1604100,380100000,2726957,13330500,22822500,6390300,15888600,5903600,657600,2133000,2875900,4263700,11305700,4095400,380300,410200,3665400,5701800,7577000,681200,11845600,2969500,1556800,810900,859700,42322852,8748800,863900,2316500,64923600,692600,3590200,3538700,2867500,8693400,5213700,829300,1655000,14821700,2672300,49618000,18812100,2923000,21573600,1798900
2021-07-15,106820300,4544600,6576100.0,5761200,1927800,1618100,2662400,7057900,38944700,2106700,1082200,63706000,733700,12624000,3448200,12228600,54697300,6797500,620000,3274700,6079700,18897200,2737500,1086500,43232200,1646700,4200800,13612039,861000,8723300,1894100,7912600,14952400,3622600,9665700,3210700,1516200,2556950,7867000,624100,2869100,2423200,928600,1180700,2003200,6226800,310200,1278200,6530516,44952300,15838100,1166000,10310877,6126700,2448700,12103400,24218000,2183900,10354700,2603900,5885155,3807126,1607200,18917000,1383600,6656900,11539300,910300,15068200,1220900,3611200,713400,3188000,12497000,3773000,2165800,5767200,5512100,14781600,399400,2557885,4831400,7348800,7041300,12465900,22604200,16616800,7638200,4386400,57139000,6432500,491000,4118000,1278300,550564000,2141916,18306300,18361000,4920600,20250800,7357100,704500,1426900,2915900,3481000,6667400,6498100,776200,437900,3460800,6467500,5719800,824000,12341400,3600700,1585200,845900,1607200,36102832,4905700,1074800,3348600,60628800,1030200,4259900,3546500,1663200,10135100,4787800,662500,2452800,12813900,2088200,33388100,17974800,3142600,15851100,1438000
2021-07-16,93251400,6826100,6094600.0,3977600,2666100,1249700,2199200,8190600,35860700,3141400,2100700,80874000,1496200,13980000,4359800,12413400,60469700,4692500,983100,3436100,5539700,19289000,4368800,734800,41516000,1387000,6527500,13241043,1262300,8805300,1413900,7288100,14144900,5462600,12199100,3401900,1153900,2893884,8348800,738700,2758800,3419700,1252000,756000,4560900,3652400,541600,1636300,5339797,48065200,25881000,1975800,9141767,5965500,3324200,13611400,20424000,2583300,9972900,3623700,3811961,4298328,1435200,25263800,1055400,5834900,14002700,1794400,14860500,1306300,2229100,890800,4920700,13538000,2706500,1680900,3636000,5256000,11026100,299400,2959024,10172000,6763600,7638200,12595400,26186800,19132100,9088000,6278500,34421000,6603700,778800,4705000,2313600,688224000,2944090,14617500,18512300,5852500,24270400,9346300,659000,2633100,3122600,3305400,5914300,5115500,515600,586300,4023800,5024800,10465600,1032800,12381500,3651400,1741600,905800,1204700,34673177,7819900,1080800,2476700,49113000,899800,4337500,2625400,3805300,8674500,4696600,612900,3066500,11637900,2041300,27838200,18095400,2844100,27049500,1785400
2021-07-19,121434600,6762000,7215700.0,6739700,1851600,2046600,3906300,8934000,39244800,2529900,2166900,75692000,1102700,14938000,6739800,24123600,83251500,11412500,946300,5231900,6268200,33318600,5391100,1418600,85011700,1707300,4960200,19512763,1063500,13342100,2293100,8843000,19925300,5135300,17385500,5314800,1848600,2840304,14651800,1557500,5548800,2199100,1922900,1087400,3795100,6348300,477800,1872800,11379754,99949200,31431700,2853300,19842400,6054400,4381400,20942100,27968000,4394600,15725000,3752600,6479633,8977086,3704600,27007700,2106000,8219700,22172900,1332200,19527000,1718100,2305600,1357600,5214000,14567000,6814400,3774900,8572400,8164500,14372300,462800,3762975,9741800,10787800,9830600,14043000,32935600,23436900,9891800,8059500,38858000,7377100,866700,5540000,3398300,749060000,3832538,15619900,28376800,5750200,29818400,9544100,910700,2878200,4669100,5171600,9371300,10445500,552100,694300,9221300,7731300,8937300,2059700,18636600,6866700,5454200,1226600,1748400,76367393,8043800,1317300,7154600,63891300,2109700,4181300,3611300,2910700,11474600,7318700,1510500,1897500,21958500,3044300,43362200,27383100,4035200,37969100,2073300
2021-07-20,96350000,5581400,6274600.0,4678400,1448700,1675700,3070100,7417600,28089000,3035200,1502600,65114000,1065600,20727000,4243700,17027300,59462900,7850000,899800,4737000,8007700,20577900,3934300,1173200,68222400,2562800,4884100,18752845,1128500,9358200,2045400,8487000,17250200,6382500,12114600,3701200,2053900,2733595,8372400,958600,2411400,1870000,1317500,1731200,3335200,7228100,409400,1744900,6796896,70731800,20933300,1656400,15072405,9332500,4422300,13292000,26312000,2937900,14655300,4251700,29959563,14237838,2180800,19867000,2732700,9902800,15385200,1202500,16257900,1973600,2297800,1268000,2882400,15558000,3542200,3275600,6437800,7253800,11024300,339100,3328827,6723000,5664600,11627600,11522300,26259700,14855800,6562000,5804300,69304000,4629200,911300,4353000,2471200,434687000,3915924,12813900,17071000,5213500,48804100,8136300,1061700,2453100,6816200,4956500,6020400,7762900,644800,539500,7935000,5117800,5857700,1661000,11854700,4566500,3821600,922700,1660700,46026477,5312000,1145400,7189700,46461300,861600,4287300,3186700,2257000,7072300,5525400,570200,3487800,20258900,2259700,34556200,19020300,3107100,26756100,1884900
2021-07-21,74993500,4133800,5269600.0,4285300,1180300,1381000,2973500,6434100,29469900,1901900,1167000,46380000,721800,13660000,3384500,11437600,49907400,6760000,445500,3435900,7571100,23393200,3407300,1900800,76771400,1482400,3579600,14927650,1560600,9378000,1480000,15323100,14068600,6804500,11478100,3022100,1478900,3099631,6302200,922900,2078100,2071100,1149100,1756900,1799700,8755800,582300,1555600,5217823,53817500,24349400,1339000,13548149,5816400,4272600,11035200,20746000,2398800,14650800,2832600,4832537,5024984,1541700,18497200,2541000,7585200,12356700,1607600,20918200,1370200,1651500,922800,2112900,16374000,2393100,2146600,3572800,4527900,9279700,257900,2390924,5606100,5798900,7429300,14116900,24364300,15945800,8931900,5866800,119068000,5393100,632500,3771000,1832100,371017000,2018076,13108100,19629300,4905900,27530200,6954700,603500,1863500,4108000,4450100,6161900,7363200,480800,417400,5398300,4377500,5767000,1203500,12423400,3966100,2247900,985500,1397300,40798133,3499500,1113000,4700000,41859900,903400,6352800,1863700,1770900,11241400,5129700,585300,1382600,25264100,1591600,29654600,18591900,2310100,20908700,1877600
2021-07-22,77338200,6257000,4628400.0,6958000,1274800,1477900,2972400,5564000,33730100,1379800,1152200,65308000,896900,12583000,3335900,9768900,52715600,6220000,601000,2565700,4793700,16524900,1931500,3394300,40877000,915700,3659900,14273686,1024400,6765500,1339200,7868700,15729800,4675000,7694300,3317100,810600,2761570,5713700,805600,2948600,1913200,606400,944700,1150500,3059200,377700,1313100,4129311,40440100,20607000,981800,8712244,2901500,1934000,12019900,14302000,1887100,8388000,2208100,3904692,3466653,1541700,36691000,1954500,5281900,9913300,790200,13402700,914600,1703500,688400,3244100,12520000,4180300,2538300,4917600,4920600,12385400,230400,2033798,5732500,3179200,8708900,9235300,23384100,19042200,5534800,4654500,43281000,4851500,549500,4692500,2838700,323826000,2118077,13638900,12459600,3333500,18913300,6013800,426200,1448900,3949000,2807100,3862600,4791600,406900,332700,4124300,7172300,8206600,716300,11761400,4387500,1709600,822000,1039000,48904588,2884500,868400,4335700,45317100,606200,12673900,1421900,1629700,10293600,3307900,412600,1295100,16231400,1303600,23309500,13013400,2023100,13493800,1488800
2021-07-23,71447400,4411100,2811100.0,4736100,1221000,2030400,3368500,4345600,31708900,1747300,1144200,48726000,635100,13489000,6326600,9379500,48659400,5382500,528500,3217500,5204200,13443300,2302600,2226900,32632400,1105400,3107500,9123704,844000,10623800,1344500,5877300,13042500,4090800,7570800,3353900,796800,2341954,5126300,737500,1896100,2269500,836200,881200,1657000,3889300,348600,1105800,3537246,37927900,15945500,1000600,7579911,3524200,2466400,14536000,41506000,1706900,12404500,2786400,4146812,4680013,1347100,67742300,1317600,5014900,9666100,705200,12144000,1102700,2448100,795900,3358100,10317000,3720300,3996400,2074000,5975200,33694300,213400,1878557,4440400,3058400,6560800,13222800,22768100,12345200,4953500,7544100,38205000,4217700,478400,4454500,1847900,195672000,1823544,12680900,9502500,3588400,21609200,7906000,449500,1496400,2204800,2126000,6310400,4575200,628200,361200,2607600,7934200,6059900,1092900,12759200,2823600,1364500,994800,982200,40029948,4816900,1005100,4278200,43814700,1253500,5983000,1611700,2188900,6766000,3964700,408700,2887400,14894300,1104200,23946500,15947400,1774500,14088200,957800
2021-07-26,72434100,3730100,6489500.0,4954800,1345800,1389800,4389600,4638200,27668500,1518500,1174400,58002000,524900,11160000,3115900,8933200,32258000,6277500,414400,2423800,5899300,16434000,2157600,1955700,37050500,1675500,5947500,12372292,827800,8756300,1220000,3960700,10097400,4784100,10227500,3190100,865500,2276417,5641000,974100,3170100,1307000,1013900,958800,1258500,4237500,393900,1708400,6401392,43838000,22801000,1205500,10800049,4314300,2171700,9589000,30572000,1559100,8904700,2752000,2946079,4441630,1283500,32881200,1604100,4484900,8208000,655100,8681100,1398400,2678800,2720700,3422200,8782000,2285800,2638400,2309800,6054500,14925200,223800,2881403,4249600,3948200,5071800,11420600,23176100,12023900,6014000,4609300,22545000,3858800,715800,5221000,3235800,203943000,3046877,10454100,11080800,2999800,23720000,5925800,451100,1874500,3593600,2167800,6253900,4651600,488400,773700,3759800,4827500,5838300,1344200,12815500,3960800,1905400,1167000,1424300,48400144,4861200,874500,3705900,76009800,816900,4516600,2232600,2673700,4879000,3799900,842600,4010700,15330500,1582300,22976700,18517200,1540300,18387600,1120000
2021-07-27,104818600,3773100,5113100.0,5630800,1641000,1540300,3547100,6344100,69427000,2166400,1229200,82638000,680200,14715000,7922600,8784200,39121400,7782500,476100,3390300,14100200,17127700,2472000,1477800,26484800,3122600,4136700,12404195,1062400,7363600,1666500,6352500,14738700,4298000,8332100,3188500,986900,1953583,6684100,814500,2036000,2126600,1550000,939800,1515900,4977300,392400,1326600,5058416,41963200,17933500,4837200,23964901,5813000,2337600,13374900,54710000,1791800,10540600,2910300,2299293,3281302,1941900,39878000,1072200,7089300,11218700,1081200,12794400,1551300,2116500,1460600,4106100,14912000,2783800,3135200,4063400,6916800,15705400,225000,3587880,5008300,3625600,8136000,8972900,33604100,23940500,7592100,4155200,27590000,4359000,573100,7312000,2848300,248863000,3615406,8465200,12870400,4043900,32544100,7075400,517500,1631900,2889300,1932500,7575800,3946900,474700,1021300,8429700,6110900,3879400,1709200,9333500,5830100,1960700,1828600,1408200,45261337,3789300,1091500,4110400,98439900,1481500,4649900,2630600,13741500,7038300,4769100,498400,1822500,15225800,1629600,22124500,15395700,2448000,16861400,1618200
2021-07-28,118931200,5650400,4466800.0,3796100,2006300,1468100,2936800,5041900,140561000,1649100,1636000,59988000,654400,8359000,7961700,19330500,43331100,7555000,389200,3794000,8168100,20275900,3246900,961400,27108200,1912500,3110700,14126653,1124600,6167200,1362700,4100200,18835700,3281900,8546100,2358700,1250400,2423395,5926900,765300,2144700,1353700,995600,778000,1742400,3546100,390600,1890700,5365594,70653500,14851500,2732100,13757312,7097200,2844500,10549200,95130000,1668900,12236800,2376200,1818448,2660815,1672400,28478800,971400,5750700,9217300,646800,9858000,1063500,1688000,775200,2152500,12160000,3372600,4948500,3511000,9224500,29676900,803600,2558364,5425000,3196500,11037900,10054000,33566900,14348300,5177500,4390000,23905000,4093600,564400,6146000,3063200,202191000,3601061,6396800,11767700,3556800,53822400,8520000,516300,1914300,3022100,1958000,9303400,2933700,404000,1023900,5517100,11747000,5206000,1103100,7088100,5104800,1642100,1474300,1895900,42069835,3123800,1814500,2975000,48019800,1153300,2956700,2446600,6295500,9036500,4606200,1149500,1258500,14595900,986800,23252800,14071500,2087500,16855300,1363800
2021-07-29,56699500,4632200,5005500.0,3925500,1863800,1068900,1950400,5382600,164091800,1498900,1768200,110400000,422500,9162000,3186900,8667900,43039100,7087500,335200,3543600,5214500,22261700,3419700,1219900,26426800,1202800,3974400,21094163,854300,6306400,1434200,3271100,10680200,4284700,8681300,2053500,1392600,2007840,6209100,1613800,1477900,1643100,680600,708100,2445600,4442900,883700,1224800,4389802,111154800,23065900,1820800,10889854,7597500,2308000,15439000,31716000,1296600,6322700,2172400,1593516,2793761,3461600,16886600,949200,4214100,9063500,1119100,9599100,1295000,1924100,754800,2532800,29139000,3774000,2572300,2499800,7636500,33413200,497400,2535759,8281800,3210800,11583000,9016200,18168300,14529400,4141900,5209400,17360000,3605600,1015700,12698000,4246000,190781000,2434385,6201400,11718200,3055600,29015000,5430500,519100,1330200,3273900,1938400,19446900,3356200,361400,710300,4135400,6618400,4475900,964400,7420800,4512500,1793000,1833300,1217300,42129018,4318600,1000800,4198600,91183800,1037500,3081800,1597300,3150300,7495300,4526800,860400,1397000,12841900,1218200,24487400,11063100,1514900,18607800,1114800
2021-07-30,70440600,9017200,4167100.0,4688800,2305400,1403400,3601700,8556400,125632000,2284100,1762200,199312000,570600,11548000,3441900,9940100,46210100,6917500,503700,3607400,9108200,18078200,5834900,1802800,36760800,1782600,9513700,23984346,979000,8660100,2283900,3748400,13438800,5996300,12295300,3339000,1053900,2515440,6813400,1819400,2567700,2825200,945000,999300,2807100,4708500,676400,1502000,5109589,74955700,15910600,2337200,12050777,9619700,3325600,13185500,25576000,1474900,8744200,2381200,2373775,3698238,2381300,16465700,1239000,5346400,9805200,2656900,11727000,2516600,1905100,798600,2841600,16511000,2533300,2336800,3442000,6402600,15976200,405300,2284719,7104800,3642500,13004500,8320800,20944800,12528900,5488900,5480800,25371000,5364400,645200,7830000,4793900,183497000,5686423,7962800,15123300,3757300,24763300,14394300,491300,2156500,3523100,3301000,8404800,5983200,775600,632300,4443600,5712300,4084100,1219300,9241600,5192100,2194700,1572000,1050400,49652913,3668600,1412800,6600300,88969200,1940700,2521600,1864200,3741600,5804700,3587900,803200,2132900,13856900,2386000,25794000,16332300,2525000,28652800,2427500
2021-08-02,62880000,9245500,4522400.0,3646100,1507200,1466800,2309300,10230600,115581900,1849400,1219300,67078000,550500,15619000,2895700,8889100,49894000,6317500,386100,3091200,10041100,16616700,3977100,1104900,34093900,1389100,5339300,12413798,1306700,8469500,1366900,3525700,12468800,4679000,8911800,2779700,1148300,1348186,5847200,862300,3392300,2054200,1018700,803400,1970300,5653200,505700,1372200,5409757,64673700,21801100,2490400,39943542,4242800,3720500,12397500,21634000,2383200,10261800,2016400,2148843,3064257,1993200,18098100,934800,3721500,10203200,1128200,9778000,1927600,1958900,1176500,3051700,13923000,3430300,2693900,7295200,5021600,13180400,414200,1593670,5852000,5258600,9083400,9409600,16267400,14904200,7520700,3723600,20966000,5532500,396700,4505500,3531700,217444000,3196620,5579100,13880000,3425900,43066900,7009500,1355900,2059100,3327400,4061200,10823800,5211900,362200,692900,4049200,5996800,4941400,879600,12466300,3616700,2285100,1968800,1123900,43086667,5747600,1147400,4333500,100847400,2372600,2922600,1806500,2782500,9989500,4398400,517000,2809600,13833400,1246000,23960700,19958400,2316100,20873800,1580700
2021-08-03,64786600,5902700,5491000.0,3696200,1979600,1067300,2143500,5589600,157723100,2320400,1000000,83146000,520500,11135000,3642000,7326400,39680600,6742500,391600,3630600,7721500,21041500,3580500,1038500,33254000,1447400,3635700,11958403,1165800,9888200,1448100,3077900,17357400,7620300,8437300,2697300,991500,2203435,9931300,1073300,2398900,4492500,593800,682700,2193100,4718300,478900,2420900,6120431,53257700,17245400,2151100,23177543,5128400,2623900,12273500,20762000,1494600,11351700,2405900,1891763,4272596,2256200,16375900,976800,6033000,10394800,925400,8825500,1133000,5406200,872900,2335100,6844000,6328500,3300000,4502000,3766900,12406100,288800,2641007,5416500,4892500,9952400,7044800,17879000,25807600,6249400,3866300,25794000,5718100,666200,4023000,3524800,301811000,2991562,9889800,15215300,3359900,45643300,8455700,772400,1888600,3052600,3148500,6223400,6002300,512800,968200,4629200,6030500,4858100,863000,8724900,4137500,3366800,1645300,1030100,37982515,3832000,934100,3953600,64860900,5935500,3703400,2496500,2726600,9839000,4367200,556600,2060100,12573100,1656400,24050300,18915300,1812800,18208200,2915500
2021-08-04,56368300,4602000,4631400.0,3513400,1448300,1306800,3502600,5434600,225368700,6952800,1315100,43678000,595800,12123000,3544400,9756300,42289800,9790000,390700,3024600,8099900,14416300,2948700,1291800,33239400,1754700,4194400,10144609,2170000,7629600,1280500,4121600,11662400,14338400,10389800,2835300,825500,1788218,5665800,828400,2261800,2897400,721900,785100,1928500,4964400,331500,1571900,5471305,81502700,11763600,1978800,22702917,6846300,4681100,67667200,19676000,1460500,15275900,1783700,2465764,2960285,1459000,17612700,1285200,4793100,10155000,1161900,11888400,1476700,3892400,1608100,3162200,11120000,3203200,2240600,6037800,8212200,14180600,321500,2460172,7383300,6118000,10893400,7137500,16191300,29176900,8050200,4036600,20394000,4646200,641800,3848500,2499900,231309000,3057610,7509900,20780200,4846300,43391200,6628000,830900,1854300,2591700,4259700,5556400,7719100,1042300,542500,5286000,6675500,4619300,920900,14324200,4537700,3112900,2280700,1375900,38980149,6909000,854600,4615200,51007800,2136400,3793600,1995400,2341700,8171800,6121200,924100,2612200,16446100,1892000,22178000,15301500,2686400,20868300,1824800
2021-08-05,46397700,5132400,4737500.0,3258100,1952400,1158200,2972700,4282200,137860900,3294100,1307700,48670000,1039100,8372000,2535400,8362600,34754500,10960000,349400,3584900,6471000,14361600,2685800,1121700,32938000,7961700,4135100,9307975,1314200,6573100,1742600,5235200,10785200,11322500,7986100,2519800,794400,1586870,8864200,1107600,2843600,5516100,646900,1695000,2086300,6534100,334800,1280700,5778063,60524400,10531000,2089700,13050690,5532300,2899500,28571400,17870000,1583800,8275900,2284000,1556699,2884240,1600200,15310000,1672200,4291000,9151500,730400,9806800,1586500,2262400,912600,2335500,5961000,2562400,2230500,3313400,5693000,10247200,231900,1883939,3720600,7163100,8701600,5675000,13900200,14821000,6283700,3376000,25567000,3824000,351300,2380500,5150600,211435000,2745120,8231300,12976200,3733500,23505400,5363300,1172300,1662100,1945100,2182900,7169200,6755800,1628400,778100,3604600,4281900,4814400,956700,10146900,3792300,3351300,1391100,1269000,27837762,4340400,781100,4369100,38758800,2643200,2769500,3598600,2045200,5337500,3312000,922800,1975500,12776600,1246600,28092600,27005400,2025700,15180200,2149200
2021-08-06,54126800,5340400,4043500.0,3550300,1392600,1127700,2106900,3843300,143899000,2363800,1459900,52752000,809500,9964000,2828700,6061900,58022300,11447500,472000,4831900,5607500,23915400,2677100,1171300,30680700,3906100,2877400,11298570,1629300,5038900,1789800,4045400,18386100,7020900,6475600,2974700,665400,1874059,5505200,758900,2617800,2401300,635400,765600,1708000,4560900,525200,1060000,4871670,44450600,13856000,1701800,17637083,3857900,3114100,14970100,20488000,3655800,7102600,2656600,1408371,4002833,1505700,19256000,1488900,4581100,13328800,908400,10409300,858900,2155200,704500,2855000,6065000,2038500,1558600,3035600,6275200,8925000,210300,1334975,4621800,6352500,8670700,9317900,16589300,14612600,4634300,8796000,19198000,4088700,361100,3546000,2668300,178497000,2083298,6513900,12862500,3430900,20413000,6030100,1413400,3207800,2515800,1807900,5733300,4235400,1135100,549600,3020200,6832600,9361700,709500,6061000,3327000,2285400,1140100,1124300,30562686,3456900,765800,5236700,46869000,2279900,2414300,1944000,2340100,4509700,2851000,671300,1542200,12660300,2090900,33583900,19263600,2077300,14888500,1282600
2021-08-09,48908700,5277900,5541900.0,4271200,1225100,1118900,1823400,4026600,115749900,2250300,1093300,42964000,2273400,5952000,2560200,8358600,56340100,6850000,347000,3676500,5918500,15619800,2747200,874700,29949200,2352700,2563700,12931186,767200,5410600,1472500,3312200,8707200,4570300,9243100,3031400,923300,1737571,5339000,1477100,2435800,1722800,755800,743900,1314500,3909300,422100,1181200,3673100,38760400,9479600,1847600,12768033,5160100,1958600,16080000,17760000,3319100,7579400,1995300,1453358,5129689,1412900,14670100,1086000,3950200,9516900,748600,8859900,910300,3238500,945100,2296200,7831000,2400800,2093100,2915000,4784200,7798900,214500,1427187,4044500,5451600,7867000,8297700,16117600,13363300,5621600,5862100,13678000,3612800,356500,4004500,4780400,146443000,2352857,5798700,12029100,2636600,32374300,4743800,1111000,1055600,2029900,2220700,4966600,3299800,962300,609300,3265600,4557900,6079800,862000,7758700,2906600,1652300,1238500,1316700,33359504,3190100,861700,4645800,44145900,1145400,2395900,1509800,2150100,5226900,2736300,907200,2314400,13452400,1687100,29795200,15811800,1415100,17828200,1238000
2021-08-10,69023100,5120800,5149800.0,4356900,918900,1540100,2468800,6403900,113012300,2860200,1293200,48252000,1301100,9319000,3389500,9603500,44987300,6937500,382600,3134100,14862700,17920100,4193600,1090900,34886200,2370300,2740600,8780663,975000,6781800,1893700,4430600,10441900,5908400,9762600,3931900,1184000,1752686,5185000,895500,2022100,2210400,591500,744100,2247000,16155800,487900,2058300,4927890,32120800,17807400,2144700,12930790,5928200,2677300,14479100,19414000,3152300,6891200,1868100,2534517,5543695,1776400,16215700,1800900,3678300,8667000,1476800,10906900,1448400,2060200,842100,2548300,16249000,3225000,2027500,3420800,5599400,7469900,480600,1911686,4770300,6051300,11243100,8490500,18616600,40705000,4506800,7730700,19605000,3747100,642600,4147500,8317800,179238000,2224373,5473300,13269600,2670200,81189400,5253500,1528600,2259300,2147000,2823800,4197100,3798200,651200,531300,2909100,9839700,5784800,622900,9416000,3484600,1688300,879600,2318900,29472770,7078200,903200,2608300,40296900,1113500,3497100,1441800,1668000,7185700,3721100,1122200,2891700,11756900,3813100,28708100,38262000,1579100,16340200,1476900
2021-08-11,48493500,6840400,6717700.0,3683100,1841600,1328300,3565800,9630600,91788300,2104900,871500,58944000,978600,9816000,3843400,9664000,58458200,5622500,349200,3475100,7582800,18676100,7794100,910800,29487300,1314900,4239100,9442630,800600,6071800,2267500,3999200,12604500,7758200,7079800,3919100,1651500,2395534,5359900,752800,2510400,1841300,798900,1741000,2185200,7844900,596200,1476100,5103000,42795600,16883100,2017800,13330458,9529700,2435700,15814600,15352000,3000500,5926900,3258600,2226509,4455960,1600500,18590800,1326300,4221300,9156500,832300,8370700,1803100,2813300,900100,3367300,17557000,3267700,1969100,2056200,8304200,8400300,508900,2652010,4651900,4856600,6952200,8793200,13955900,31624900,9419300,6053400,16739000,4078300,331200,4541000,9300900,185925000,2378347,8009800,15265600,3058000,50878200,4205000,2338300,2527300,2915200,2021300,6216000,4295800,630400,985500,3724800,6472300,6280700,1151500,7649400,3452600,1415800,1035700,1579300,27142927,4264900,898900,2417800,29401800,1068600,2339300,1542600,2131100,7375700,4869400,1185200,4204300,11727300,1975000,29203900,41455800,1728900,18278600,1083900
2021-08-12,72282600,4863600,8794100.0,3023600,910900,1163100,1789100,12962600,60578700,1798600,874400,46282000,862600,8702000,3372800,6810000,37400100,5157500,299100,3170300,5013700,14181400,4444500,652300,29141100,1920800,3595500,9938998,1123500,4729200,1230700,4467400,11209700,6540500,7377600,2914700,1314000,2182793,11081300,868100,2227000,1871500,570200,1504400,1920400,3905000,454300,1711900,5343162,38547900,11489500,1211200,10270509,5907000,2047500,10760900,16506000,2312800,6859100,2554200,2034149,2184780,1733200,15070100,1577100,4300400,8844200,1356600,6169200,784500,2100900,1005400,2753600,25136000,3802900,1490800,6965200,5403500,7170700,213600,1473233,4058000,4948000,6077100,6302100,14561300,72492400,6762800,4130700,16857000,3997100,570400,4331500,5215000,151652000,1806619,5687200,9245400,1958700,29676400,4956100,1644400,1422000,2899800,1790000,5777700,2603400,577600,453900,2816500,4358300,3425600,1325300,7432700,5412400,1832800,923100,1096000,25167519,4273300,603200,2223900,52377300,1116400,3949600,1939900,2457900,9867000,1903300,524700,3580200,10744800,1262900,21729900,18269100,2272000,19225500,831200
2021-08-13,59375000,4416400,16789100.0,3476600,970300,932800,4169800,8812400,100135700,1797300,808000,41134000,604800,8582000,4157700,6390300,41344900,5702500,292700,3115200,3137400,13362800,2049400,778900,21235800,1161300,3521600,8048061,545500,7399800,1309300,5986400,10841700,3659700,6572600,2552900,814300,1549195,32504600,477200,2010900,1572600,577800,1144000,1183600,2509200,315700,1717300,3082297,45118500,12872600,1946200,9020462,4361800,2206200,11849200,15948000,1980000,6133600,2217000,1490387,1997965,1356500,15281100,1465200,5882100,8980900,596500,7714200,816500,1482300,1222200,2400900,17663000,2304600,1699700,2324200,6595400,7195700,210200,2285197,4956500,3639800,6810400,8312200,18249000,25301400,3999500,4673000,21777000,2966200,372100,3194000,4748700,183063000,2983822,6640400,12000900,2113800,35379200,4888800,1191500,1557600,2215000,2214700,5764000,2968900,821200,317800,3051300,4361700,3552100,911100,7430800,3635200,1441200,1021900,767900,29052135,5389000,608300,2618200,50194500,926100,1923700,1537800,2432200,5445400,1944000,384900,3231900,8384600,2437600,15843300,15981300,1569400,20063000,934500
2021-08-16,103296000,8180500,7715200.0,4601900,1781000,1105500,1930200,10412000,73325400,2434500,1066600,66394000,1334400,9188000,3845400,7622000,38599100,10360000,320600,3562300,5261700,15532800,3132500,1216400,25770200,1359800,6098900,13040127,727400,7464600,1515600,4047500,14407400,4502400,9476600,3083100,910400,1828488,8746700,1011200,3286700,1789100,744900,826500,1339400,3657800,300600,1181700,8814234,38664300,13430700,2757900,11101144,8874400,2468400,17019000,22384000,1590700,6993700,3496300,1903965,2913319,1505600,17690300,1147800,4782800,8755800,1073600,7972000,1262500,2623200,1625700,3485800,12692000,2937300,2175300,2997000,6865400,11222100,305100,1921972,7685700,5633000,9368400,6540300,22507600,18135900,8579700,3974200,20328000,3530200,679900,4064500,4085200,210876000,2991355,7122800,16354900,3224000,38045800,6040800,1845900,2972200,3047600,4751400,4410800,2678600,869900,318100,3895900,5976000,3796400,853700,9864300,5504500,1797800,1085200,1001100,27148223,4055600,1141400,7114200,68032200,816000,2506100,2377500,3091700,7575900,2993300,435900,3548900,12964200,1576700,22615500,47791500,2358000,16959500,1040200
2021-08-17,92229700,6551700,7855100.0,4609700,1531700,1346300,2079600,8208400,74053900,2666500,922500,67758000,933800,16499000,7631600,13124000,43526900,7060000,381700,3626300,8536400,14623000,4022800,1100500,26331800,1539000,3356600,13776677,925400,6497900,1936700,3472600,11987500,6132600,10937500,2245100,1206300,1983362,8534500,815000,2151900,2340800,717800,990800,2006500,4609300,295400,1181200,6716001,74625300,23492800,2939900,13125487,9000100,2880200,28477800,21716000,2077400,6375200,9322800,2842525,3215195,1673700,22014900,1512300,6041900,9347200,1255600,10346400,1408500,2096100,1571000,8256400,12701000,2812800,1652000,4056200,5525600,12328700,225800,2736328,5921100,5789000,10311600,6492900,20075300,17545800,5257000,4816300,23098000,3602900,924700,3549000,4321300,204585000,2491248,6738500,15987800,3736300,68817000,7577000,1290100,2541600,3911400,3161400,7256800,2845200,1183900,608800,3999200,4719800,5487200,869900,10539800,5004300,2164200,950000,842200,26361502,8008300,830300,4718500,71163900,1311500,3411800,2258000,2957700,6850500,3256700,929000,2082200,11847600,1469300,16887000,50950200,2026200,16243700,1080500
2021-08-18,86326000,5586900,5190100.0,3585200,1636800,1386500,3398300,6768800,79387900,2988100,1146200,56086000,1184100,15616000,3563700,9000900,50342500,7517500,384000,3880500,10536400,13970600,2947700,1250800,31060700,3367700,3654100,13352438,6047100,6647700,2030100,8306700,17111700,4501600,12893600,2903900,1374500,3748908,7063500,1273700,2834100,2091100,838600,707100,1336500,5504100,269400,1323200,7270211,50966700,18157900,2136600,10427487,8135300,3578300,15271400,19258000,2187800,7223300,4880600,2711173,3672192,2444800,15061700,1252200,7134100,8065500,1117900,13873700,1278800,2527400,961000,16992700,8827000,2774500,2215500,2989400,4412300,10042400,271300,2530856,5359300,4414000,7459100,7839800,21813000,14004300,9511700,8108900,25820000,5487400,411700,3709000,2816700,285913000,2441093,7666300,15233200,3419200,88598000,7162000,985500,2719300,2559700,3895000,6546500,3814100,1642600,404900,4256200,4520500,5828500,850300,9697100,3545700,1489400,1694700,2065800,36599729,14316300,913100,4480000,61048200,1164100,2862500,3037000,2605800,4996500,3082600,423000,1120200,15093500,1882200,16319300,28211700,2562400,21890500,1089300
2021-08-19,86960300,6145200,4732400.0,4283800,1294200,1693700,2702800,9020200,71117500,2669000,1203200,75658000,1131000,14044000,4256400,11404400,51883900,8670000,427500,3393100,4606900,21047300,4788100,1055600,27943900,2649900,3527800,11160927,1443200,11306400,1953700,6600800,39881600,5192200,17423400,4125700,2281000,3639379,8478600,1136400,2464600,1888400,725800,761600,2820000,5467600,451800,1384500,5555145,69038800,32408600,3101100,17344153,5209500,2620400,23387300,21782000,2241500,12278900,2974700,2063751,4351465,2061300,22999400,1460100,5615000,9517700,729900,9223700,1402500,1901000,1345700,5378300,11057000,2727900,1455400,3787600,5700100,12004500,174000,2766109,4747800,8185600,8865400,10644700,29850500,18022600,6968000,5592900,74973000,7336300,468100,3840000,3438200,766555000,3700649,8099400,26408100,4745600,57741600,5787200,744700,1473800,2996900,4008600,8661000,5516500,1284600,593000,5707000,5317100,3303600,707500,18962600,4005800,1979000,1585000,963900,49881700,11723200,834900,3799000,42940500,767300,3871700,3204500,2858800,5761300,5267900,358900,1140900,12679900,1999900,20259400,22630500,3657600,30923500,1126200
2021-08-20,60549600,4112500,2996200.0,5485800,1726800,1434000,2681000,13707600,55227600,2811600,1712800,67168000,1624100,10007000,3075000,9335700,40415000,8750000,384700,2846100,5214800,14028800,2765500,1558000,22632800,1817900,3026100,12311259,1006500,7068200,1911200,5510700,21876500,3992700,9707600,3742900,3498300,3717550,6239600,1007500,2569100,2329900,560400,529500,1389600,3554000,339200,1025200,9351480,53615600,21881100,2404600,10203095,5646500,3151700,16898400,31194000,1612100,6870500,2929900,2207941,2780059,1982400,25728300,1841700,5428700,6974100,794300,10543600,1165200,1536800,904300,4915700,16962000,4135900,1989700,5313600,4215500,8697700,197400,2867290,3892800,5964000,6284200,6496900,40817600,14603100,7589700,4164900,37764000,4039100,496000,5017500,2871800,675741000,4906438,8716400,18519000,3484100,35157500,5273800,625700,2488600,2114600,4518600,6141000,3815200,1303900,272800,4502400,3486300,3259100,860200,12082300,4319000,1701600,1622000,1148500,36754240,7835600,951400,3274000,44525700,1040400,3855300,2401900,2222800,5522200,4871000,445900,974700,10645100,1853000,15357400,19400400,3409800,16918300,1194000
2021-08-23,60131800,4748300,4727400.0,3906700,2017900,1652400,3053700,7710700,68835300,1932600,1071400,65362000,1643100,15707000,2006300,10392100,35364500,12330000,351300,2956500,10137900,13079500,2827400,1336000,23992000,1201500,3163400,13251927,1144700,8022200,1835900,7603900,16225400,3708400,10277800,4145300,1946800,3091510,7395900,1215400,2712700,1895900,645600,652800,1786000,4195000,392300,1398300,5167632,64573600,16189600,2041400,9642436,5356200,2275900,30149200,28454000,1857600,8109900,2792700,2274041,3179422,1504200,23976300,1510800,6461700,7934600,1274700,8912800,988600,2438800,827800,4195200,13697000,3537900,2086900,4887200,4777800,10942000,240400,2361263,5043200,4499600,6492600,5430700,22830200,22265000,8837100,5288800,26020000,3796500,474400,7883000,2594100,575807000,3253277,7147300,17577600,3102100,88652400,4522200,828300,1583500,2782500,3549900,6936900,4642100,992900,409700,3367700,4235100,3989700,686800,8298000,4798200,2111900,874000,1532100,37017584,9979400,1275100,3186700,60794700,782400,3529000,2375900,2248700,6342000,4826300,383700,1125800,11963700,1071400,15551900,16166100,2809400,21632600,1081600
2021-08-24,48606400,3831500,22096800.0,3945700,1451300,866400,1690300,6356600,51239300,1790400,978000,51036000,954500,9429000,2377600,8942600,35579300,11490000,288500,3185000,7916700,12669300,2485900,1353900,32814300,1690600,2923000,10257605,807100,6245500,1541700,6685200,17658300,3269900,8924900,2860800,1638700,1980994,5886900,949400,3730600,1501900,411200,582800,1542200,3638900,349800,1524400,4648752,53672500,15470700,2111700,11007246,4177200,3016800,21394700,19268000,1958400,9608500,2359500,1342589,2474418,989900,20348800,1421700,5734800,7670900,621500,12067200,689100,3736000,822600,4110400,9510000,3032000,1687700,2292200,5829800,9235100,189300,1665310,4557600,4597400,8698100,5339700,18175800,18092700,5786100,3143800,21095000,3133100,318800,5080500,2479900,297299000,3022212,6320100,15360000,3760800,52624100,4560400,1008000,1986600,2627700,3351900,7066800,5131000,731500,335400,4751800,3447300,5296300,555900,8183200,5062700,1851600,854200,1639900,38782343,7444800,876100,2367100,39249300,677600,3268200,1619300,1667500,5081800,3833700,408100,880100,15478400,1312000,15109100,18828900,2463200,17915600,978700
2021-08-25,58991300,5241100,7267700.0,4379000,1613600,1047900,2754900,6735100,45485500,2173200,973400,33606000,1305200,10017000,3579900,6528900,51219900,8500000,329900,2973300,4271400,17766600,2599800,1404300,30576000,1740000,3636600,8276719,1051700,6125200,1520600,9701000,18069600,3158500,9342300,2622100,1657500,1514678,4842100,1244800,2357900,1638200,486200,737600,1777100,2362900,317200,994700,6828020,51195500,9923500,2116200,12627427,4988900,2539200,14406600,15848000,1845300,6311700,2586900,1914256,2105389,1037000,15048400,1324200,5700300,11335000,839200,11270700,801400,2388500,953500,2628800,9010000,2340400,1668000,5766600,5669400,9684500,247900,1928670,4299100,5268500,7045800,5612100,20006100,36552100,5930000,3942800,20656000,3003800,416600,4547500,3463000,347701000,2423755,5748500,10024500,3346700,51036800,3861500,845000,2242200,2213600,2229500,5721600,3812200,643500,315000,3195200,3881500,4754900,920900,6545200,3037100,1746600,572800,921200,29708309,5365200,963200,3633400,37936800,893400,3163600,1939000,1593900,5277100,3064500,571300,1192700,14666300,1544500,21357400,21921300,2212300,13270300,780700
2021-08-26,48597200,5035400,7243000.0,3991900,1702300,1619200,1626900,3958700,51442500,2844500,960900,41976000,774500,10836000,3164700,8341400,41184500,7315000,272300,3340300,4011300,14135600,2513900,1790300,28762800,2072200,2317300,8662546,633100,5209000,1418600,18987000,13729400,3914400,8124800,2170100,1490400,1450834,4563000,791100,2495800,1016300,560500,681500,1242600,3247400,516000,1201000,3746004,57559800,11336100,1312100,13107992,6566900,4820200,16599200,20610000,2076500,4930500,2952300,1382589,2613640,1509100,19570000,1405200,5031600,11027500,495500,10331500,880100,1732900,1172400,3250400,8624000,3946300,2008000,5169200,4632800,7888700,169400,1742931,5103300,4982600,6640400,6882800,17666100,20315100,5294000,3152800,15955000,4069600,739600,5481500,2291800,237940000,1988767,9093200,11491000,3220700,29029300,4749400,741600,2526400,1723800,2518500,6825100,3310400,473300,359700,2596000,5188200,3237400,673000,6150300,3378600,1268800,543500,1016600,49257302,6277300,766000,4204800,39642900,916300,3643700,1385400,1969700,5889100,2726000,348200,1134700,15256200,1426000,21627600,23466900,1637700,11842600,957600
2021-08-27,55802400,4279900,4818800.0,4094300,1126200,1142300,1840100,8413900,61030000,2660900,882400,48048000,551400,16459000,3002300,7684900,46468600,6012500,454600,3484400,4027500,13669400,2511400,1437600,36693800,1533100,2294200,14009283,1022700,6549100,1310200,7992500,14795200,3903100,10281200,3143600,1115600,1484786,8697000,904600,1724400,1144000,585600,707800,2003600,3440800,384300,1138000,5314561,57587300,18805800,1551700,12473178,5493100,2878100,14874300,28780000,2174500,6450700,2985400,1765080,2572637,1598500,16525000,1374600,7046100,8780200,692600,8844100,1268900,1839700,1203900,3128100,14981000,3698300,1784000,4060600,5779300,11219100,206100,2567214,5911500,6556000,6010000,5900600,22605700,14994200,5974200,5029900,32526000,3012400,553700,4106000,2430100,304722000,2729950,5426800,17295300,4166500,32924500,4741200,783000,1646100,2994400,2349900,6274500,3203900,424600,333300,3590400,4204700,4690800,682200,7534300,3579600,1691700,838400,953100,42686157,5087100,846100,3351800,41501400,1524900,2859800,1621600,1947800,6369000,3200300,507100,1290000,13213800,2041900,16873300,23088600,3288500,15822500,855300
2021-08-30,90956700,3260900,3968700.0,3151800,973800,1341500,2222000,4617700,56130500,1881800,1632600,63844000,563000,19614000,2582100,7587800,44855600,6122500,284000,3505200,3659900,12687400,1922100,1429500,27629300,1545900,1960800,12798772,833800,4838600,1219800,5730000,11798600,5480000,8127200,2147100,1378500,1930346,6421300,1133300,1947800,2011300,618400,599700,1707000,4614000,322600,969400,4157911,42720100,13357900,1761600,11469513,4494100,2605300,13709000,24434000,2089400,5833000,2926900,1398716,2087293,1374400,14581300,889800,3252700,7937600,516000,10034700,747500,1300700,986000,3986100,9763000,4032100,2245600,2886400,4185500,13547300,157700,1511624,5703900,6138900,7339700,6459700,16348100,12810700,6001700,4860200,24348000,3537100,541100,3987500,3042500,262580000,3616025,5357000,10804400,2540300,25774400,3845800,555700,1491800,2371300,1790300,5263600,2942400,865300,402000,2936800,3078200,9734600,615100,6887200,3221100,1428200,908800,905000,40268666,4496600,873300,3628600,55812600,1106200,2356500,1284200,1507700,6448000,2653300,718400,1119600,11621200,1565900,16054100,16440600,1642600,14086100,667800
2021-08-31,86453100,6021800,7404000.0,6190300,1641300,1877800,1933400,5586000,49339000,2904700,2327100,87128000,876900,17378000,3536300,6764500,54654600,9710000,595000,6497800,6770000,17285900,2857900,2023300,28512600,2792000,3786900,17838853,1328700,10500500,1699000,5901500,19873900,8277300,15676900,4361300,1589800,2718706,8620000,1272700,3069300,3467600,1175100,1854100,3392000,4744100,508100,1863700,8694503,42212700,16216100,1637600,17641256,7564600,6098400,14293100,22448000,1958100,8305000,4183100,2075634,4429915,2399700,22350100,1377000,7106800,12340800,1003200,14185700,1492900,2733400,1083900,4877800,10715000,6780400,2938100,4377800,7390000,12345400,229300,3365424,7935100,6464100,10949500,7215100,26285300,14807400,6844000,5854500,24319000,7545600,782300,6233000,3543700,259850000,3799308,8113300,17367700,5291200,34547800,9642400,1452200,2890900,3876900,3333500,7820500,2923600,829500,608100,3969600,6995500,7450300,963100,9872700,4581500,2326600,994400,1332900,52696392,5829800,1287100,4458900,62566200,1257500,4227500,4249100,2782000,9405100,6113200,768600,1889700,18405600,3051300,73514300,25078500,2696100,27104100,1480600
2021-09-01,80313700,50943200,4324700.0,3484200,1621100,1261200,2532400,6260300,38579600,2699000,1658400,72598000,543400,12586000,2569000,7157400,52361900,8117500,324200,3323200,5408500,15114800,4122900,1345300,31875000,1598000,2658000,16047787,1490100,9319800,1325400,7189000,11629700,6689100,10557300,3128800,1895400,2467500,7302800,1169100,2499500,1570100,620200,1665400,2963800,3737900,477500,1548800,5718758,58875700,16478200,1760600,12789542,5970700,2444700,10982100,21936000,1680400,5499900,3339100,2635842,2588327,1398900,18615000,1046400,5327400,8729900,668100,9518900,1050700,2956800,1116000,2835000,7046000,4499600,2197100,3887600,4335900,11567200,143400,2302778,6847200,6489000,9187200,5762400,18983800,14007100,5862300,5506300,56262000,4706500,508300,4683500,3168100,201767000,5329558,8208000,14779500,4231400,32900100,6214200,751800,3575500,3051500,3334500,6451400,3513900,822100,417100,4109000,4402700,4606200,681900,9724400,3574900,1706100,961300,695900,37546257,4103200,1062900,2754800,39612900,878700,4536600,2034400,2381100,8177600,5186900,486300,1450700,12647300,2581000,84960500,19056600,1804500,21644100,1030700
2021-09-02,71115500,14719200,3301000.0,3402700,1600500,1402400,1512000,5142200,40090500,1817800,1795800,58474000,453000,16991000,4350600,8899500,44538900,5795000,349400,3969800,7294900,13533400,2921600,1454200,36546600,2520100,2549700,10908688,1571800,6696600,1455000,4498300,12855700,5223300,12340100,2073300,1333700,2564508,6492600,1109300,2792500,2240600,723600,1306500,1723300,3541100,616700,1529500,7090054,49053200,10981300,1311300,13633178,6774200,2579400,13349300,32342000,1830400,6887000,3109000,1691765,2840413,1376800,15869500,1211400,4544300,8813300,470600,11653200,893000,1469700,2071500,2655800,8571000,7412000,2140200,3659400,4346200,14832900,272900,2505022,8742400,5402400,6559400,5708400,16285600,14803300,5214000,5015900,61799000,4632100,665600,6770000,2035600,187834000,2742024,7717400,21133400,2862500,26106300,5392500,811700,2758800,4366400,2336500,6006700,4047300,689300,454300,3471600,3801900,3213200,824600,9514100,3544200,1859700,844500,859400,80611740,3813400,1137200,3807900,38331900,730500,2061400,3137400,2021200,19708800,3503400,1456200,1240100,12875900,2130200,37629000,20018100,1489400,23293300,1116500
2021-09-03,57808700,5364800,4456400.0,2463300,1566100,1640300,1407500,4836000,42605800,1664100,1645300,51514000,821400,25191000,4206500,6393500,41812400,4912500,418700,4495100,8243800,13683300,2512000,1320700,44194500,1642700,3030200,8621787,1061600,7954200,1302400,7356700,9732200,4936900,9097000,2134300,1902000,1504526,6847400,1296200,3043700,1192700,980200,636600,2008600,2450200,516500,1255400,4956491,41616700,12687100,1524800,12225833,4174400,2270900,9932500,19850000,1373600,4740500,2774800,1721366,2009575,1874700,13456200,1013100,4096900,7959700,481800,13220400,1150800,1124500,893200,2260900,10294000,5171000,1339300,2077400,5360700,7509600,248700,1751542,4172300,5010200,6629800,7195400,14747900,9222500,4621100,8075800,26812000,4254500,379400,5729500,1879800,280532000,5519755,8456900,13454900,2035100,20817200,5466400,770400,2520000,2961300,1606200,5505800,5111200,564600,489300,3300100,2921300,3348900,786800,6174700,2891300,1595800,997400,648300,35800298,5397900,825500,2448500,45738300,559500,2103400,1604800,1491800,11532000,2091900,1062700,985400,11006200,2245700,21687500,17211900,1698000,13840000,1003500
2021-09-07,82278300,12694200,11008800.0,2765500,1380700,1382300,1967800,5550400,28815200,3281800,1535200,54758000,666400,12398000,3779000,13196100,43748600,5972500,357500,4863900,3609900,14663600,2641100,1472100,33580100,1841200,3246400,17049593,1076800,6632600,1463400,4672500,15503600,4626200,9237800,3647500,3627000,2177604,10702900,1343800,4472500,1495700,1032800,795000,1722900,2274100,447700,1748800,6870080,64008900,10296400,1634500,17639170,6775400,3925200,12309900,20124000,1557000,6024700,2555200,3418966,3436110,2929300,13915000,988800,6859900,9285600,570300,20035300,1382700,2403700,2033500,2591900,23316000,4764300,1820000,2510200,7789700,10793800,278300,7035231,7558700,4952400,13979500,6792100,17180400,12028400,6791300,6074700,58214000,5648800,869100,7579000,2918100,198107000,3147084,11046000,11330500,4609900,26236900,6520600,1225200,2737500,6390600,2108700,6361200,4218700,717500,649300,5701400,4264900,4129000,938600,8178400,6416900,1788300,964200,930800,34935329,7085000,1241900,4403800,60119400,795300,2295900,1920300,2266200,9662600,3021900,803500,1714000,15500900,2076100,19733500,25345200,2292400,14354400,977200
2021-09-08,74420200,10823200,5866500.0,3121200,1392800,1367700,3047800,7440600,43067900,2140400,1512700,61068000,864200,13987000,3056700,8877600,36064400,6617500,258500,4646800,5470400,14861800,2603100,1534700,24700600,1738500,3863900,17872677,1122500,5228900,1372000,3851500,13124500,3553200,10775900,3233300,2427100,2043710,8634000,1400300,3616300,2200400,1159200,911600,2060900,2927300,331700,1601900,7435787,57980900,18265700,1963200,19263203,4510000,9179900,11136300,18344000,1646200,6859800,2219500,2576745,3122728,2516500,18235100,1048200,4661700,7852700,774800,12040100,1521800,1542400,1215300,3344800,17215000,5054500,2718400,2370800,7162800,11067200,279400,4374131,7131800,7420200,8243000,5601000,15046800,17375500,6230100,4713200,54245000,6591700,560100,5565000,2310800,254434000,2803325,8851200,12672600,3199100,15839600,6897800,1043700,2030700,6060200,2498400,5981300,2430600,463100,604700,3911400,5548400,2955000,1688300,13279700,4759600,1695600,1010800,691100,37976292,7124900,945100,6635700,56379000,605600,2021600,2262500,2455300,10652600,3396800,549900,940300,11835900,1443400,21252400,19508400,2069700,18756700,832600
2021-09-09,57305700,10337100,5935800.0,4546900,1668200,1110200,1474000,6808600,31857900,3273600,1243100,54384000,752700,13174000,3295800,9242800,36266400,5592500,478300,3683700,4944400,14212900,2777900,1516400,27193100,1544900,3956900,11086664,1360300,6285800,1398700,4126500,14958800,4076300,10219400,4458400,1725300,1672824,7190700,5111700,2317700,2624700,928600,792100,4196200,3286600,533000,1215800,6785119,68806400,12518800,2132800,15066205,7013600,5723500,13739500,15314000,2424600,7402800,3011900,2056112,3669682,2099700,13495800,1164000,7114600,7904300,1200100,12545400,1211200,4976600,1098900,2566100,15391000,3716200,2992200,3061000,4909300,9098900,205200,3634046,7100300,5004800,14628700,6145700,19927000,14638100,4108300,3900100,29542000,8414800,1259200,4011500,1712300,196856000,4775786,11034700,12905300,3560400,21695300,6354700,741700,2566600,4824600,3575700,6190800,2797600,1047700,591800,4521200,4711200,4549200,1708800,10975000,4789800,1598800,1079000,686300,39806590,7613100,1122600,8684000,42233100,833700,1827900,3508500,3636700,5853000,2827900,535500,1449900,19403300,2941700,19776900,22328700,2791300,19110800,1109600
2021-09-10,140893200,7620100,3985300.0,4127400,1725200,1204200,2067900,9054700,32602300,2217800,1488700,47946000,1000300,16110000,2943700,6959700,40514700,6055000,332200,4552300,5105700,15422800,2551200,2294500,25471400,4442500,3360100,10895350,1502700,5055200,1324800,5280900,13622100,6454400,11006000,3323100,1235500,2756606,5572200,2428000,2391700,3664200,847100,1903000,2428000,2768900,475200,1654900,8207729,48792500,22605900,1717500,15350467,5089700,3640700,22774700,36840000,1956000,5719500,3178600,2501732,4157955,1893800,20324700,3431100,6699300,8311600,1241300,10573700,971100,4633500,1222600,2505600,15575000,3437700,2035200,3836400,5596600,11549600,232000,2668874,6129800,4866400,11084500,5958600,19633400,18240600,5508000,4307300,39508000,4252100,669300,3771500,2288300,248376000,5009225,10547400,10690200,3851500,20801500,5750000,799700,1963500,3944000,2477500,6263300,3082700,747100,603000,3893400,6517900,4099900,1200200,7712200,3818800,1879800,972100,1032600,38245594,6709400,1054700,6570000,45552600,2895700,3331700,4215800,3094100,6715400,3212100,667700,1375500,15944100,2231800,23367400,15775200,2307700,15123700,1151400
2021-09-13,102404300,7398900,7520900.0,5811000,1854200,2242500,2408200,8507600,37767800,2553400,1270100,51380000,1258900,14927000,3192500,10175900,42036300,5807500,422800,4601900,5816100,16337300,2699100,1812500,36359500,2524800,3371400,14956993,1597600,8456500,1679500,5258200,13553200,4495200,11500900,3133300,1832900,2292434,6818200,1617900,2801100,2131400,1015900,1287500,3633700,5099500,435900,2685200,9061827,62270800,13867400,1848000,20038302,11048100,6841400,18506500,22094000,1802800,7631600,3908700,2940455,4334729,2654700,22639200,1906500,6273500,10052800,974200,20274300,1354000,2832800,1489200,3159000,13132000,3234200,2294800,3697400,7723100,13026300,297500,6035614,11223000,5885400,11245200,6112200,23652900,15796700,6498800,4647300,30629000,8814500,647800,6311000,3494000,297500000,5332344,18883400,22818800,3367200,37086200,9952500,907800,1713800,3780700,3545100,4312800,4024300,798000,445100,4768000,4381100,3180200,1190200,9877900,3243700,1843600,1365600,1401400,51168760,5820200,1372500,6763200,68857500,1144800,3687200,3068200,2136200,6808100,4432800,863200,972700,20749000,2403800,28027200,19529400,2438300,22052300,1407900
2021-09-14,109296300,6102700,4655500.0,4197400,1758800,2150200,1884000,8073200,40629500,1999300,1109700,38738000,775600,14134000,4281500,9947000,53820400,4300000,574200,5283200,4638100,26568900,3757600,1608200,24577500,2297000,2950600,58417503,1170000,7880700,1383900,4097500,12810300,3882400,15294100,3191800,1410800,2130115,6185900,1077300,3421700,1318400,910400,1025500,3967300,4747900,609100,2784900,8252452,47640800,14925200,2583500,25717763,5490000,7179200,12587300,19674000,3263200,6438900,2857200,2864382,4659198,1926400,22072700,1650300,5259600,11685600,1349300,13918900,1128600,3826000,1325600,2488600,11812000,3281900,2013800,3584000,3858500,8711600,334200,3975624,8440700,5609100,15202800,8400600,21853400,13945100,4658200,4647500,34570000,5323900,848300,3747000,2852700,199755000,4360510,22714200,16350300,2808600,24100200,5831800,643400,1781400,3155000,3572200,6442100,2539200,602100,328800,5253300,4722800,5572700,1067200,7106200,3252700,1291700,801700,1514800,38046729,7322800,785400,6053700,55574700,1350900,3239600,2879800,1895300,6575700,2956300,794300,960700,16937500,1632700,36053200,16533900,2567000,19940300,1790600
2021-09-15,83281300,7444300,5656000.0,4803200,1657200,2009300,2565800,6103200,37998900,2555600,1044200,59150000,1166400,23346000,2933100,7916300,52358200,6225000,494600,3883500,5266700,22392100,3342700,1845400,21566100,2666200,3662100,39523174,1505500,10766000,1770300,4764600,37524600,6352400,11623400,3028600,1403500,2654522,5933400,1695700,2795800,6359000,1068300,1652100,3600200,8412500,466700,2964900,10880081,60282100,18871400,2285900,13007192,7723700,2506100,13658500,27408000,3199800,9577400,2875500,2145024,3403579,3189400,18796200,1608000,7935300,11691500,1566300,15746000,1419000,2802500,1149700,2956600,11420000,3833500,2507200,3434600,5385200,17940300,242700,3055182,6012400,6875200,12555900,6691900,28356300,15258800,5707000,4004900,27556000,6827100,611500,4016000,3266700,166538000,4468044,14951100,25212400,3702400,28674600,6237100,577400,2223700,5166000,4584500,11289100,2192300,883100,408200,5673400,11556200,4248900,606500,11912200,3037000,1560900,891900,955400,44541081,5031800,1241400,8735700,46073100,1080600,3995900,3180600,1769200,6535800,4032000,1155100,1599100,15330000,1714500,31535600,14850000,3058100,23240900,1354100
2021-09-16,68034100,5821800,6094800.0,3317100,2252700,2046100,3650400,8467300,38150300,2695600,906500,51672000,1138500,17569000,2765000,6370900,42922000,6075000,726600,4210000,5313500,19245400,3120100,1375700,19305700,2524900,4170600,19836384,1273900,8773100,1577500,5122600,24029600,4169200,10616700,3522200,1681800,2023745,5678200,968000,3219100,4637600,908700,1110400,1871700,4326800,514400,1479100,8198475,76426100,35807800,1711900,9601506,5306700,2533200,12617300,26190000,2882900,5919400,3043800,2539504,2765624,2049900,19863100,1540200,5665400,10880900,1970700,17430400,1232300,2958700,1451400,3365500,13524000,3771100,3410700,3386400,7513200,11934200,347400,3054106,6367000,4135700,14818900,5881600,19550800,12867700,5380600,8479000,18320000,5085900,584300,3111500,3306600,156033000,3121078,12410500,13235200,4589900,22424200,6142100,640400,2126400,4113700,2427000,6719900,2282300,539900,382000,5907500,7997000,3054600,643400,8079200,4049400,1297600,1120000,773800,38041698,5629800,1053400,9045100,41770200,863000,2661500,2262700,1657200,5928500,2307900,921000,1548200,14431400,1533400,24102400,18428400,3098700,17907200,1644700
2021-09-17,129868800,14157200,20024700.0,10045200,4455100,3553200,6934700,10884400,44528300,5659900,2994000,92332000,1702700,34470000,6390600,7932700,92746000,9230000,1272100,15863300,8419600,30768300,6351100,2503100,33586000,3717200,7334200,25350426,1881400,13741300,3411400,7049400,40262700,8731800,16006100,7592800,7677100,3902429,10035100,2601700,6699200,4178700,2256900,1845000,4932800,6397200,3852500,3115100,18571172,76182400,37559800,3082400,17203387,10888000,6750500,45115700,53384000,3843700,12225900,7098400,4659488,5890340,4100800,35359200,1905900,13419800,25581600,2162500,33370200,6512400,4480000,2108000,5835200,20142000,5527500,4756600,10976200,16980400,26299000,1000400,12820283,11339600,7621100,43406600,17485600,41372500,20449600,15390400,10437600,41451000,7944800,1901700,6490500,7501700,294503000,8805746,58069000,25230600,8127400,56370500,18737400,1302200,8745900,8748200,6201900,14550500,5422400,761900,1083600,23128700,9261000,10256800,1862100,17376500,9457600,3153700,1482500,2823400,89996517,9208800,5272300,8304300,84612600,2074700,5819300,4534200,4504200,13787400,4780400,1262500,2214200,30787600,3531800,34912100,73032600,6977400,30000400,4160100
2021-09-20,123478900,7103400,6846800.0,5262200,2650200,2637400,4842800,8822500,45228400,3293000,2374700,93382000,1113200,30105000,5976900,10567400,67566200,7795000,767800,7644000,7566100,36955400,9151100,1174100,32162300,2177500,4942500,20579442,1389000,10001800,2602000,5985500,21897000,5337000,15796100,4545900,2410000,3576662,8056600,1447600,4907800,3533200,1242800,1084800,2992300,5227600,856800,1700800,8676978,126152200,38463200,3474500,16217539,9594900,3643200,24540600,46518000,3834500,7875800,4036600,4253019,4990152,2783800,35051900,1987500,7270800,15819900,1312300,27542500,1885200,2803400,1709800,3640400,13241000,3956600,4549900,5917800,11213100,19822800,392500,4965912,8054100,6919800,15989400,15443800,38278700,23228300,8994100,10411800,37322000,7041200,634800,4789000,6527500,349440000,5323056,13897700,20470000,5484600,41873000,10238700,1003600,2159500,6580100,2989700,9647100,3457100,666400,941900,8217100,7795200,5848600,1101600,10708200,4444100,2525600,1088200,1082200,64631457,5759800,2674200,7916000,74273100,1030400,4614300,2799800,2439500,8822600,3801900,1092000,1874400,20440500,1960700,30603100,25054500,5245300,27555100,1523300
2021-09-21,75834000,6400400,8592500.0,4918600,2820300,2449300,3267900,5782200,35481500,2112100,1161500,55618000,718300,16935000,3480600,7139000,38271100,5277500,596700,4648400,6336200,21169900,5699900,1053400,25614500,1939300,4247500,14615766,1299500,13923100,1531300,6040600,18700600,5052900,10958400,3216700,1503800,2114887,23216000,1785900,3274900,3689800,760700,927800,2204400,3871000,392300,1231900,6820029,60473100,35686600,4481100,25342171,5896000,7307700,14172700,25332000,2377300,6127000,3171100,2725391,4261927,2644100,17968900,1913700,6663600,8999900,1160400,16418200,1216200,2172800,1317000,2681200,16045000,2967300,2008300,5091200,7156700,11751900,275900,3564200,7612200,4525200,11995900,8985600,22364100,16026800,6450700,5627600,22509000,5857900,535200,3776000,4438100,204688000,4148640,11124400,12866200,4479800,23645600,6651300,894900,1793900,3893900,2170000,6175300,2975500,440600,678200,5900300,5468400,4243100,802700,10499100,3381600,1616300,743900,868600,47120101,6901300,1364400,5908000,48992100,1040600,3093400,2382200,2496400,7033600,3019400,1468000,913500,16906900,1417600,23049100,17437500,3125200,19696800,1614900
2021-09-22,76404300,6319100,4353600.0,6553400,2441100,5689600,2326300,6344300,34126300,2542800,1172900,48228000,631200,20610000,3562800,10953000,46261400,10425000,544100,5018400,8946300,21160200,3924400,978700,32222300,2235000,2811500,18681143,1776500,15753000,1380800,4355600,17940600,3919200,13292800,3363200,1336800,2026790,14214500,1789400,2732900,4214400,833200,1011600,2729400,4775400,557900,1343900,6990652,75784000,28813500,17792400,18002884,6557000,5660300,14038300,25056000,2991300,8456500,2872800,2420247,3767901,2726100,18594100,1578300,5657100,11236200,762400,12719700,1334000,2529600,1335900,3169000,10350000,3238800,3361900,3016600,4999000,43692900,310400,2656077,5251000,7604000,9028700,9497700,26626300,16996100,5662200,6199900,40218000,6844800,585700,4080500,3692700,268726000,3644611,9908000,21793400,3001000,22616700,6332500,652900,2840600,3768100,4003600,5163000,4821200,561800,543100,6233700,4578200,4957000,812600,10547600,3500100,1955500,1103800,968700,41950675,8418600,1696600,6952600,45378900,1650600,3526100,3629400,4229800,6005900,4729300,1185400,1376000,15907900,1657000,29430700,15044400,3422200,25690600,1673200
2021-09-23,64838200,5847800,5370800.0,4161500,4543400,2985500,2565300,5620700,32816700,2181500,1634100,47588000,879200,18370000,4399200,9344600,49779800,10487500,526000,4731600,8199300,21451500,3367800,1651800,48872400,2370300,2393100,16276765,1495600,11886800,2061200,15617200,16262500,3875700,10094900,4030700,1497600,2552326,8052900,1523600,2419900,2571600,637800,794600,2367500,3893800,637200,2237600,5726329,68708100,20270400,7092700,18620844,5263500,5039800,14043200,20952000,2518000,7937100,2426600,2312980,3151807,2087500,16474300,1916100,4697900,12336100,948300,13836200,1066900,1912300,1366200,3128800,11004000,4783200,2941700,3162800,6197500,21806300,243300,2615054,4556700,5851900,12813500,6087900,18604600,17304500,6414300,5964000,25262000,11981500,845100,4357500,3986100,248555000,3899825,9720200,17428000,2712500,19719200,5171200,1032600,2275200,4029000,2520300,5918900,5090500,537400,550100,5906800,3842000,5860900,854100,13562300,2802500,2364000,1092300,963700,45047776,6595300,1179200,8177200,35842500,1180500,2756900,2681600,2527500,7952700,3373800,1000900,1076300,14714100,1638400,21852800,15585300,2489000,23069400,1197600
2021-09-24,53477900,5836100,4084900.0,3045700,2035900,2809000,2527100,3729900,26482600,1908600,2318700,42324000,738900,10605000,2680400,6498200,39042300,7472500,322500,3106100,4332900,15788400,2199500,1622200,48644500,1713000,2214000,12182793,1889300,11128300,3353800,13368300,13156400,2888300,8225300,3087500,1193200,1592398,5712800,1083700,3010800,2327300,691200,655300,1712200,5126200,472800,1045800,5457846,57440200,15164300,4973400,10528608,5023400,3154500,11643500,22984000,1789700,6122100,2004900,2067995,3100762,1796300,12976200,1484700,4399300,10102400,433800,9682200,926200,1642500,1693000,2275800,7273000,3306200,2508800,1901800,6647100,18801900,387100,2483972,4396900,3860900,14714700,5529300,14999000,14804300,6113800,4720900,21262000,26913300,608700,2499000,3356400,217655000,4209528,7617800,13473800,2366100,16150700,5009400,644900,2092800,3523800,2424700,4554600,5984100,654500,325200,4665900,3955000,6437400,746700,7414100,3449600,1362200,552700,520200,32406489,4802100,1300900,3712000,64119000,1023800,3191500,1950400,2312900,6461200,2297900,620300,1159800,12663900,1918800,20384700,13360500,3806300,22328600,1112000
2021-09-27,74150700,4969600,3551400.0,6481200,2025300,4152200,2713700,5248600,51944300,1943000,1776700,72690000,1219600,9831000,3703300,9749200,49755400,8020000,416800,3358400,4844900,19857500,3033100,2153600,58020600,2053100,2899700,10870703,1687800,13508700,2526000,5941100,13859500,5255100,12697500,2901900,1291500,2043598,7755000,1514600,2772800,3326800,1025500,1209500,2440000,5002000,489300,1642500,6415412,68769700,22469300,4335500,12971559,5560500,4018900,13861400,21882000,2788500,10981700,2966100,2333457,3459017,2733800,13899900,1908600,5775500,13220900,844000,12429500,1021600,2785900,1866000,2886100,10892000,4158000,2463300,2488800,6614000,15205800,292500,2454312,5080500,7532900,8630600,8195200,23571700,18435200,8600900,4915000,25047000,11479300,613100,4512500,2844800,245215000,4117061,11533000,26376700,4482000,19955900,5749700,707000,2126900,4414900,3136300,4319500,6276600,783700,309200,4162100,3988800,6584100,783700,13469000,3375400,1960700,780900,683100,42571764,5228400,1708800,3888500,84212100,1048800,3022300,2608600,1847600,6881100,5049600,658700,1469900,13118200,1733700,48927500,21250800,3321400,32972200,1964000
2021-09-28,108972300,6445600,4362800.0,5855200,2300500,5108900,3483700,12873900,74469000,2919000,2317600,88616000,1195500,20124000,3862200,9639800,60781200,7745000,642500,4959500,4867700,20835000,3247500,2823500,34642300,1994000,4949500,22819609,1873100,14995200,2632700,7127100,17803200,6257800,15560800,3233500,2018700,4197965,9133100,2709000,3126800,4349800,1136400,1467000,2093700,5830500,517300,1806500,7478969,107090900,19761000,4717700,20146646,6392300,3270100,16422900,45772000,2609000,10461200,3304100,2816000,4513072,2758900,24691300,2054400,7610400,13387900,1620600,19926100,2278000,3583300,1140100,4030200,20885000,3266900,3007500,4259400,9139500,21710300,808900,2739318,6754900,6093500,11836200,14183500,43186200,27311500,9257400,7613100,44311000,10692300,767200,9944000,2421600,343069000,4416238,15041800,29296300,5910900,28512200,7015300,917100,3054100,6281700,3790400,8851700,4014400,1240400,490000,5781200,5917700,8754700,1619700,19922800,5101000,1641200,1940200,1044500,43597466,5431400,1750100,4517900,76144200,1867100,4274600,3115400,3093900,6951400,4656700,1059400,1589100,19528200,2203900,49349100,20580900,4454500,37619300,1957300
2021-09-29,74602000,6270100,2788700.0,4511300,1741300,2726800,2177100,10730100,52224700,1900800,1448500,51246000,917100,15783000,2726100,16808000,44260200,7357500,547200,2952000,5096900,13683900,2954700,1377800,27404000,1457500,4094300,18060896,1027600,10563700,1922000,4361900,14051700,4827000,10268100,2614800,1320600,2316912,6240800,1128000,3299000,5656600,1006000,948300,2622800,4809400,376400,1590300,7890316,56805500,12717000,3737200,11876404,5436800,4632100,10881100,30848000,1955000,7058100,2424000,2237649,3947499,2446800,20514300,1371300,5124100,7777100,1202300,13941500,1197700,3971000,1547700,2678300,16577000,2808800,1719000,4455600,7399100,14452200,533200,2003061,4854500,4963200,16054500,11543000,26353700,38169200,7496100,5614100,62210000,7794900,762300,6143000,2370600,218394000,4034398,12007300,16325000,3326500,18037200,5460000,777300,1608200,3172600,2351900,7037200,3248000,615100,406500,3612600,4389100,6075700,2580900,13176500,3889600,1086100,1145400,653400,41619543,3671300,1040900,4398500,62828700,1429000,3436800,2056300,2467400,6432700,2821000,1008200,1100800,14823000,1702700,21730200,21375600,3013500,23422800,1430400
2021-09-30,89056700,7886400,2662500.0,4786200,2382100,2743600,2935600,7329800,57636700,2491900,2090800,56848000,762400,15735000,3088200,10366900,47410800,7790000,562700,5187900,6738400,22090900,4978100,1701300,28685100,1634000,4178800,20760939,1392900,15845900,1836400,5224200,18538000,6024800,15319800,4305000,2079500,3193932,13978000,995500,2962300,5017700,1035100,1321200,2659900,6709300,522100,2122000,9699457,78820500,23041700,3858600,14356273,6049400,4064500,16324300,37996000,2665700,9729800,4255000,3113398,6090230,2452500,20534100,1380000,6972300,13161200,962200,17672000,2084800,3786100,1054300,3828600,10938000,4393300,3136800,2830800,6778300,16547100,426400,3869778,19641400,6531900,16248600,12258400,32343600,16923300,10186800,6813600,66126000,10133600,981600,4742000,2544600,221009000,3607253,15649900,19182700,4949200,21103300,6934900,918700,3214000,7261300,3435400,6976800,3201000,549000,598400,5642900,5974500,7077400,1670800,13322800,4987400,3053500,1248900,989300,58751838,10900200,1510800,4541100,53868000,1480300,3270800,3779900,2902800,7128500,4083300,1550200,1322100,18736600,2809100,22947500,22457700,3965800,31289600,1785600
2021-10-01,94639600,8611500,4963000.0,8173200,1802300,2915300,3181500,6459200,41491600,2629400,1784600,56712000,877000,16052000,3956000,9113600,40987100,7665000,477400,3950700,4782100,23701900,3695500,1457400,36843200,1786200,3473400,16527297,1254400,13482300,1860700,4756000,18338000,6888400,10854900,3803300,1740800,3010181,12165000,889900,4598500,3196200,1439800,1213500,2748300,5179400,515100,1605900,7948639,51880900,16091200,4033100,12992425,9343700,4769200,16660400,35360000,2382300,7394900,2814200,2415367,6907889,2465500,19895100,2250300,8568300,11285000,904600,16277400,1597400,2215700,960400,3016400,11157000,5227300,2076000,4276800,6266400,14905300,511400,2893483,11793700,6868200,102497300,7912700,30086300,17813800,7961100,6136500,40908000,8112300,587800,5244500,4788700,240978000,3023554,13320900,19625100,4274300,38483000,5587200,1090500,1708700,4585000,2859400,6863700,5114400,1457800,469300,5499500,5636900,4814800,1797800,12079600,4654900,2160400,1262300,1329700,41759490,6787000,1657600,4126700,51094200,1868500,2986100,3146600,3014500,7925400,5098800,1236700,1355800,18618400,1213000,18021700,30014400,4275100,24407300,2095500
2021-10-04,98322000,9779200,4459400.0,5903500,1774500,3977000,3370400,9549500,41967100,2856300,1387600,90462000,1007000,20093000,3613900,6946100,48273400,6435000,596000,4307000,8878100,18957200,2864600,1462500,33448100,1751800,3943600,15217021,1384300,12423500,2264000,6393800,17084100,4768000,13305400,4042400,1464500,2596994,7200600,1177400,4645600,3215700,1265900,943000,3906200,6252600,405300,1748600,10789091,78332500,20137600,3924100,12288913,7560200,4943700,29206700,51202000,2895600,14845100,2919900,2792764,7689251,2472500,27353300,2107800,8620700,14120000,1147600,18973400,1495200,4784700,1127400,5195600,16407000,7901500,2236500,5449800,8281800,42885000,490100,3600080,8940900,9084700,53553300,9482100,31350700,19525700,6027800,6177400,49959000,7951000,893800,5868500,3073800,345635000,3561019,10853900,25391800,5404900,28906500,5816000,962700,2061900,4091500,6312000,8470300,3290100,992900,461700,5490600,4497700,5938700,1483500,16285600,6268900,1487600,1160000,1237100,57892430,6503500,1323700,4753000,91449900,991900,3934100,3074800,3512500,10283400,4074500,1432800,1647900,18159200,1269800,22315200,29970300,4925400,33946700,1942300
2021-10-05,80861100,7146900,4340100.0,4238400,1628800,2337800,2587000,7330400,31455200,2481900,1649200,65384000,970900,16557000,2629400,5687300,54070700,6682500,445200,5069400,5396300,15587200,3074600,1514400,26161500,1528100,4915400,16667074,989800,11270100,1808700,4050400,14135000,4848600,13017300,4861300,1401400,1988890,6798200,1694700,3411500,2682100,926100,1001200,2265100,6931000,675400,1762300,8354798,55915800,20005300,5326900,9208740,7236700,4137000,18201500,32404000,2508100,11167200,2514300,1655266,7297524,2569500,18129400,1478200,5129000,12292900,774300,17173100,1359900,2802000,889400,3482800,12056000,4724100,2463100,4975400,8160900,35377900,318100,2258407,7461300,7908100,28977800,8850300,24993000,14512100,5434600,6800600,95343000,10881900,569700,5331000,2395400,279282000,3218498,9788600,27604500,6103100,19342600,6902700,940900,1924300,4250200,5064900,9244300,2253100,930100,407500,4820500,5884000,7569900,1571300,12264600,4266400,1499700,1194300,1359000,42649350,9136300,1384500,3051100,55297800,1712200,3860200,3269400,2491800,5814000,4785300,1475100,1802600,13218200,1569700,20250500,20597400,3376400,29641600,2490200
2021-10-06,83221100,5710300,2461500.0,5498900,2166400,2043200,2697800,7388700,39071700,2928200,1421100,50660000,1310200,12042000,2922200,7157600,47031700,5997500,472500,3866100,5274300,15997200,3777700,1250400,36943300,1914500,4052700,24375508,946500,10613500,1334600,4745500,26339200,5205100,10630100,3602900,1534700,1850710,6005200,1449300,2794800,8344300,966600,1397300,2855600,5049100,725900,1067700,7043928,61020300,22783900,3652900,11257962,6398600,3099900,29520800,24364000,2111800,12047100,2226800,1841790,5573506,4649300,20059600,1850900,7312600,8692600,820900,21284500,2050200,2462700,995700,3079600,15908000,3712000,2107900,2847200,11222800,26443000,354800,2460890,5471900,9077700,17608000,6912700,28002600,17899300,6876200,5997600,45804000,7610700,839900,5191500,3402200,297202000,4103851,10268300,22400600,5499200,30483800,5332900,995600,2242600,3309000,4437300,8513700,2423200,890100,421500,4354100,5734500,5731600,1409100,12070700,3386900,2199100,854200,977700,73923686,10030200,1133500,4160400,43898400,2267600,3103400,2809200,2119200,5420900,4529400,1060200,1723000,21339800,2083200,17425700,19376700,2996300,25284900,1564600
2021-10-07,61732700,7842600,2119600.0,4505800,1188400,2648500,2263700,5761300,41543100,3331700,1185000,48182000,1359600,13261000,3578800,7748500,46258800,3920000,434000,3794200,6783000,15349900,3510500,947200,26234900,1731500,3642200,14765573,1465700,11521300,1966200,5374200,14725500,4262000,8830900,3015500,1139200,1881842,7780000,1022800,2020000,3627300,700600,896900,3956200,4286200,535500,1783400,6942283,96557500,37035100,3954100,10684302,5349400,3872200,31006000,25110000,2348000,9325200,2789500,1965609,3999695,3649200,20704400,1906500,5309200,10195400,811900,13774400,1375800,2001800,1042600,3001100,10535000,3209200,2423900,3126600,7540700,28307500,342000,3442208,4893700,6021800,14190500,7959600,20430500,15236100,5753200,5270400,35569000,7958000,696200,5107000,3234200,256919000,3184442,9124400,21848900,4605100,19778300,5334600,835400,2559200,4343700,2746500,8010600,3003000,774300,697800,3750900,5549500,4560900,1426300,15928000,2863400,1798500,752200,657900,64402935,6213800,1027800,5431700,57587400,1926900,2873200,2813700,2518400,6561900,3904400,924900,1287300,18069600,1027400,19272300,21068100,2877600,19513600,1093400
2021-10-08,58773200,5019800,2265100.0,7193200,1229800,2050700,1879300,6300500,30623000,2349800,1064300,39964000,1162300,10279000,2375300,4515000,39389400,4107500,350300,2299900,4163600,11960700,2713200,971700,32061800,1478900,3327900,25618350,1170300,12310500,1545800,2683300,9255500,2990600,10586700,2960000,1168200,1215984,4132200,1066700,1745000,2163000,619000,773700,3192400,4848700,468800,1154300,4670763,99468900,17625300,2365000,6859525,4259000,2559900,33724900,26526000,1446700,8003300,2912200,1426833,3902940,2124000,16068000,1367800,4343200,8190100,643100,13786800,909400,2563000,768500,3042000,8671000,2336700,1687500,4538800,5787700,15946100,243700,2953522,4341600,6424800,12121100,5301100,17685700,13666200,3592900,5088200,32721000,6333700,690300,8578000,2448400,151258000,2094444,13202300,20246900,4186000,12778600,6131800,470000,1403400,3976300,3274000,6920500,2565700,532300,364500,3342700,3787000,3485100,1171400,11854100,2624000,1715200,591000,669200,51635868,5352100,851400,5975800,50215800,1824800,2574100,2012200,2781700,3735200,3476800,658400,1157800,21384600,766300,14295400,13847400,2034300,22186900,1085600
2021-10-11,64452200,4613800,2046300.0,3873200,1475900,1410600,2221100,5472000,31284400,1982200,1074800,40684000,1070200,11186000,2499200,7287000,36283500,3762500,531600,2907900,3752000,14985500,2015200,1202900,26631100,1048300,3742400,34074538,929300,9585200,1011700,2693000,8117600,3283400,9794800,2782000,1052100,1265052,8046300,1065700,1659700,1908200,846300,837200,4300200,4611400,320800,1179900,4388961,45302300,27084300,2884700,6615872,3315600,2879800,17665700,17954000,1787400,14863900,2589100,1437867,2921792,2260900,14398800,979400,4101600,12154700,528700,12378500,748800,1892300,996800,3267900,8923000,2769800,1504000,2892800,5266400,14708200,228100,3218556,4367900,4832000,11279700,7003900,19298600,12700200,8798700,4161400,28625000,5551200,790200,4575500,2378300,163388000,2593726,12959300,21394900,2738100,11984200,5995600,583800,1468600,2840200,2671900,6288200,2253300,538600,347700,3048000,5987300,4229100,855200,16941800,3238300,1081800,653900,1042800,85460890,8466100,676000,9884200,42600900,1137500,2280200,2164200,1780200,5620200,4028900,531800,1533000,32088400,761000,15387900,13048200,5239600,22121500,901900
2021-10-12,73035900,6305800,6028100.0,4599200,2054600,1740200,2898800,7637900,34039900,3544000,1352700,36392000,1266500,20991000,3069500,8486800,36898300,5502500,823300,3770800,4114700,17593400,4706700,1478700,25818400,1368600,2788900,29525064,1077000,7635600,1380900,5970100,14241900,2916200,9085000,2200100,1410000,2874482,5188400,1372400,2426000,3091900,1129200,973100,3533500,4565100,352000,1270800,6209458,89134000,21591600,2541500,13722903,8856000,4557300,17095000,36332000,2088200,15736100,2960300,1468106,3293436,2012000,32784300,1276900,6686400,13032600,855500,19474400,1063900,1719200,840200,2793600,12766000,3042900,2346700,4855200,6343100,31658700,252600,2578456,11311800,6470300,10945000,7913300,17974100,36911700,7791200,5321400,32273000,7408600,715100,3980000,2194000,162134000,3707770,9964100,15502200,3195400,16222300,6734800,416100,2700100,3168700,2217500,10531500,2997500,521600,334500,3404100,3866800,6138200,1237700,18377900,2600900,1324400,1423500,978800,101515979,5157400,1012000,7095400,66060000,652300,6225100,2415700,2615700,5448200,2567900,524100,1425000,42154000,1343100,18995700,15789300,4038300,20198600,1398000
2021-10-13,78762700,5471100,3521900.0,3935100,1768500,2142300,2131300,4950600,55631900,3303300,1646600,48402000,1285100,16424000,5608100,8240200,43908000,4462500,1453900,3311400,5622400,23451900,3253200,2809700,28606200,1962400,3684000,21284729,1540300,8517500,1621500,6573500,13737100,4261900,9220700,3123000,1771800,3115536,8914700,1537400,1798800,3097400,1180300,1103400,4837600,4415900,386600,1404200,7502663,63363500,26459800,4595300,12065484,4760700,3198600,18813800,19654000,2391600,9252700,2477400,1697812,3013003,1931000,18534000,1866900,6901100,22753500,690600,12143300,1430000,2105700,1102100,3275600,12538000,3755700,3214300,4826300,5639000,14761500,257800,2428478,7440700,5142200,9462600,10170900,23416300,17532400,6260100,10130400,24203000,8456300,671100,5554000,2692900,180652000,5716558,9453900,14943900,3599900,28205700,5689800,510200,2165400,4996100,3511800,12373800,2753200,664200,330300,3285500,4806500,6066000,838100,12504100,3200100,2994100,1271300,1038800,80546996,7218100,1223100,6845800,42360300,940700,3796500,3021800,3780400,9076000,3072800,542200,1088900,27246900,1109800,24150300,17937900,4936300,14991700,1223800
2021-10-14,69907100,7289500,4139400.0,4977400,1638400,2500900,2252200,7947600,46900200,3015100,1370000,42190000,1575100,19233000,3061900,10427300,82201000,6960000,802800,3646400,6771600,24707900,5212900,2173400,19413900,2531600,3739000,22343514,1314500,8152600,1480400,5433900,14455900,7284600,7648600,3112800,2403800,3181073,7450200,1631200,3045600,2434400,1027000,1753900,4219200,3583100,353500,2075400,8709645,50875100,28961400,2841400,9853826,7165600,2608500,11450100,31894000,3380900,7297100,2824300,1512456,4410668,2210900,26586700,1432300,4579200,15176800,959000,13704000,1126400,1824700,973300,3177100,15499000,4083800,2512000,3668800,4941500,14302200,290200,2725923,5516400,6837700,14607900,14766800,27262900,15541600,6486000,8182200,26717000,6024500,514700,6630000,2386300,243589000,4535124,7911200,17846800,3677100,17590300,6777800,454600,1997400,4477800,2283100,10637900,2070400,1055800,393200,4225300,5194900,4799500,1079300,8671200,2853900,2281500,1436700,1083100,75032669,7946100,845700,9698500,36741600,933300,3412800,6038800,4106400,5590500,2532900,670700,1913400,27764900,1729300,53257700,19783500,4858700,18594500,1314700
2021-10-15,67940300,4634500,3592700.0,6012400,2074900,1960100,1849000,4826600,34203000,3684600,3091300,103598000,1637300,25103000,3043900,8773400,64264900,5832500,1023000,4313700,5503500,21884500,4736300,2276400,22362900,1439900,4076000,20141332,1746600,6945100,1494800,5119300,15202200,5449000,9968100,2719200,1435000,3336511,13943900,1323900,2593400,3298800,2269200,1145500,5417300,3179500,544200,1678800,8107766,77211800,30048400,4177900,9069257,4327100,6426100,12914600,30274000,6451400,17449600,3473500,2313617,3371049,2376100,25231100,1387100,6918400,14267400,772500,17867000,1230500,2598300,952700,2930500,13248000,4053600,2564700,2837100,10518900,21596400,227000,2584317,5944000,6186200,12866800,11678100,25384800,11786100,14634200,6259700,41169000,5532100,665000,4596500,2489300,226994000,4263811,7422800,14781600,4313000,23550300,6923700,431900,3509000,3971000,2092900,7609700,3269900,838800,379000,4581600,5860900,9004400,1058700,9352100,2895900,2443400,953600,1909000,63061723,5633900,874700,4453800,56773800,1057500,2648900,3312000,3153400,6355100,2568300,363300,1409200,27005500,1472400,60096600,20737200,15991200,16092600,1235800
2021-10-18,85589200,7949400,2793700.0,5275800,1636800,1905100,2002000,4208500,47537800,2812500,1354300,63482000,977100,16042000,2623300,6553500,49542500,5245000,541000,3551500,4144200,15026100,2809400,1812300,37062300,1392200,4331000,21453209,1524800,9917700,2141300,5163300,10989600,4822100,10677400,2981600,1154000,1993740,20494800,1783500,2057600,1755900,885000,928100,2371200,4664400,475000,884200,5260725,48643800,23196100,2676800,6653913,7576400,3164200,12667900,20396000,3832300,15290300,3487500,1998181,6437189,2112100,22407600,1530600,7465500,12672900,1377800,15861800,1010600,2546000,1014600,2786000,12474000,3280900,2484900,2387500,4434200,21585000,297600,2096947,3850300,4911300,13075500,8924300,22729300,11849300,4942100,4913600,46691000,5765300,422500,5673500,2687600,189494000,2513539,7344100,25900800,3274200,21733000,9119000,469400,2614700,3826600,2534500,5290000,2428800,1216200,290800,3898700,4958400,6323200,757200,11548300,4180200,3335500,836200,1100300,59807596,4244600,1534000,4377700,72621600,607400,2804600,2232800,2305000,5580200,3525200,828300,2335900,20853500,1765600,33842700,19887000,3150500,18282800,848800
2021-10-19,76378900,4614900,2776600.0,5880000,2177800,2470000,2224000,3694300,39593900,2480500,1816900,47722000,896800,16383000,1400100,5963400,32515500,6865000,408400,2682700,6098000,15173900,2626900,2788000,50814000,1145300,5206800,16362445,1663700,6589400,1365300,3631200,13258400,3833000,10362800,5127800,1433600,2061984,9669500,1699600,1759000,1614400,686800,1319500,1906300,2821100,549700,883300,4798205,44668300,16543100,2088100,6767714,5889700,1945300,10589000,20164000,2568300,14843700,2375600,1697176,4539117,1419100,18392900,3642500,10081300,8053900,820600,11068500,984800,1573200,1051300,2976300,14995000,2835400,2071600,2085400,6978000,18786300,220900,1667344,4904100,4881100,15577100,6189500,17682100,16930300,5717500,4442000,76331000,6198200,445800,7362500,2190700,161473000,3519636,5616500,13006200,3125800,17159800,9555300,359500,1843500,4223900,2880000,7330700,2912800,985700,331000,4195100,5799300,5346500,656900,10417100,2661200,1709400,1042300,966400,46242686,6146000,765700,3426500,52143300,925700,2666100,1616800,1974500,4409700,3560500,501900,2011200,16094800,1170400,26500300,33444300,2631800,18933200,813700
2021-10-20,58418800,5626800,2687000.0,8401900,1740100,1497200,2330900,4619000,34244800,2308600,1109700,42796000,751100,13458000,2398500,8485200,40411000,10172500,380500,3147600,7840300,14350400,2936000,2364300,27014600,2807500,5317600,13506833,1080400,5506000,1352900,4487900,11613600,5023300,10811400,3394500,1001900,2918249,9737600,1330500,1892700,1763200,517200,2376600,1912600,3799100,457700,1146000,5985418,105213700,14281700,2516900,9803748,4878200,2645900,13399900,23288000,2453400,10692000,2574800,1757971,6474008,1400600,16850300,2458200,6003200,8185600,702000,12474800,745300,1537500,955200,2293700,16933000,2796200,3040200,2697100,4228900,13639500,328800,2139046,4901300,5194900,11465500,7426900,16537100,19457800,6942600,3972800,106220000,4487000,340300,4362000,3660500,146276000,2735832,6574100,15636600,3716500,22788300,7352700,479900,2646500,3778600,2016900,4804100,2365800,878000,288400,3916600,7645200,6157200,847100,10818700,2688200,1543800,1519400,1068300,63927222,5953900,1062100,5875900,42096300,628700,3043300,2764000,1952000,5401800,3897400,827900,1623500,30659500,1454700,24227900,17453700,2486500,14305200,794700
2021-10-21,61421000,4811800,2889400.0,4984000,1520200,1586600,1736700,5611000,34794900,1921100,1269100,37628000,620000,11787000,3313800,8691500,36848600,5312500,333100,2488800,5942900,18519000,3071300,2901600,26812500,1491600,4370500,14603602,1204700,5836300,1423300,2828500,12619900,5347200,9372600,3777500,876400,3239729,7509000,980900,2057800,1853600,576800,1606600,2002300,3464400,421000,1368100,4279465,95855000,19571900,3833400,11588129,5013700,2267700,11585400,26292000,2162100,12488000,2885400,2810801,32913959,1758900,38390900,1338100,4524100,8415200,870600,14388300,856900,1717700,803600,2883100,30650000,2516300,2702400,1843900,5713400,16354400,206700,1986556,4067000,5806600,9893600,5931400,16918100,11140700,4945000,4254200,84371000,6121700,398800,3247500,4479400,187590000,3152347,6224400,14869300,4164700,22142300,6545500,318200,2939800,3601900,2536000,4579200,1793400,624200,493800,4274900,3684300,5938000,970600,12151400,2895000,1367500,961400,962600,73916007,3970700,959200,6744800,94444500,1949000,3276300,2465100,2997300,5982200,4558500,535800,1629100,17771100,1553600,20448300,13954500,2344300,16564600,957000
2021-10-22,58883400,4614400,2986000.0,5742300,1459400,1786500,1770500,10744900,38992700,1349300,1496300,62782000,898500,15367000,6026100,7077600,36225600,4047500,372100,3406500,3715100,14625100,2632400,2834200,29155700,1412500,7665400,15905662,1184600,7170200,1710300,2927000,15026600,5035900,8673800,2150600,825700,2452272,7854300,969400,2430300,2495300,699100,910300,1728100,2202600,308800,771800,4799887,60646800,19058200,2577400,8595273,4501200,2028900,11077600,50588000,2411000,8899900,2734700,3712015,12114981,1575800,109971900,1319000,4304300,8817900,1856200,12828600,1214800,1960700,1092000,2207500,18770000,2774400,3283700,2460000,3822600,35224500,192400,3146556,9353600,3977800,7543600,6761500,17449300,17892100,4732400,7953300,61860000,5323000,524000,4642500,3153400,249384000,2530258,6819600,15001000,3240300,17183000,5265000,325300,2163100,3310200,1880200,5216200,2315800,493000,288200,4160800,3396400,5740200,653600,12077000,5067200,1217800,1349700,653300,49159193,4272500,738700,5213700,68642400,1207000,3649200,2736200,3735900,3788000,3923700,423300,1945200,16074000,2352700,21517200,21195600,1978800,14266800,1104400
2021-10-25,50720600,5697400,2620800.0,4426900,1523800,1629400,1814100,4005600,47834100,1916500,1194700,44520000,633300,12416000,3889600,7239100,31679500,3560000,452400,3142900,5238900,15103000,3294700,1898100,26140400,1710100,6205900,14373664,1021200,7471200,1903400,2993500,10218900,5774100,9579800,2253300,1564800,2601619,9798700,1087300,1681600,2155600,1137000,893900,2047300,3849100,312100,1022900,4730628,67808000,19215100,2545800,10427005,6069800,3888400,14151000,34412000,1824700,9246800,2923400,2875734,6667204,1532200,43178800,1938400,6715400,10159200,1057500,11855000,1225400,2763100,1350300,3018500,12826000,2447900,3178400,2054800,4979500,38409000,382600,3235300,7551300,4679400,9365900,3836000,17554500,23341300,3987300,5964500,38335000,3878200,473900,2930500,4507900,230235000,7199232,5083100,19253700,3281200,22846200,5382100,738600,1793600,3934900,1939200,4876300,1907100,627300,440600,5953900,4290600,4213500,1052900,9768400,2632300,1537200,1148500,924000,65704956,5969400,951900,5940100,188556300,806300,4254900,3553500,4829700,4938700,2730600,793100,982600,15987400,2843100,19330300,19287900,2402800,17939800,1224700
2021-10-26,60893400,5047400,2937900.0,3994000,1547700,2154000,2829300,7864600,59458900,1664400,1742300,53966000,460100,24043000,3832200,11014500,35674800,4385000,377800,3872300,5314600,18647900,2933600,1519400,25617900,1441800,5400200,14347309,1331900,5898200,2378600,3601400,15250000,6215300,7463000,2477600,1386300,1527763,5850200,1143000,2298300,1543000,1367000,1107800,2841000,2617600,279600,983600,5232544,64882300,15564400,3065400,18781193,4948700,2600000,16335800,49236000,1843300,6875100,2989500,2592978,8912861,2401300,68405400,1736800,6939100,8015100,868000,12086700,1069800,4533000,9439700,2801000,11734000,3320100,3066400,3469200,3938700,65654000,175900,3750178,3963000,5532500,9352500,7649500,28107300,14267900,6969100,4850500,29048000,4711200,1590200,5542500,5641700,485898000,5146790,7089700,15398100,3684700,29729100,6234900,720700,1776800,3150900,3262700,5802200,2231400,845300,498000,9122500,5948000,6362400,1931600,11666500,3686000,1973700,2318800,605400,48187774,6075800,1051500,4600800,187245000,761000,5837500,3103900,6596500,7814500,2363100,513800,1003400,15185200,2415300,18196300,17418600,3925600,25585100,1219300
2021-10-27,56094900,4875300,3009800.0,4128600,1567700,1629900,3768600,7837600,98245300,2003300,1280300,54044000,748500,23500000,3309900,14761700,45790800,4895000,452800,3691500,6993000,25475900,3406700,2486000,20827900,1354400,4583100,24370600,1526700,9025600,1741800,3742700,16279000,5211500,9096100,2406900,2003100,2119286,7054700,1319000,1519200,1697000,1279800,962200,1925800,3992200,305300,1029700,5983596,96094300,19544200,2677000,14420637,4887700,2593100,36397600,85782000,2067200,12535100,2840300,1747573,7294176,2203400,41081500,1684200,7018800,9847000,1196200,24019800,1536000,3181300,2822900,2801700,11838000,9652700,5249400,5055600,5127600,29971800,277000,3141892,5521700,6473900,8465400,7542400,52588700,13541900,4356900,5313300,22769000,4163900,1009200,7502500,3158700,245990000,6688186,5941200,20124800,3751800,22317500,9643500,869600,2049800,3537100,5417200,5090400,1987700,658100,380800,4273200,5853900,6539200,1365400,13929600,2854400,1178000,1251800,899100,52952056,4573000,1771100,3998200,115579500,887300,10365500,3520400,3309000,22958100,3180200,588400,1217100,15007400,2057700,21988300,14565600,3546000,21764500,1625200
2021-10-28,100077900,5193300,2143700.0,3645300,1500600,2085000,2523700,6391700,58002500,2166500,1391600,114174000,1256800,11872000,4865700,8825500,37209600,3735000,352200,3300100,5732200,16367800,4462700,2031200,23048700,1370100,4849900,22577080,1726600,5195900,1362400,3450400,11209200,4394600,7538200,2453100,1897900,2715773,7884500,930500,1973600,1372600,780700,989200,1587700,2284600,331400,1632900,7313393,215237600,13978400,1718700,9487384,5884800,2473300,23020300,36206000,1444700,8239900,2553500,2066722,6802138,3167000,31317200,1371700,6278800,7212900,2350800,15928000,1565000,3386500,2874600,2421700,22325000,9505100,3448500,3506100,5106100,50806800,367600,2326100,22546300,5548800,28854700,6663000,26297900,16966000,6568400,9301900,28594000,3762000,2011200,10566500,2993500,234204000,9845486,5177200,12039200,3589600,18023400,4538500,774600,1895700,4754500,3380000,5016700,1895700,1111400,498900,4179900,7697600,3579600,1152000,11364300,2714600,1627900,1830600,1067000,70281362,3829700,1280000,3371100,81639600,1628700,5123000,1672600,2236400,23199400,3366000,694900,1356700,18374700,1165700,26785500,12598500,3178400,16626400,1073700
2021-10-29,124953200,16545000,2294400.0,4692200,1936400,1927700,2897600,5715300,43320100,2592300,2532000,129722000,924700,15564000,3455400,8559500,31756200,5412500,484700,4420300,7157700,22403000,4292200,2619700,26720300,1499200,6683300,28727908,1318300,8079300,2471600,4251900,13550400,5335600,15294200,3050400,1562500,3115198,7598800,1512900,2301300,1990500,920400,844700,2635800,2293900,512400,1678100,9314888,100560700,16052200,1999900,9018536,14181100,2470400,16680700,43320000,2061700,9670300,3820200,2774833,6188973,2588800,42301000,1558600,8526800,8140100,1604200,24463700,1890800,3152000,1821500,3316300,13381000,5843700,4329400,2594300,5074300,37059400,331400,3061162,13384500,7668000,18678600,8056900,34766000,11440900,7792600,9877400,38253000,6740600,1351100,5535500,5369700,292503000,45300982,7578600,13346500,4558200,30307500,6239500,713200,3743200,5260500,5110900,5251100,3366300,860400,439600,5202300,27419600,4421600,1524700,13940600,3718700,2778300,1588500,2393500,71775496,8269300,1541700,4175800,89755200,1075600,4552200,2497800,2362000,14329800,4784000,1014400,1567900,17763200,3692500,19788500,22022700,4082900,23966300,2127500
2021-11-01,74588300,7096800,4401100.0,3494700,1600200,2215800,2079500,5329000,54559800,3105300,1520500,72178000,653000,16896000,2250400,9284900,36937200,7245000,399200,2889500,8231300,19106600,3215200,1738200,27315500,1636600,4008000,20328697,803400,11944600,1548700,3825100,14341400,7682500,11213800,2390100,2391200,2101915,8182900,907800,1606500,2068300,957800,1002400,1842800,3190600,365500,1637300,8144639,125246500,10873400,1431700,7844250,7254000,1964300,15677600,46924000,1820800,10798600,3380500,1801366,6177153,1859100,28013700,1812400,5846400,7435500,2049400,11651100,1367700,2735800,1865000,3861500,10724000,5126200,4456200,4113200,5322600,31518900,486400,2404558,9181000,4761200,10943900,5432400,27073200,11988400,5135200,6154600,31109000,3610800,777800,5817500,4552500,265740000,5556391,7327600,14134100,3017100,32681500,5038900,613900,1915800,3513400,5824600,6903000,3315800,913700,798700,4588800,14184600,4095700,1284000,8514000,3469600,2605400,1225400,1224400,53318010,7424400,1582600,4044500,168146100,1518500,4203900,2203100,1868400,13210300,3375300,879000,1172700,14177700,1626600,18699000,12549600,2502400,19656400,1323900
2021-11-02,69122000,10357800,3292100.0,8069600,2204300,1770000,2071400,4822900,53491900,3329300,1532500,52552000,932400,16262000,3252900,6160200,36283400,6825000,381700,3838300,12976800,25539000,3429600,1750700,21579400,1704700,4132200,16506277,984300,10891900,2012200,4177500,22097900,6950900,9189700,2722700,1371300,3100308,6777200,847800,2701100,2514400,1074200,1291300,3695400,2327300,279800,2398100,8233806,115146200,14574500,1489400,7192101,8954500,2147000,16377500,33482000,3000800,5936300,2367100,2437541,4722062,2522100,27193300,1046600,8450600,7173800,1186300,11498900,2012300,3987800,2745000,2167300,8970000,5375300,2624300,3344400,5385800,28353000,756000,2646748,10743100,8026700,14671400,7191700,26487100,9761100,7266400,6585500,38886000,5038000,933300,3413000,3297300,294112000,4598076,6229600,11558000,3464500,69248000,9954300,1119900,1720100,3480000,4552600,7321900,2156700,838400,1543900,4554100,11538900,3682600,994800,7293900,3806200,5642000,936200,1329500,45810003,7510200,1376600,5446500,128213400,1083200,4009600,2600000,2206700,14688700,3913100,1318400,2317300,16913800,1866400,21672500,13638900,2395400,16300000,2760900
2021-11-03,54511500,6186900,2827100.0,5110600,1727500,1970700,2067900,4117500,59537800,3775600,1133500,67944000,1270200,14038000,3831200,4636100,42553000,9037500,387200,2773100,10404700,21755600,3137000,1334400,23001300,2927700,3916000,17404797,753500,9311800,1856000,3260200,13219400,16938000,10416000,2326100,2948400,3261048,6829300,1216000,2062000,3562300,1385300,1160000,4225200,4917500,212600,1953900,7172492,104755500,17054400,2029600,6599661,8654100,2196400,14419400,27494000,3542400,9905600,2378800,2182795,5670784,2166900,23962100,1410000,6717800,8402700,1237300,10788300,1856300,4382900,1902600,2629100,7908000,3952500,2399000,4067200,7451100,20786500,460000,2372146,6740700,7830100,10883900,9009000,21500100,10266900,5723200,6931500,23349000,7176700,675300,3312500,3140600,239910000,3625519,5746400,13784000,3595000,44593100,7620100,850600,1739300,2463500,4270800,13216000,2829000,718800,886300,4148500,6422600,7051500,1281600,10448800,4064100,4226300,1662000,923900,48160500,6308700,1216600,9641800,103885500,1692000,3666900,2438200,1765800,11486700,4436200,942900,3917500,12240000,1631000,24225700,14209500,2397000,17372800,2225300
2021-11-04,60394600,4912200,9664600.0,4675900,1979200,2480600,2690200,9272800,84825200,2781300,1381000,107060000,1121000,15956000,3315400,5849600,47646300,13327500,351000,3426300,7241400,32148900,2543500,1343000,20186900,3722300,3407000,17693101,1858500,8573500,2615000,3833800,18070400,7417800,9673000,3459300,1334000,3754661,7505500,1051000,3054500,3496100,945100,924900,2789500,5006500,636200,1147600,8786334,157505500,16309500,2889600,7505094,6522900,2627400,24026100,38412000,3802300,10025800,3210000,2461520,7208700,3529100,24806000,1067800,8224400,9574200,1703800,10820200,1628200,4133400,1847900,2508800,17965000,4819500,2711000,6614500,5914100,22495300,466700,2453474,6775900,9258900,19519800,14823800,23992200,15936600,6594000,6898400,48650000,5460100,988900,4167500,3557100,1153631000,2901571,5857500,20375400,3310100,38172500,6402500,1617600,1598800,2332400,2859200,48321500,1782800,1507000,437300,3711700,8212600,5782900,1040900,12516200,3797400,2282800,1438600,942700,83532616,8238700,1396100,6250200,76192200,2941600,4828000,2517300,2451900,11368200,3475100,1923100,3469200,30807500,3057000,32005700,15149100,5254700,17720100,1947300
2021-11-05,65463900,4635800,27330500.0,7989800,2110600,2517600,1940100,7706800,64920600,2300100,1214000,99940000,1646700,18674000,3936000,16936300,38271200,18887500,340100,3581100,14638300,20902600,2591300,1373300,67588300,2521800,3560300,18805662,1364100,6987600,2071700,4681800,15637700,7437300,8102100,2588500,1422900,7674235,16859200,773500,2127800,2757800,902500,944900,1793400,7202000,547700,1217600,6544256,122232200,12536200,1984600,12202399,6519100,2048400,16302200,38354000,2105600,7423300,3090200,2471281,6790500,2482700,36816200,1575400,6215900,7975600,1655500,12886700,1693200,3745700,2145300,2356500,21028000,7201500,3224300,6066500,4609300,26872800,339600,2169903,5872900,10113800,37623900,8449600,22570100,13019300,4885400,5625200,52835000,5892200,1105800,2980500,3130900,851260000,3300130,6160200,18862600,3754300,173959100,6062700,940500,2048400,2784100,2682400,27226600,10283900,1768400,475600,4330400,10256800,4107600,1098500,11279200,3611600,2501600,1158400,1333400,58867158,8726100,2693400,5204800,64886400,1736100,4510500,2905000,2117800,14273600,3492600,1169700,2231700,17442800,2718100,23443200,15081900,4477200,18565100,1728000
2021-11-08,55020900,7015000,12855300.0,4930000,1731600,1497200,4155000,5878500,141493800,2532900,1014100,61480000,1634200,17231000,3392000,9456100,33815500,12430000,372400,4721000,7059300,25122000,5944700,1525100,33083000,1976500,3335900,14328103,757000,6957700,2834800,3893000,15045300,3982100,7695900,4094100,1540500,3294550,10584600,862600,3686700,2538200,737000,636100,2977300,3487300,424100,1695300,7094400,153490400,25103800,2612200,8305554,5217800,1911700,14385500,23052000,1728400,5664900,2357200,1820039,5625300,2434300,31647800,908100,5578800,6413700,1247800,12828000,1448700,2386100,1733000,2797200,12598000,3862200,2471300,7440600,4321100,18342500,648700,2219656,5864200,5393800,18655700,7332000,20897000,18742300,5391000,5107200,28875000,8301100,523900,3990500,4202300,503101000,2880415,5056400,14267500,5766400,57423300,5854400,883300,1166900,4623600,1640600,14541400,4918300,639900,480700,4469100,8753300,3420000,765200,14225900,4727100,1642700,1027200,743800,61161253,6713700,1170900,4437600,100337100,1219200,5213900,2279900,2166100,13500100,2701900,1604900,1345700,15985200,2375100,19509500,15373200,2656200,17696000,1011300
2021-11-09,56787900,3146800,9056100.0,5130300,1865700,1128000,3267300,7274600,98442600,2296300,823300,85898000,1174000,15838000,3203300,6863700,36900300,10182500,394100,3587200,4935600,18513000,3310300,1719200,22673500,1971000,3854900,14406527,753600,6049800,1881800,3126500,14459800,4446700,10945900,3425500,1394500,2095824,7293300,1243900,2876300,1796000,691300,859400,3974700,2439400,298200,1036900,7800167,164928500,16030800,1832100,40325875,5401500,1780800,13822900,19530000,2246900,7214200,2183300,2513509,7236600,2365800,22508400,1123500,6112800,7990300,837700,10155800,1813000,1963800,1769200,2307500,12041000,4247800,2258900,4919200,4258400,17556700,340100,2131750,7988000,6152200,10512000,8756900,21307400,20127300,3917600,4572200,24156000,4343000,550400,2499000,3173400,646746000,3382793,6102600,13200100,3778600,29920400,4873100,554300,1761600,4050800,2363700,12353900,3738600,601000,377400,3372900,6754700,4193800,781000,10925500,5442700,1383600,952000,879600,60057567,4298800,927000,3889500,177317400,873600,4314700,2657800,1552900,11535000,3519900,901300,1727500,16014100,2060000,28324800,15001800,6245000,18781300,1622700
2021-11-10,65187100,4981100,6704100.0,5358900,1352400,2038200,4234900,7149500,82989200,2360400,925300,80548000,988700,18450000,3296700,8197600,39385600,9152500,340400,3421700,4813200,19290200,3261800,1246600,21338300,2420700,3263500,17362224,970000,7484700,1226600,4350900,17876300,4966600,10305100,2825400,1067800,2516004,11045800,855800,1876700,2058800,1057400,872700,1930200,4271500,431400,1314400,5144499,229109600,24055700,1859900,13952431,6888100,2447300,22778600,29970000,2243900,10645400,2161400,1405613,6270300,2056200,25040700,1082100,6225100,6999200,1169800,8813600,1540100,2215100,1268700,2402900,10898000,6337100,1794300,5913600,7044000,21872600,368400,2048270,6459700,6560900,9855900,9191500,25500900,15228300,5192700,8901000,24058000,8185200,562500,6399000,3212100,636206000,2653582,5828800,17561000,2683500,42696200,7334900,558000,1453400,3450400,2910300,11327100,2739600,727900,457900,3503200,6563700,4739000,973200,10311700,3753300,1824700,1011000,850600,62271427,5950600,1119100,3715000,128408100,1021900,4304600,2818200,2415500,10063600,3523600,864000,1340200,16261100,3049500,19827800,16803600,2254900,20177200,1332000
2021-11-11,41000000,3120900,5899000.0,5054800,1184300,1271100,2882700,5061000,67934800,2615700,1221800,45288000,1297200,14157000,2119700,6567300,31194800,8557500,266900,2861000,9437700,20296200,4819800,1323700,19703700,1134100,2788500,11573002,1005400,7784500,1227300,2681900,17440700,4273000,7317500,2780300,782400,2429374,62366500,730800,2002600,3109500,727400,826500,1635000,3068600,410000,1156000,6128703,96436500,39436900,2050400,8848557,3513600,2726800,29033900,16518000,1252400,8241500,2387300,1693144,4643300,1498700,25420000,1376700,4118800,5815300,620100,7257700,924900,1739400,1216500,1921300,8198000,4472200,1640500,3787900,3661500,12376600,194400,2376093,4279800,5166800,5761500,6249600,16849800,12192600,5370200,6392800,28683000,4994900,475400,5075000,3301500,332172000,2945328,3620600,10685000,2453000,42370400,4096300,419300,1291500,3580700,1510500,7624200,2759500,478400,571600,4993600,7191900,2794800,620600,6363900,3772600,1175700,741100,1397500,40223517,6047500,687600,3443900,67189800,775000,2554800,2246800,2113700,13546900,2710300,556600,1146200,10983700,1868000,16069700,13603200,1899400,13319300,1340200
2021-11-12,63804000,2740300,12057800.0,6462200,1802100,1286500,2061000,5778600,52162100,4614100,991200,53788000,1234200,13592000,2390200,6419900,44268500,7920000,387500,2917000,9924300,13867400,2018000,1080300,37320300,1459200,3057200,12910913,1630100,5329600,1780200,3803700,16663600,3792500,8682800,3213700,1011100,3085080,25638400,1062600,2504100,1613600,839300,977400,1824400,3539500,575300,1188400,7941489,77837900,18481700,2115500,12240118,8214800,2903900,31152400,22360000,1360100,7195700,2793300,2317861,5418300,3116100,23884800,928100,18995200,8113400,627100,10162500,1044100,1964000,1097400,2462900,10591000,4724200,1625200,2565300,5176500,25414300,209500,5268021,5075700,4044700,8206700,7270300,23831000,26553200,6467100,4499800,41984000,5126300,493300,4958500,3011600,413054000,3001985,6435300,10241300,3540900,27780600,5687400,920300,1690000,3110200,2146500,7371000,3909200,513600,348200,3273100,7350400,4681400,1212700,7346100,4157600,1182600,1842600,1119500,36217358,8504700,888100,2853900,76719300,1116000,3121700,2609500,1600300,7660500,2846900,497000,940200,14378500,1212100,17124700,18313800,3844200,18158900,1187100
2021-11-15,59222800,3941000,7479300.0,4565800,1957400,1077600,2099100,7304300,52271300,3129200,3467600,58594000,1510000,13972000,1748300,21921900,35335500,8427500,678600,3217300,9649400,12965100,2392600,1085700,22519600,1551100,3263900,10638203,1496700,6181400,1392300,3595300,19041800,3602100,11050400,3156100,975400,3526015,21285300,1851200,2362900,3850900,743900,1116000,1544100,6183400,739600,1019600,4804374,84838600,13962100,1993200,9831034,4911000,1751100,14372100,23508000,1436500,5997500,3650600,1281582,5046300,1367200,24695800,878300,7496200,6492500,654200,10289200,1274900,1903200,1068600,2219900,13534000,4693200,1709200,2656700,3503300,25076600,195000,1750226,6482500,6236700,7108200,5652200,16723000,12650700,5543000,4258500,28722000,3856700,961600,4060000,3568500,384909000,7029300,5700900,10287600,3357100,27763200,5510200,689800,1502100,2543100,3721000,12350200,3021200,777500,336900,3423100,6566100,3302400,852200,8358900,3473700,1677300,2115800,914900,53290206,6333200,826100,5337000,104326800,2128200,2985200,2849600,1378300,9596900,4343100,388100,1003200,14282700,1436300,20110200,28896000,2180300,18849200,918900
2021-11-16,59256200,3476400,4431300.0,4141300,2041600,1422000,1881200,6200700,53100800,2942500,2783200,44342000,1610600,13194000,3299200,10120200,35120800,10780000,472100,4204200,9553800,19042800,2138000,1453800,40285700,1701400,3140500,13714791,1210800,7451100,1690700,2989400,21136900,4038600,10566300,3825000,1162200,3104030,15516200,1583300,3758800,2977500,663700,983500,2395700,4718800,427400,1434800,5146041,66557200,19165300,1608900,19257424,6474200,2020100,16115000,18904000,1311000,7794700,8648200,1749059,4750800,1744000,30927800,1182200,7594700,9706100,1151000,13756500,1604300,2565700,1307500,5223200,8523000,4969000,2195500,2668300,6405000,18181100,206600,2362100,9067500,5282000,10565200,6448500,20886800,11807600,5497200,4263400,20774000,4401000,801100,4633500,3187200,264484000,4903200,7392900,10348500,2899400,31297200,7603900,790500,1318200,3960000,2950000,33338200,3514100,632700,482500,4746200,7965000,4383200,1334500,7683800,4492500,1221100,1538300,1150200,48162354,9819300,1346900,4056900,79627200,1441600,3312000,3383800,2302800,8719600,4544200,452300,1372000,15876100,1994700,19244900,73986600,2891200,17028700,1256800
2021-11-17,88807000,4361500,6383400.0,4759900,2254600,1221900,2146900,5759200,54527500,3329300,3451600,51206000,1404300,12532000,3543500,10750900,32963700,11445000,677300,3740800,6719300,16468300,3135700,2011600,30081600,1452600,3144600,15706347,1143100,7628600,1609400,3864700,31496300,3878200,11108000,3046300,1647600,2745778,14695500,1325800,2368600,2245900,608700,1644200,4046800,6058000,594400,1433300,9369566,80855200,19209100,2104900,13334471,7771200,1925400,29983400,19594000,2927000,8582700,4647000,2012293,4043300,1979400,23546900,1449200,5414500,9909600,1476600,13288700,1304600,2873600,1751000,6823900,9066000,11727300,1412000,2986300,10948900,13602800,231300,2692316,7766900,5485000,10286300,9670700,19053400,11600500,6203100,4732800,27328000,3940200,784800,3457500,2834600,428508000,6557200,6257600,14406100,3332200,36889800,4900200,446400,2039700,5320300,2299800,21678900,2417100,440000,679500,3910600,5768600,5613500,1131600,9716800,3727000,1503100,1680200,1067200,42762155,21456600,1390300,3494600,94336200,1490000,4167800,2281500,2542300,38379600,4190400,446200,2691200,17679200,2343900,17802700,33116100,3527700,15497000,1347400
2021-11-18,137827700,3160300,4597700.0,4466100,2555900,1493800,2123000,9929500,60612700,4261500,2436700,114070000,846300,12712000,4011500,10983700,30639000,8512500,681600,3338000,7224500,14994700,2119900,1285000,26850800,1918900,3416600,16061338,1128300,6548800,1664200,4443100,70834000,8619700,8368600,3325500,2228000,2246412,14487700,949100,2809800,4120500,638300,1592900,5096200,4543000,330900,900800,6243386,111368800,17613600,2335700,13692888,8873600,1844100,23308100,35608000,1847400,8167600,4503700,1791286,5046900,1686300,30658200,896600,6358700,8122500,887700,15380100,1762900,1689200,1431300,3468600,10002000,6533700,1751200,2270700,7297800,17487200,291700,3029229,6190700,6910700,9833600,6850200,22463500,16848200,5537400,4057700,20129000,4044200,1438900,3757000,2590400,781711000,4760600,5725300,12785500,3498900,32872600,5509300,761900,1464400,5606700,2548600,15542600,2285800,564400,475600,4376300,5632100,3297500,1126100,8860200,3160400,2459400,2835700,1300200,49734868,9466400,968700,4801100,62696700,1562600,4677300,2073800,3919400,18292200,3983600,748500,1594400,19490300,1483200,19198200,24394200,2432600,16948200,1706300
2021-11-19,117305600,5885800,8181900.0,6867700,2554000,3090900,2477700,16028700,41668900,3217100,2036700,98734000,1091200,19612000,4456500,20844100,48429500,12135000,738700,4529200,7955600,19766900,2980100,1478500,49148700,2981400,3978200,19447355,1255500,8817100,1909800,4758900,30030800,6446000,13532600,5532000,1742000,2629594,16776500,1550800,2986300,3972400,709600,1064100,4019900,5732400,656300,1334200,6107673,64610400,18915800,2029900,10598911,8628800,2656800,19520600,33682000,2610400,14475900,3542000,2223962,5380200,2477200,27607600,1677600,7620700,12193600,746300,15813700,2067000,2786800,1426500,3685000,18332000,6954800,2743100,2568700,10543300,26488500,179800,2969190,10553200,7816300,17581100,9923400,21963400,47216100,6765100,5009400,26137000,6145600,789000,5256500,2879500,533867000,5543500,8936600,19305800,5242200,47966200,6274300,865500,1979900,5700900,4692200,11889100,4430500,605700,531500,5478200,6921800,6394900,1355800,19098700,5363700,1816500,1585400,1721400,66821750,8162000,1222300,5741600,64926900,1651600,5129100,3536100,2677600,18032600,5475600,997800,1587700,21105200,2115100,30548400,28119300,2924400,32035500,1734800
2021-11-22,117467900,3975800,12619800.0,4205400,2098400,2284700,3014900,9029100,58674100,2835100,1835200,96844000,1099500,25898000,4651700,10764300,53697100,9340000,520600,5036000,6639200,24020500,2596500,1369100,29802700,2005700,3601000,19200238,1101600,7445600,2190500,4474700,39949300,4334600,9947100,4119100,1707000,2494346,12790400,947700,3913900,5198500,769700,1034900,5223200,6530400,531000,1254800,6248994,137861700,19073700,2185700,9962170,8951100,1936600,19836200,30594000,3058700,10262000,4006400,2601148,6416200,1888400,33389600,2041300,7634500,14549900,1604300,16905600,955500,1995400,1229400,4460500,18759000,11378200,2438700,5895900,7272400,27116800,259000,2836792,7853900,6274300,10880200,10430400,31031100,34775200,5214500,5195400,27644000,5906400,943000,5971000,5089100,754335000,6528200,6488200,16567300,4157200,27287900,6625400,547600,1588500,8059100,3782400,16062800,3096500,632600,660200,6819800,5967300,5896200,971800,12772600,3622900,2039300,1190900,1110500,71414574,7021300,1318900,5315800,99217500,1660400,4712300,2598700,2220500,21185800,3631700,804600,1173700,22751600,1618100,28549400,29126400,5212500,21994400,1655500
2021-11-23,96041900,8948300,6451900.0,4873700,1998600,2502800,2166000,7254500,62852700,2149300,2070900,73804000,1072500,17109000,5890300,8882800,49362900,6412500,686100,4490100,11577700,18142200,3127100,1188900,26273500,2441900,2941800,20821545,1252400,9107200,2147000,6431100,25653100,6625500,10366800,2482100,1680300,2002087,17382900,1249800,3174100,3765400,585800,1026900,3099500,4901700,725100,1054300,4952144,90984500,15861800,1422600,9648856,7100400,2026000,16225100,27218000,2402300,11722800,3557000,4266705,4912800,2324900,44713300,2070800,7734000,12354400,1161600,13835900,986800,1986200,1212700,2550600,17531000,7116200,2770000,6724700,6544200,17225000,178800,2325263,4852700,6971000,12130800,8559200,30427600,31823300,7408000,6857000,23202000,5302100,776000,9223500,3831700,532163000,4518600,8905500,21482800,3878000,24946200,7912800,697100,1908200,6103400,3452500,10696200,2262600,624300,571800,5950700,7911000,4321800,1024700,10914800,3391400,1392500,1219300,1402200,58975991,7110200,1022500,4483000,108515100,1172300,4881400,2857000,2345300,14742700,3416800,679600,2159400,21501600,1567100,28024400,29907900,1922300,21185900,1098700
2021-11-24,69463600,5792800,4763300.0,3729500,2191500,2426800,2539200,6185900,60677100,1699800,1320800,46560000,603300,12084000,3590600,5437600,40060000,7377500,438900,4924100,7812200,14975500,3880500,1035600,30483200,1738700,2350400,10800387,1244900,7215800,2316400,5091400,19328700,6109400,8500900,2374700,4482900,1757198,14123700,1183900,2236800,2851100,616900,732500,2738400,3049700,325500,1235900,4122160,77324300,13430300,1646000,8943739,6737500,1484500,12685000,18040000,2186300,6717300,2676300,3465226,3220800,2007700,26035800,993400,5230900,9629800,730300,12598900,1327400,2518500,1134500,1952500,12152000,6414400,2642800,2205800,5120400,13566200,149400,1780246,5274000,5191700,8537000,7146400,21661300,21666100,4553900,3601200,18673000,4637600,607000,4185000,2649300,435162000,3930900,10908500,11491000,3309500,18556800,5665200,499000,1256100,5066500,2305200,7886200,2147700,545100,625300,3464500,4464300,4725400,907200,9490500,2793800,1358800,905500,1062100,44597748,4960400,1283200,3552700,67680600,858400,6494000,2248800,2518700,12026800,3637000,531200,3086800,15474500,1512900,18901900,18089400,2055500,15869700,1177900
2021-11-26,76959800,5016700,6044100.0,4671400,2649400,2204000,1636800,7334100,36245100,3197900,1161800,59826000,619600,14219000,6804200,17636600,55110100,18045000,543200,4440700,9260600,24542000,3496000,807300,84158400,1899300,2439900,13737412,1006500,10258700,1844800,4195300,16730300,4241000,11861800,2021100,2308700,3472322,12027700,1044100,1805400,2264100,730600,627600,2767500,4738200,325300,1121000,4222964,49434000,21122400,1775800,13815999,5659500,1704100,13272600,30470000,2687900,10950300,3007800,4093126,3322000,1539100,25269000,1491800,8523100,13619300,756300,14754300,1319000,1495500,1079900,1891000,8377000,6613900,2573300,3198600,4999800,14750700,189700,2287111,4999100,5847900,18022000,11738200,24217200,16487200,4340700,4336300,28725000,4751100,524200,3647500,2825900,283069000,3720200,4519300,22787800,3402900,66561300,6299800,684600,1767300,2668800,5044500,7835900,10722900,575600,513900,7113600,6703200,5773800,1030600,12412300,2353900,2875400,833900,1955500,38851588,4737200,1677700,4391800,35042700,1308100,3324900,2480600,1941000,10987600,5674400,441900,1127400,17048100,1879400,29919300,21039600,2144000,24979600,976500
2021-11-29,88748200,4372500,5317400.0,5648200,2857100,2728800,2899200,9932300,57438900,2519900,1842900,65312000,853500,18703000,6258500,12276200,50231100,11252500,610600,5390900,9533500,24340700,4559900,1295100,58061500,3474800,3923000,20384075,1461000,9191600,2919100,8215600,25724500,5215600,12003800,4182700,2902000,3484054,21231300,1400700,2128900,2279200,1134800,765900,3420200,4061700,589100,2068700,5972380,68778700,17219200,1695300,15692352,8902200,3536300,15033100,32596000,2883400,9665400,3725500,2756584,8949800,2275100,31478900,1763600,9188500,12104400,1084500,22712500,1857200,4041700,1492300,3209100,19639000,6362200,2084600,4371900,6253700,16650900,217100,2780102,7673100,6166500,34192400,13793400,28563500,18889800,8712500,6121000,25294000,5448700,532700,5407000,2854000,454964000,5540100,9552500,15448100,5305800,72660800,7113300,716600,3045500,7245500,3400500,10440500,7839900,700400,589500,5835000,7114100,6017600,1629500,12588500,6722200,2890700,1489200,2137500,69449493,5813500,1869900,6836000,58393500,1153400,4576200,4079700,3435100,14633500,3889600,629300,2802000,18652500,2684600,27677000,33039600,2630200,18946400,1391600
2021-11-30,174048100,8172100,10682700.0,7269900,4761200,4703600,4122300,13505800,75182500,5400100,2759500,80022000,2396100,22574000,7444900,12638900,77193600,16517500,1057500,9925300,14717300,35574000,6358000,2658700,60131100,3545600,8702400,33628852,2660000,15723700,4244200,13597600,45141300,9051700,24451200,6593600,3681500,3770114,26011100,2684700,3873200,5192800,2057400,2238600,5950100,7858200,1068900,4247200,14721140,103238400,27056100,3366000,18313148,15465500,9085800,21282200,42068000,4570400,16082000,7773500,6026798,9252700,4043600,49460800,2414400,14981700,18922600,1548600,30485200,3243900,8265900,2763200,6235900,27254000,10237600,3836100,7392200,10679700,25390000,571000,6387238,11402300,14326200,30179900,20586200,42885600,27301000,16328300,9530600,56089000,11033700,1276200,10732000,6881700,622066000,6217100,23271200,20779600,7610000,64598400,11696400,1397800,5225900,7378500,5819900,19309200,8624200,1277200,1427100,7966000,9483300,9711300,2644800,39947700,6875800,4264900,1865900,2702000,184492383,9925200,2562900,10010600,81276000,2341500,8775600,7435400,6267600,16023000,9927700,951700,3988600,47766200,4177800,40671700,64818900,4298600,34979800,3828400
2021-12-01,152052500,6287500,7645700.0,4816700,2876800,2831800,3494100,14372000,64039100,3057700,2629100,74916000,1184000,21980000,6145500,13268700,60601600,14315000,707900,5165100,10355800,27379200,3425300,1410800,82486400,2785600,3716700,22658705,1406900,10070500,2877100,30723100,24120500,6223500,12302700,4009800,1755200,2644032,16469000,1875600,2825600,3654100,1049900,1414100,4779500,5594600,834000,1947100,8364332,125295600,19234100,2337300,13895451,8518300,3386500,26353700,34020000,2476000,10210000,3516200,3313609,5958300,2845400,35093500,1672500,9835800,12253400,1637100,18719600,2459500,3241400,2248300,4018600,25249000,8008800,3275300,6156300,5762300,30329600,350900,3893698,8286200,6552400,21435900,11708200,33337600,31633400,10062800,7114700,38828000,6618200,712000,11590500,4309000,484368000,6009300,12084900,19000400,5385600,59810400,8313500,801200,3043300,6109900,3976800,10637700,9692100,731800,590700,8499000,7618500,6029400,1813400,14888300,5750300,3711400,1436800,2390600,106323952,8014400,1502700,4757000,68450400,824000,7279100,4325500,2938400,13204900,5872500,743300,7044400,26295500,2148400,29365100,36621300,3568300,30630600,2042700
2021-12-02,136739200,4919800,5687600.0,5090800,3183100,2675400,3442200,9573200,56161200,2858200,1902600,64726000,1350900,22619000,6289300,20435400,57821400,13290000,630700,4924800,11094200,24890700,3445700,1761000,76746800,2226600,4665300,27911013,1370000,8410900,3277500,12200800,22384700,5992700,11392400,4081000,1969800,3250106,18177700,1281000,2956200,3107200,931200,2032400,4290600,5674200,457700,1413200,10169267,94142300,18548800,2143100,9782400,9411700,4692100,25365100,29194000,3343700,11238400,3705000,6371199,5267100,2648800,37240800,1350000,11334700,12969900,1610000,17074200,2183900,3817700,1804100,3706700,23006000,6717600,3290500,4223000,7525700,24396200,358300,4027052,7996800,6298500,15345300,10685800,30766000,22994500,8303500,8483000,33311000,4398900,700700,7300000,2945000,472890000,5086200,7089800,18877800,4619800,46361700,9468800,706200,2729700,5763000,3617500,13101400,7070300,563800,1165200,6409100,7709400,8382000,1482400,12517300,5742000,4506500,1369700,1751100,105952835,6050400,1481700,5829400,73114800,1215200,4236700,4738700,2423400,13976300,5242800,691600,3378100,27364400,2401000,29184900,39805800,2978700,29216000,1705600
2021-12-03,118023100,6428100,6460900.0,5254500,2331900,6741800,2809100,7768000,65910000,3591900,1804000,80712000,1199100,20305000,4069300,10742700,74605300,10152500,641300,5925000,8704000,25458700,3250900,1232700,59329100,2363900,5206200,23848944,1303800,6995700,2984400,8944000,26235400,5660200,10445100,3673200,1379600,3402612,14975600,1369300,3106800,3371300,1784400,1495700,2907500,5592900,393200,1360800,11724365,120275200,20762700,2438300,12973646,8328200,4066800,19596100,41230000,2807500,9155300,5237500,3762200,6630100,2604600,32224900,2485100,8750500,12681800,1313000,21064400,2566700,4169700,1603200,3972000,13856000,4732900,3229900,5530700,7735400,27471000,361100,3610604,8629000,8031800,14508900,9811800,41779300,19167200,11191000,8981500,48293000,4878500,746400,9274000,4211200,544325000,4047600,10808600,15148800,6465900,37574800,11200800,650400,2885200,7368200,3219500,12111800,4668700,650400,1043500,6038900,7014100,7344000,1794700,9816300,5959400,3639600,1488500,1624300,93399859,7970100,1698500,6010900,92322000,1344300,4901000,3038300,2606400,10660500,4134200,999900,2870200,24711700,2880000,29221900,44142600,3328200,22014700,1479400
2021-12-06,107497000,8939900,9813800.0,6601600,2100200,3170000,3864700,8579700,66776500,3998600,1864800,68860000,962500,22482000,4141900,11587900,48193100,14260000,442800,5524200,8951800,25105500,2838400,2042000,78131600,1844600,6525000,23829845,1260200,6200100,2432900,7123000,23172800,6039400,9833900,4774900,1543500,2744086,14333900,1016300,2972500,2863800,1324100,1383700,2592900,3091200,299300,1733500,8585147,88147400,13602900,1829500,10721861,7049400,3516300,16728200,30618000,1990200,9493500,4624500,4643360,4785600,1889100,40336000,2954000,9692000,11186500,1284300,26624100,1672900,3491200,1946900,3008500,12665000,6055000,3616800,4746800,5921100,21758300,246600,4088646,7029500,5915300,13506800,9624500,30032600,15094900,8946400,7238800,30757000,5636900,1096000,7201500,3084800,658938000,5604700,8398500,11188800,5403100,53724000,11935100,710300,3254600,6774300,3866000,8577500,8184800,567500,1012800,4964200,8280200,4488800,1123600,8977600,8959500,2858400,1250800,1435000,78265347,7782500,2319700,5042600,81663000,969500,4084600,4721500,3006700,10722100,2575700,831400,1964800,22433100,1823100,31650100,32589300,3772100,19210500,1212000
2021-12-07,120405400,6123300,6264600.0,5143600,1943800,3943500,3601900,10514900,53359400,3309500,2133000,66410000,859100,29562000,5124500,10387900,40740800,10062500,616200,5766000,10139200,28301200,2818000,1847900,62779400,2028200,3952500,49174722,1410600,8136600,2579800,7401200,24254800,3965700,11419600,5676400,1478900,2450580,14661100,1350200,4402500,2650200,1158800,1507200,3456700,4748700,316500,1884600,9251798,75885600,18048200,1694800,8104115,6438000,2863800,14135700,32240000,2441000,7886300,4204500,5078689,5194000,3090900,91731500,2138400,8311300,9851600,1348100,23832700,1797500,4035800,1540700,3405400,16016000,4939500,2596200,4043000,7717900,18794000,217900,2778069,7280400,7347300,17635100,10674400,31021900,21716900,7909700,5868100,31252000,5898700,919200,9250000,2498700,593053000,6229000,6803700,13643800,5460100,41575400,7913400,552700,2800200,6151000,2572900,9910100,5259900,652500,432700,5102900,8786900,4333000,1261500,9153800,4280400,2650100,1093600,1580900,82646331,7976000,1585300,6867900,56084700,1067900,5815600,3105200,2250600,11897200,3383900,580600,1949300,27754700,2301700,28370200,37739100,4990400,19800400,1296800
2021-12-08,116998900,5278100,4218700.0,5389400,2271000,2416200,2343100,6582400,40977500,2624400,1327600,45254000,1098900,17998000,4042400,6986800,50560300,9380000,413500,3255700,4620000,20697200,2341200,2298200,69762100,1462600,4311200,39058069,1202900,6313200,3037500,4586500,23631300,5767900,8827900,3491100,1182900,2508785,12886300,1046000,4819400,2553700,849000,924400,2265800,3109200,321900,1986900,7298391,63246800,14213800,1295500,7635106,6386900,2484500,10004100,24270000,1635200,7290700,4079400,5302241,5483900,1807400,37143400,2094900,6216400,11705700,952200,18026300,1370100,3636200,1376900,3820700,11634000,4226900,3453100,3864400,6678500,19937700,306200,2305888,6403500,5430400,14331400,9089700,24761000,12908500,5356500,5540100,22203000,5614400,467400,4651000,1722700,475551000,4298400,7695800,11473700,3891900,37429200,8329300,409100,2202800,5111100,1947700,4799400,6857200,694800,450700,6749500,5807000,4138300,841200,8963300,4511100,2681300,998600,1310100,64794044,8158900,1267400,5767700,41906400,1082500,4255900,3228300,1615500,11749200,2674300,948900,1296500,20452700,2421100,19990300,34496400,3039800,18214400,1441800
2021-12-09,108923700,8082300,3518000.0,2663300,1841400,2550700,2441400,5420000,53019900,2699800,1116100,46062000,1239500,29080000,2245300,7011000,37316700,6010000,376600,3445500,5870500,29960500,1646600,1430600,38179500,1518700,2928500,37396429,994700,6511600,3200500,3967000,16480200,14096800,8334700,5358500,897900,2221596,11862300,1121300,4020800,2485300,747700,651200,2044100,3957600,247400,1844800,7424151,63357600,11526700,1279000,6527432,5829300,2685700,12964800,23270000,2111500,7036600,3822900,5296512,4601100,2095500,31694200,1296700,8574200,11189600,1091600,13846400,1086500,2291100,1591500,3812700,10828000,3389600,2955100,5070900,3518600,16879200,206600,2103286,7656200,5373800,11938000,7749600,22214200,11964300,5731200,4822300,23763000,5171600,753700,5445500,1968200,488507000,3697900,8615800,9111700,3644500,38325700,8334300,486500,2165700,4594000,3913400,9398900,2760300,898200,389900,4241900,5664700,3652800,668300,6726700,4872800,1946600,931000,1205100,68283976,4901400,1029300,4041200,59438400,845700,3626700,2977400,1931500,10176800,3247000,614800,1734000,23628300,1772800,16927200,32351700,3222600,16910300,1107400
2021-12-10,115402700,7059500,3980400.0,4371800,1984000,2873000,1955900,5291900,42224300,2812200,1352400,60690000,695700,57087000,2768500,6040000,37700200,7842500,453500,4109800,4602700,39726500,3315200,1642500,33181500,2176600,4294500,29732382,1046400,6065000,6333600,3480100,19901500,9217300,9090700,3111600,1200600,2103946,10247900,1179000,3039900,2186600,764100,1221100,2883100,3615200,305500,1432800,6183521,169657200,10018500,1275300,6863859,5352500,2784300,22839800,24458000,1893800,9503400,2625200,3618222,4966900,1742500,23783600,1316600,6572200,10405400,833800,23153600,1116600,2380800,1180700,2547700,8793000,3405900,2529600,3327800,6999100,14528000,550600,1846146,6358500,4714300,11398800,10429000,38095700,11955900,4996700,5572900,27488000,4791100,480300,4251500,1890000,488825000,3874900,45824600,9672300,5025700,26079400,7172300,451000,2024800,4885900,2268800,6854800,3503900,791100,395800,3294400,6110800,3864900,659700,7445900,4207500,1378300,904300,828000,52988731,5123800,989700,3817700,59664300,632600,3264200,2572300,1887900,8882700,2194200,782300,1371300,18498700,2019800,20040900,38575500,2844000,17942400,1188100
2021-12-13,153237000,7834200,7263700.0,5094800,2843900,3829400,3664800,6202500,42174000,2721300,1836400,62170000,1008500,26898000,3477600,10619600,38653900,9820000,463300,4887500,5891200,20489500,1868500,1676900,39686300,1857700,5950900,32200246,951500,5719100,3415200,3625700,18496300,4986100,8533000,2629500,1375000,3074590,10195800,1561800,3932500,2292900,923100,842400,2612900,3999100,408100,1598800,10181885,126632300,11557800,1690800,11843339,6883600,4602000,27327000,27070000,2313300,9398800,3766400,3068730,6847500,2716300,35726900,1530500,11142300,12069000,1189400,31362800,1016800,3016700,1740700,3915300,12440000,4358300,2878800,2798200,9512200,22948700,347700,3025760,6921900,5416800,17486100,10057100,28899400,13054400,6446500,9275800,25179000,5972300,904700,4997500,2591500,598344000,4984500,16317600,12525700,5411800,54923200,8944000,637000,2550000,8055600,2527800,16346800,4254300,1074800,533500,4173900,6479400,5057400,1007900,8387000,8051400,2416900,1449500,895100,87574921,6883900,1181900,4154600,78595500,768800,6178300,2724800,1909700,8844300,2859700,673000,1677700,27618800,2079500,19598900,54039300,2500200,17793700,1161000
2021-12-14,139380400,6381400,5660400.0,8193300,2475200,5934200,2341100,5691500,50754600,2602600,2225100,55976000,808500,35956000,2964200,8445100,47099400,9810000,828900,5992200,6571200,19571100,2248800,1629100,38288200,2605500,7682500,37056483,1648900,6669300,3494400,7227300,19114200,6282700,12245300,3261900,1799800,3648742,10872000,1237600,2825100,2107800,1023600,938700,3204800,3412400,527300,2838000,6859986,124559700,12609600,1687800,11654259,7244900,4487700,17928700,38446000,2788500,11354300,4662800,4021827,5716100,2806100,34120400,1482100,10482400,12563600,993300,24806600,1631400,3424000,1786000,5100500,13892000,4518500,3695500,4250600,10391100,20461000,364900,2783690,10750200,5700600,18949700,11105900,44438700,12082500,11022600,6865300,29845000,4872200,906700,8298500,3672500,667035000,4766400,9511600,14116400,4985000,48685700,8677500,624500,3268800,10371700,3360000,8542800,4257100,730800,685900,6144700,6854600,6068800,918800,8515900,4289700,2000300,1440300,1082200,102318985,6972700,1491500,5615100,70806300,676600,6130400,3018000,1930500,9832300,2694000,792700,1370100,31555900,2311000,17602900,46721400,3102400,22551100,1762100
2021-12-15,131063300,9585600,6678500.0,6422300,2804900,4288800,3894500,6883000,72425800,3924500,1932500,75794000,1461000,29092000,5013000,10535900,60057100,10905000,465900,5598200,14235000,33861300,2193700,1291400,45971600,2513700,6124500,24584107,1431400,6805600,2937100,6484900,27953900,7052700,11069500,3235400,1982700,3362117,12231500,1320900,3378800,2471000,959200,1075100,2550800,3148500,462600,2263800,6540190,79679700,23245200,1699800,12350388,8040300,4700700,14471600,36370000,2802300,9060500,4421400,3132072,4990000,1692300,32590300,2192100,8552200,14014200,2186900,24923800,1445100,10016700,1208900,4939300,13627000,4918700,2641800,4499300,11735100,24681300,278400,2559320,8402600,5561900,14263400,7055000,35381100,13971500,9590000,12441800,28662000,7144600,672000,7907500,8675100,698297000,6006200,14452200,19091700,5507800,75202900,9152600,717800,2979300,6460800,2666100,11082000,4385300,842100,827300,5388300,6902400,5307200,1413500,9370000,5217700,2121800,1093300,1667700,93643342,5940800,1422800,4035300,75169200,839800,6342000,4188600,3703400,10892500,3136400,688900,1500200,24115700,2486100,20284300,33489900,3457200,19961900,1842700
2021-12-16,150185800,9569000,9415100.0,6984100,6298500,10961200,3521600,7155900,63369600,6027200,1791500,60876000,636800,42748000,4900100,8216800,69487200,13125000,474000,6538100,13248900,25688300,2856800,1631200,45611100,2063700,5237600,30303760,1336400,7068200,2683000,6556700,24599300,7360800,11344700,3252600,1945200,4537267,11145600,1138600,3066600,1694800,1394600,1158100,2943900,5108400,385100,1403500,9132067,107020900,17549100,4465900,11440140,10530000,4705300,17772200,33650000,3578200,6603300,4632800,3175785,7280500,2603100,33132300,2004100,8998600,19542800,2306600,24696900,1449500,5546400,1185900,4457200,13775000,5369900,2347700,4718900,10808500,22635000,257900,2691000,12663700,6067800,16601700,7889900,35034800,16503200,7623300,13742700,31432000,7138100,721400,7941500,4963900,707366000,5136800,9053200,13027200,6909900,75183600,10852900,827300,3772300,6832400,2965600,14873000,5156400,1241800,536400,4546300,7544400,9825000,944500,8547600,4740400,2750900,1377400,1502700,150436190,9558000,1625100,6062000,82771500,1106400,5452300,4080800,2932600,8548400,3030700,617300,1964600,40091300,2426700,32781100,39069600,3774600,21187800,1537700
2021-12-17,195432700,12631100,24062400.0,12146000,4929100,7999200,5325600,9334700,55642100,6424000,3248700,85542000,1768400,50661000,9576800,12618300,124242400,12172500,724700,12719500,11236100,47383500,6079600,3381400,48588400,4037000,10299800,44217974,2512900,22913100,5752000,12119400,62171000,9409800,22727900,6600600,2976500,8957899,13785000,2835900,7150200,3502800,2552500,1815600,6637400,9057600,713000,2666700,17821663,98710700,19628600,10117300,14550168,12226000,6564800,42175800,50416000,7058600,14672800,11097500,5919425,10379000,4208000,50102300,2623000,16726200,28082000,3228000,51874400,2791400,7582900,2749500,10173200,15633000,5898200,5943200,9002400,12439900,40012600,710100,4799189,26676200,13803000,28040600,20851400,47750300,23165900,15335400,22136800,43869000,7705100,1139400,17093500,7103200,713758000,12326900,28872300,23302200,10159600,104192100,24349400,1554000,6983700,10263400,5988200,16232300,7720900,1627100,990700,8892600,13696900,13350300,2325600,17089100,10776000,4124800,2355500,2416500,142867941,11378800,2475800,10490900,100437300,2879300,8427700,5707200,5625800,11578400,5212100,1358700,4586500,54501100,7156500,74833400,78581100,5062800,44338100,3042700
2021-12-20,107499100,7119200,4639300.0,6501200,2690800,3441100,3349500,4653400,38195400,2922200,1551000,57372000,779400,32770000,3839600,10256400,56455200,8315000,549500,5456200,11673200,31619600,3605100,1096500,59262500,1843700,5162300,20263610,859300,11485000,2033600,5580100,21342100,5233100,13464400,4520300,1784700,3291842,11201900,1041700,3678600,2592100,703700,1047200,3041300,2937500,450900,2146700,9315168,74565600,13373700,2759100,9651745,7616900,3891400,19073900,27192000,3735600,8292600,4294800,3594031,4941400,1516400,30140300,1560400,7954500,15148000,1850200,20879500,1621800,3479400,2315400,3900900,9110000,5013900,2824500,3088800,8996200,17901800,381400,2369754,11013800,7136700,11818800,11931400,28326500,22346800,10167700,5313900,33584000,8411900,860800,4983500,3248700,461847000,3914000,17205400,21316200,5263600,55712200,9202600,824000,2230800,4284500,5883100,6306400,6111800,912100,592900,5828400,6313700,6446300,1153600,10479400,4457300,2665000,1675300,1378600,102088344,7263300,1001300,3542500,56480100,1107200,4474300,3145600,2936400,9434400,4400800,779600,1631600,23418000,2786000,29134900,31017900,2373900,21819300,1122500
2021-12-21,91185900,6085900,6293500.0,7153800,2222400,4104700,2813500,5986900,57785200,2987500,1381900,55956000,636600,36534000,3722400,12082300,47845600,13942500,381500,3929100,9391500,23175100,2303400,1439500,69186200,1570600,4630800,21079972,849400,6324800,2472800,5428200,20761100,5040000,11368200,2395300,1518500,2469192,10781400,1194500,2054600,2251400,695000,797500,2816500,3089500,506500,2014100,6426768,58930900,13560800,2528100,12227117,8786700,6915200,15571300,28756000,2942800,7126600,3038200,2788520,4856000,1713500,31956300,1699200,7954200,11291300,2267000,15864900,1051900,2702500,2352400,2963800,13405000,3105100,2851800,5626700,6771200,16116800,279300,2384944,9110800,5679200,14947800,8235100,24740600,58363600,6287900,4977200,23194000,13862900,798300,5645500,2515100,524385000,4084300,15823000,13116200,3401400,63877900,6946000,623300,2185800,4583500,5058500,7702400,6787400,1108900,386400,7301900,4682200,4353500,1045100,8440200,6802800,2011200,717300,1421700,96523307,6644300,1201000,3696800,71517900,869900,6089400,2536000,2317000,6993700,4585000,545500,1860400,23905300,1474100,21249400,24620400,2901100,19798900,1509500
2021-12-22,92135300,7070900,4802500.0,6768900,2282400,4526200,1776400,4293700,46923700,2677700,914200,55036000,430300,28383000,2877700,8145300,35715700,8215000,350300,2445600,7722800,14760600,3558700,1165100,62921900,1539800,3373000,28330984,704300,3775100,1454500,4982400,17095500,4318200,8345200,1717300,1582400,2470997,7820400,1285400,1588700,2153700,620100,664900,3615200,2713900,333200,1259800,6015982,75806400,13244500,2324300,7485993,6015400,3885300,16694000,26322000,1487900,5262100,3267800,3300877,3923200,1083500,23307900,1410400,4178200,7273000,719600,12447400,923400,2721000,1311400,1771900,10424000,3456400,1795100,2551200,5122900,16764600,157900,2418312,7997400,5168400,9256000,4798400,24831500,18593900,4142900,6175200,23357000,5811300,715200,5053500,1095600,395184000,2989200,10539000,8381000,4362900,62594900,6626300,426400,2136800,4877400,2320700,5227200,4272700,737400,541200,3852800,3643300,3945200,454100,9699500,2349700,1077500,814700,1456200,67746697,4852400,918400,3400100,93634200,1078800,3375500,1687500,1716500,6003400,1856900,608000,1436300,16486500,1952500,15688000,17028000,2247100,14058300,1136700
2021-12-23,68356600,5702300,4017400.0,3491800,1374000,2147700,1553100,4625500,48653800,1668800,1016000,36788000,344700,23596000,3140500,7415200,34053500,4662500,416300,2898200,6414900,15223300,2669600,1211000,39191000,1286100,3936400,19654140,1031600,3902700,1757800,3769500,17771400,3111000,7416600,1851000,997800,1364654,6572400,943400,1435100,1594000,489400,646700,2367800,2458300,433200,861800,4988737,50610500,17727500,2099300,6236589,5096300,2332100,13722300,26384000,1624000,3455600,2743900,2521042,3649000,1212300,25198200,1022500,3501500,8055200,878000,11027300,1151900,2632200,1061200,2060300,8674000,2627000,1509800,2193700,3943300,13987700,163300,2339017,7530600,4658300,9894900,4482200,19617800,36400100,5845600,6113500,16211000,3876900,610500,3323500,1191900,343022000,2863700,9655400,8401600,3241700,39203200,5640900,633200,3047800,2926800,2970100,4918900,3859500,398700,585500,2650000,3359600,3570400,785600,7160100,2126500,2259900,1342600,1501500,57348266,4625900,840000,3020800,92713200,621300,3266500,1706500,2573900,4798200,3644200,365400,1210100,14921400,1228400,16025600,17592600,2442400,13543300,1172400
2021-12-27,74919600,4436800,2725200.0,3801700,1906300,1980100,1609800,6416500,53296400,1763200,1235300,58688000,413600,19442000,1687300,7818900,33879200,4127500,410900,2807200,4105400,14035400,1711200,920600,37286800,932300,3189600,17521954,785100,3967800,2262900,3531800,14779700,2596600,7745500,1430700,953100,1202561,7762000,1290000,1269600,1377300,510100,313900,1626500,2714800,296900,730700,2974203,59651800,11409000,1478600,5503703,4298800,2503100,9078900,15976000,1430400,6267200,2228300,2638070,4293900,852800,20985400,1136600,3704800,6188100,1302800,9860000,1094400,1677100,965900,1590200,10143000,2677100,1485500,2311200,3813200,17795000,358800,1414868,5686300,4334900,6334700,4196000,19947000,17110100,5410300,6444700,20615000,3769300,362200,3404500,1550600,403686000,3346100,7666200,8380000,2868800,27362600,4548600,375200,1591000,2036600,2229500,4865900,2967100,443700,230400,2743700,3716700,2815000,842000,6891400,1888800,994400,850700,723200,67853676,3165300,531400,3397500,71145900,582500,3405600,1349400,1807200,4818400,2217800,394500,2073400,19705800,1381200,11900400,16040700,1211500,12593700,807000
2021-12-28,79144300,4237200,2292600.0,3296000,1362600,2107800,1507500,5834300,58699100,1304500,1065600,54638000,354500,17247000,2035300,8879700,32492400,3650000,385200,2572900,5515000,12697900,1393000,1156000,39749600,864800,2201000,9904748,531500,3383700,1155000,3293700,12865000,2732400,6516000,1236100,718700,1392178,12198700,1106700,1197400,1230700,724300,752800,1271500,2307900,242900,672300,4586082,53020500,10835200,1342400,6503676,3802600,1929100,8577700,18200000,1528200,4107600,2521400,2091443,3445200,1033500,19290400,931200,3187000,6342300,751900,8979900,926400,1033900,827500,1531500,7816000,1920100,1304000,3334800,3254900,16637600,206100,1936204,5457100,4774700,5727100,4269700,15661500,13683800,3096400,4712700,18828000,2658600,307800,2411000,1524600,420591000,2663800,5610500,9544200,2332100,36901700,5929400,306100,1749300,2622100,2316200,5399400,2363500,327800,237500,3220100,4561600,2719000,601200,7146300,2152800,966400,717600,705100,55695649,2982500,818200,3706600,60324000,600800,2806900,1495500,1375400,4279800,2784800,287100,1066900,12126500,1224800,14320500,15783000,1213900,12781000,1004400
2021-12-29,62348900,5594300,1995400.0,2848900,1041700,2484200,1170700,4654400,51300200,1389400,1430600,35754000,499700,14797000,2082200,6119000,25294900,2575000,392000,2687300,3398400,13284000,1334900,849500,30313700,821400,2628900,12852655,595100,3947300,1753000,2592700,15069900,2782500,6957400,1517900,1417300,2263670,8737000,624300,1176300,912300,460200,590100,1434200,2053100,248700,1467500,6610570,37883000,14596200,1467400,5602577,5893900,1871400,7982300,17788000,1327800,7203600,2209300,1819085,4239900,946100,14174800,897500,3662000,6398900,613900,9996000,802100,1112300,771700,1617500,6902000,1535200,1318500,1451400,4753900,10747000,111700,1461392,6044900,5253600,5926100,6923100,15042000,32234600,2945400,4448200,12872000,3830900,365200,2209000,1079000,343139000,1920100,5628500,11311000,2299500,26170200,5346100,281600,1399600,3238600,2693100,5417200,3038600,413000,236800,2085300,4215300,4196900,484700,6817700,2321300,953000,709400,498700,44728560,2884100,644100,3389800,56154000,514900,2754900,1573900,1154900,3223100,2777800,588400,726200,15109500,1219600,14390700,13045200,1502600,12733600,939900
2021-12-30,59773000,6354300,2181100.0,2809100,1278000,1564600,1288900,4171400,44358000,1507400,1370200,37584000,433300,11473000,1632900,7012600,23852200,4895000,315900,2300000,3530500,11380500,1465900,735500,49120200,768200,2772000,12103088,450900,3340200,1338700,2950600,9076700,2484500,6016000,1752300,1538800,1297538,7228400,622600,1690700,1177000,478400,646700,1202200,2228300,239200,884400,8381577,51470100,12001000,1785300,5247049,3238700,1822900,11965900,15688000,1160100,5751300,1804400,1350759,3158100,758000,18359400,754500,4231800,6948200,615000,7703900,925300,1181500,778500,1488100,5216000,1558000,1714600,1659400,5563000,10593300,220200,1276491,4055500,4049900,5859100,3564900,15994500,19327800,3716300,4295700,16251000,2666800,375900,2454500,1348400,308864000,2071500,7382400,9509500,1988900,24559000,5911500,439700,1504800,2973800,2469200,4108400,5293900,306300,235300,2459400,4068700,3079200,410700,7205000,3203800,1085400,820400,820100,53706074,2799100,555600,4348400,47040900,665000,2109200,1309800,1207000,3812800,2202000,388100,961500,15615500,1380000,13701300,14949000,1744500,11940300,859100
2021-12-31,64062300,3963400,2596000.0,3271800,1163200,1581400,1520800,3594300,49448100,1668400,1274100,47830000,586600,12046000,1743600,8053000,24253900,4557500,215100,2932200,4174400,12307200,1374500,739400,29363700,923800,2940200,13172542,600200,3453900,1509200,3169300,10359100,3251600,5706600,1975500,1004700,1439892,6410200,752000,1945700,1610900,500200,447000,1283500,2062300,278600,838600,5549537,51899600,8793200,1272300,6092452,5736800,2017300,9856300,18136000,1601300,4953600,2386100,1630227,3362100,856900,16319000,1157700,4409500,5805900,525000,10021300,817800,1315700,887200,1774200,7138000,1984000,1519200,1450500,5076700,12870500,287100,1691862,5440200,3546400,6019500,5124800,18000800,13660600,4811800,4517500,19959000,2752000,414100,2323000,1298900,266530000,2309800,5908200,8669200,2914900,28579600,5327000,357300,2025800,3219400,2317800,4113300,3085400,353400,305000,2667700,3674900,3223200,852100,7785200,3609700,1194700,842800,638300,59608069,3193200,778700,3186400,40733700,858700,2813900,1695400,1579900,4723300,2478100,523600,1142000,15911400,1301100,12649300,17947800,5704600,14072000,1073400
2022-01-03,104487900,6839800,4224900.0,6688100,2129900,2862700,2661600,5363900,59396600,2742800,1597900,63520000,1130100,22591000,3236400,9060200,58587900,9725000,470800,3570300,5093500,30508500,2055600,1641800,38836800,1434400,5327000,22093302,1317500,5769900,2714100,4316800,17184300,4951000,10717700,2348700,1570700,4132992,10222800,1000700,3272700,2033900,715000,927200,2435900,2997400,351800,1307200,14899334,110449000,12658000,1752400,7415209,6622500,4013300,20980200,28646000,3334300,9199200,3715700,2735895,4605900,1792000,33857600,1573300,6012200,13120900,1044300,20187300,1514700,2621300,1205700,5302100,10602000,4708200,2750600,3183500,8978100,14537900,324300,2309117,10308100,5855800,9441200,8481900,28865100,18705500,7864400,6493800,30675000,5670500,662100,5218500,2243200,391547000,3110500,10644400,15094100,5488900,57219200,9317300,880400,3437500,4790300,3710300,5990200,4677100,515600,638200,5169200,5475700,6739700,1484100,18781000,3616600,2128100,1282400,1169700,76970210,4814900,1888800,6673700,103931400,1335400,3781500,3033600,2319600,7694500,3568200,614700,1382100,18240100,2170200,38978100,20706600,3501100,24282400,2772700
2022-01-04,99310400,6298300,4080000.0,8241200,2516300,4344800,2349200,6947000,80200500,2491700,1813300,70726000,1667400,21103000,4799500,11414600,74606700,9540000,495800,6003300,9135000,30303600,5242300,1896600,44776400,1614000,4405100,26240518,1154000,9189300,2097500,7240700,29682500,6089800,16413100,2872800,3034100,5044754,16582000,1531600,2558300,2110800,960800,957300,4466700,5716500,399000,2065400,12404756,311645200,14448600,2586600,12237390,6784100,4659000,44691300,28400000,3916400,17741700,3266500,3455040,7300000,1857200,45681400,1310900,6748400,20195800,964900,26141600,1919900,2340500,1361100,3638200,14566000,6854500,2506000,3029800,7519400,15998000,385600,3016551,11647900,8469200,11981700,8967000,32674300,19725000,8379100,7508500,43931000,6064200,740500,14903000,2924300,527154000,3410700,11959000,26692400,4717600,66993100,9253800,712500,4209300,5372400,4484400,8484200,4519400,725400,588200,6044200,8367600,12870700,1707700,17954000,5259900,1834100,1215200,1982400,72918108,5905700,2598000,7336100,100248300,1242500,4137500,3908100,2741200,10629300,4171700,710300,1384900,26376800,2885300,43855100,33930000,4197000,38584000,4664000
2022-01-05,94537600,7724900,4804600.0,5948200,2471400,7394800,3343300,6840100,65403200,2806000,4486100,64302000,926100,34961000,4491900,11564700,57791600,6375000,573300,6888300,6601200,25149100,5378200,3577200,31833200,1559300,4445900,22116669,1027500,9034500,2887500,18882500,30317900,6957500,15487100,3971500,3310100,4199431,12272100,1470500,2446600,2531600,688400,835300,4180000,6632100,394800,1718600,13295867,253540000,22270600,2437600,9461542,7799500,5202500,43578700,54618000,3469600,11741400,4443200,4337899,8956900,1846800,59109300,1804800,7016100,17539400,1174000,22507300,1654900,3004200,1682200,3808600,13994000,5976600,2473000,4219600,10723200,20564500,358000,3531070,11506500,8747200,17447900,10288800,40054300,28613100,6722300,7243400,41487000,5021000,1072500,10480500,7732200,498064000,3237600,11236700,21157300,6564600,52956400,9330200,1015200,3818200,7180700,4196400,17141200,3362000,1100800,578100,6833600,8662300,9568800,1182500,15846900,4542900,2324400,1316100,1318500,125367971,5101900,1915400,8059200,80119800,1701100,5047400,3921100,2710800,9594600,3999800,637400,1685700,28697300,1770100,35072600,35418000,4166000,34033300,4749400
2022-01-06,96904000,4667000,5049600.0,5710200,4386600,3913600,3296300,6576000,64802900,2198300,2473100,51958000,808500,28581000,2649400,7142200,52040900,6177500,637000,5137200,5510700,33334200,3913200,2592500,31459900,2258300,4154800,19513509,943300,8679000,2503100,9376100,19616600,9847600,13318500,3460700,1600700,2247089,11095300,1709400,3944100,2270700,907900,1763000,2477000,5254700,366700,1433800,7993924,155058800,16145800,1857800,6864983,7368200,4417200,20650900,37348000,2960900,8984600,3315100,3469894,9908100,2205700,35757900,1701800,7301600,14047500,1268500,17902300,1649400,2863200,1368800,3616300,11896000,4781100,2908400,3039500,9204600,27962800,288400,2996458,10134100,7923800,11359200,10059200,39646100,22320300,12658600,8537600,57118000,4144600,764300,8372500,4619400,454186000,2869800,7918400,18528200,4288700,37000400,7556000,594400,3090400,6279600,3631300,9117700,5830400,676200,453500,5559000,6099900,7941200,947100,11163900,4015300,1715700,1452600,1776100,93758133,4059900,1686000,4659400,90336600,1430300,4502600,6555200,2102200,7877500,4248200,563400,1592900,21563800,1297300,29720800,21828900,2296000,30668500,3103400
2022-01-07,86709100,8630300,5624600.0,4367500,3469000,3605400,3109600,6335700,58441100,2343000,2244300,46606000,945000,27832000,3043000,9526400,59082600,5747500,643300,5618300,5341300,26548200,3673400,2260900,37140600,2049800,2818200,19093432,928900,10838800,2323900,6286700,20152400,6862200,14164600,2762500,1791700,3645245,9554600,1265700,2990100,2436000,668200,1355400,2863600,6277800,355700,2079800,11806803,127017500,16974600,1646000,10029103,7119600,4973100,17136100,29760000,2360700,8115100,4520700,3243159,5238100,1962200,30717200,1746900,6986000,13913300,1155000,12307900,1441000,2245100,1634600,4945500,15698000,4551200,2209100,4607500,6454800,14722000,309600,3349039,8098600,6443500,15212000,6128400,32720000,14857900,13359300,5955000,33829000,5108000,908600,5952500,3521200,409939000,3108900,9836800,14884500,4916000,27703400,6098500,621800,3449000,4764500,3771000,7386200,5106900,584400,613400,4835300,11266400,7344300,1325500,14324300,4380300,1457100,1086400,1787300,98164670,5497700,1741800,11766800,84164700,941500,7414200,5494200,3014000,10702100,3723200,692700,1277400,26512500,2817400,35149300,19723500,2673100,23985400,2206500
2022-01-10,106765600,9794400,6973600.0,5975600,2952400,5429700,3206500,9683900,84671300,3191900,2113500,87798000,1019100,29793000,4269400,8229000,66839500,8185000,788500,5812300,6454500,28693700,3734900,1937300,32828800,1675100,4138000,21571219,855500,9125400,4916800,7803800,24715300,6105500,12626100,3073300,2120000,3807451,8672900,1172300,2683500,3053200,1122000,1104200,2840000,5381700,415300,1896400,12321757,122800700,12066900,4553800,9259300,10362300,4442100,18980400,44408000,3009400,10612600,6440000,3664376,5432800,2510200,49260800,2057500,7698400,12922500,1341100,20954300,1415600,2576700,2389900,6292400,16246000,6009300,3122400,3670900,6823800,24942400,586200,2772328,13390600,5922700,19636800,8904900,44289500,20290000,11378700,4959800,44861000,10439000,1018100,9838000,3050200,594681000,3275800,11025500,17609700,5055900,34044700,8055000,576800,4169500,7067300,5816300,11159300,4035500,822700,766500,4884200,8499400,6821800,1603700,15515600,5599200,1753600,2357500,1304700,77030717,7964500,2095700,9615900,91815000,9883100,7195800,5831800,2853800,11978600,3975900,868100,1844500,24929400,2519700,34733500,22731600,3760600,22760300,2232200
2022-01-11,76138300,7159400,5331600.0,5709400,2407000,3422200,2231600,6824400,77153900,2317900,1884300,62806000,542000,19037000,2762700,8098400,40454400,7222500,744500,4247900,6208600,23453000,2944300,2446600,29608000,1926500,3562400,20098225,1259300,8510600,2457300,7635300,22804200,8694200,14609000,2921200,1249900,4618934,8042600,817300,2937300,1797200,981900,1080000,2144300,4866400,322600,1075600,13442797,106011600,17291600,2018300,9107137,8932000,2891700,16463800,28730000,1748800,13232400,4385400,3744800,11105300,2479700,39795200,1825200,8341100,11854100,1018500,19369600,1571700,2294000,1128000,3415000,9189000,4131200,3206200,3568600,5295500,16226800,476000,2707983,15590400,6883000,11585100,7320200,29386800,14924900,8395900,5224100,30778000,8175400,605000,6700000,4253700,404089000,3998100,7249800,20876100,6452300,33576600,11957900,543700,2656500,6473300,4409600,9591000,2990700,613800,502800,4529800,13073200,8977700,1063600,15432500,4071900,1267700,1497300,1019700,60054124,5682300,2474800,8358900,66063300,7451600,5239300,3332800,1771700,8803100,4174000,1017600,1458900,18598500,1843200,25073700,21668700,3405400,32936100,2287800
2022-01-12,74805200,6589300,3534300.0,8416000,3143400,2901800,2244200,10379800,69669600,1885800,1876900,50030000,959700,18806000,3224300,9134500,41378000,6952500,650900,3580400,13543700,27976200,2506900,2051800,33645000,1352600,5112700,19198104,1649400,7740100,1729500,6718900,13405400,4933700,12469200,2344000,1458900,2970475,6995600,1060200,2226300,1677700,990600,732200,2191200,3953900,343300,1983400,12623328,104050000,28622600,1413500,7316816,7206200,2919200,20215000,26108000,4158000,12482900,3623300,3294193,5352000,2156300,29136800,2106800,8116200,12568000,1213100,15753800,1274400,6562800,1477100,2825500,9286000,5783100,3044000,3117900,5798100,14104900,335600,2067286,12682400,6861800,13057000,10855200,34372200,13339200,6484000,3978100,37874000,6351200,714800,8586000,2869000,383413000,4234500,5840300,15501800,5268000,27608500,7127500,529100,2635800,4812200,4263400,7317500,2599900,584700,594100,4613100,11810500,8669100,1191400,13196800,3043500,931100,1910400,807100,48477730,5654100,1554200,4962500,83739000,4328300,4240100,3502300,1865700,6923300,3192500,912800,1225000,12778300,1888100,34159400,18946800,2178100,23045100,2451400
2022-01-13,84505800,8386400,4893800.0,7174500,2944100,3406500,2937700,12553600,76618100,2152900,1728000,52188000,788400,30048000,3808800,17628000,46337500,6310000,795900,4277900,11883600,29222000,5002300,1614900,43271400,1139000,6698400,19125655,2029500,6814000,2428100,6680300,14871600,6511000,9691300,3052900,1325100,3951835,9680600,1004100,2591200,1343500,784800,601500,2131900,3469200,424700,1336100,14125430,185780500,22954000,1658500,7034320,6711300,3010100,19283000,31436000,2497800,14906400,3466300,3270533,4868300,1893800,29605400,1717800,6159400,13623400,2290400,14318000,1446200,3726500,1244000,2243400,29135000,3892900,2371300,3711000,6692100,14797100,417200,2505261,9105100,5486500,9678100,6267700,45366000,23679800,7203100,4824100,44751000,4990900,665300,19524500,2325200,540171000,2390600,6044300,13529500,4310300,28117900,6551000,499500,2108000,6696800,3706600,10190900,4265000,649300,414800,5026300,9818500,9123000,1064300,12799600,3617800,1246800,1158000,1062000,65005487,6149400,2018100,4164800,97209900,2860900,5361100,3005300,1828500,8867700,3033100,951400,1750400,18178200,2236600,34037300,24252600,2628600,21043200,2347400
2022-01-14,80440800,10484500,4144000.0,9256900,3949800,2659800,4088400,11437300,71078400,3012000,2549900,45974000,1478500,25661000,6508500,8053500,72953300,6902500,1239700,4913700,8675000,35994400,3970600,1639100,28270800,1327700,4431900,20048823,1596900,7946600,3872500,5805100,18831900,6706700,13281000,2580600,1309400,3576775,16832000,1395600,3425900,1633400,1776300,830600,2624400,4981800,510800,2824600,10372417,146012200,19204600,1393600,7030789,8344800,3466600,16180300,29662000,4685300,13120200,6336200,3547029,5310300,3628600,30151500,2299900,5847700,40158400,1422000,19729600,1850700,2894300,2165000,3258500,19416000,4029900,3460100,3996600,6337600,16868500,471400,2734176,10421500,7237100,9478000,16724900,39846400,18385000,11084300,5175400,78611000,6030500,936100,16188000,2428900,395832000,2506100,6054800,19566000,4474500,27072500,10708000,775900,2330300,5576100,3389700,9587300,2589200,792000,677800,4987400,13703200,10057100,2622700,17414000,5700600,2539700,1400700,1661300,72617163,6631100,2426200,3801500,72924300,2748900,4731400,3665400,1921600,8838100,3121300,2301700,2178400,18695800,1807100,56739600,26867400,3011500,23012900,2209100
2022-01-18,90956700,12341900,5775400.0,5850100,3425600,3461000,2558800,12417000,56527400,3720400,2523600,67292000,1086600,35825000,4336300,8930700,65877400,8747500,1018400,5764200,10721500,26353600,5411900,1682700,29779000,1445700,6746200,24929922,1709000,10782900,3801900,6032000,26545800,8109300,12905500,2722700,2685500,4699699,10419500,1502000,3082000,8758900,1856200,1053200,2777100,6205400,460800,2106900,14399521,110518100,25895000,1918700,13499795,8986600,3332500,18299100,34872000,13123500,12294200,6435200,3241355,5246700,3195400,35313800,2313900,7815600,32324800,1710200,21976700,2207400,3241200,2471600,4612500,20069000,4933900,3076500,5489800,6739500,22645600,572000,2883078,8876200,7808700,14493100,21803100,42333200,19900500,10848100,4936500,48391000,6931000,774800,11933000,3056100,424270000,4224000,6824700,24397200,5789500,35598000,10988400,816700,4121300,7123400,3862500,10471200,2528200,974800,659800,6010200,11396000,15343500,2738200,19101100,4240300,2753000,1483100,1349800,80247772,9601600,1849500,4960600,66743400,5849200,7382800,3938800,2339700,9099300,3513200,1180100,2016400,21570300,2078800,41689600,21123900,3616100,32841200,2433800
2022-01-19,94815000,6196700,5127400.0,3996400,3374700,2985900,2535000,12929000,69831800,2061200,2200000,53242000,814500,22692000,3592000,9382800,84451800,6822500,795100,6086400,8721800,22817100,4991700,1981200,27894500,1452300,5614600,19048404,3196100,7370100,2709400,5332600,24333900,7286600,12064300,3681700,1919100,3361778,10413200,1113300,2460800,3820300,1297100,1168500,2145000,4935500,471400,2368300,12501354,153198200,18064400,1302800,9147425,8217700,2611700,20576000,28648000,7426100,10423300,5175100,2774303,4103700,2549700,30595100,1917900,5926500,22380000,1511400,18654700,1442400,2487600,3336700,4146800,18340000,4464800,2304700,4254400,7244900,20814700,520300,2354446,6430200,6582800,11448200,19716100,45933900,19043800,9673900,15819900,43535000,4823800,570100,12852500,2742100,488315000,3281300,10501800,18393300,6424500,27300400,14088300,907700,4361800,6510600,3086500,10082700,3083800,656300,532600,4887800,10856800,9110700,1859800,11154600,3728000,2198900,1535300,1498000,67442309,6621100,1875900,3898300,75442500,4733800,5207300,4030900,1701700,9399800,2786800,986200,1649300,18374200,2459300,34970200,22674000,3758100,26431600,2159600
2022-01-20,91420500,6612800,4941900.0,8652600,2817300,3208100,2361500,10573800,91157300,2093700,2120900,71974000,1073700,25225000,4205600,7636800,46265300,13950000,945800,4402300,9562500,22794100,3545600,1440700,25457800,1429100,6377000,21395804,2370800,7707700,2893700,5663700,17726500,6694700,11370400,2982200,2014300,3346099,11760400,1304200,2426800,3116900,1361100,1303000,2417700,4863500,425300,2067500,11848442,152014100,17598500,1671600,9045502,8639700,3801600,21554100,29908000,4599900,12387500,5440600,2725391,5278200,2744800,28582600,2772300,6011300,14860800,1578600,23002400,1611700,2655400,2109100,5946600,19444000,5043200,2602200,5237200,10461100,16925000,485200,3369491,9469700,7200600,12069600,22637600,35380700,24701300,12028900,10531600,126590000,5366500,843900,9428000,4079300,435181000,3647100,10836900,16099300,6284200,35105300,10799100,906100,3494800,5589700,2943500,9468500,5003800,765900,518600,5354700,20311500,8790900,1501300,14720200,4225100,1976000,1284200,1339600,55659239,6669000,1530300,4795700,70488600,2231700,6057800,3228600,1706800,8532700,3868800,1199100,2013100,24297100,2109500,26972800,22387200,3737200,26774600,2844200
2022-01-21,122848900,7583000,7242300.0,10132700,2830700,4276100,3969900,12408200,95685300,3534800,3504900,163972000,1503900,38010000,3779100,11548500,71303600,14562500,1248100,6535400,11278000,28637900,3754700,1413100,41314300,1782000,5690900,35376812,2261500,10625600,3295600,9128400,25914000,7822800,13055700,3831300,1493300,4530274,34491800,1825400,3453800,3120000,4800500,1103900,3253500,3801600,374600,2242000,13227029,145532900,24839300,3063600,12964978,14843200,8034300,25692800,55652000,4904100,14362800,7718400,4711689,5907000,4442300,46372400,5584200,10550300,20705400,1934900,26643200,1921800,2788600,2795400,5724400,22222000,4867100,3738100,6026900,18880800,28710700,728600,4161004,8908700,10194200,18461700,22568300,57984400,29716300,12809100,9522700,589043000,7553400,928100,13028000,5790000,718958000,4183100,11609000,18434100,6753200,41059000,10900400,846300,4375000,5423700,3592700,11898700,5059300,1329000,594200,5846500,13438300,9773200,2124900,15762200,5959000,2515300,1634100,2589500,79715392,8652900,2095500,6504200,103416000,2760000,11527900,4273200,2570400,16200200,5994900,1105500,2214700,25294800,3205500,38357600,27508200,4885400,35995200,2633000
2022-01-24,162294600,13733800,14606600.0,10864500,4544500,7538000,4777200,13204800,116210100,4419100,2708800,155624000,1351800,54256000,5405000,13796500,90672700,14602500,1688700,8504200,8974600,38601700,5107300,2102100,52166800,1980300,7339800,44367887,2354700,9505400,4412600,11664300,34180100,13768700,19513700,4992600,2251800,6241111,31419500,2383200,5654600,4262100,2482400,1798100,4210100,5916700,620500,2614400,14614728,186674000,30985600,3051500,15847565,12909000,4706900,32931800,76622000,6569800,18874000,8584300,5769824,13484000,4011800,64198400,4706500,14054600,28471400,3310800,30185100,2877700,3712800,3022300,4911600,24890000,7472800,5153100,7056200,13793300,38878100,1107100,5635193,12646900,9624700,17289000,19527300,85731500,29757100,14689800,8732500,323460000,9733200,1303300,17102500,6443900,913982000,6464500,16770400,23734700,9263900,59036400,14838100,1018500,5717800,8974600,3803800,17489100,5615500,1126200,1100700,8849700,17201400,13314700,2987300,17956500,8840400,3755400,1861400,2307300,102910548,10903800,2586200,8814300,151565700,2750700,11717600,4780700,3660900,16054000,5075700,1431600,2818900,32500600,3765500,48451400,28699200,4502300,41507000,4093400
2022-01-25,115798400,10296500,5704900.0,9126600,3625400,4051500,2837900,11800000,85102900,2769900,2065700,90824000,788100,38158000,13320800,8824500,73555300,11340000,1220000,6435400,10837400,34371100,4554300,1459800,36484500,1557800,7643300,34308638,1645200,8514800,3076800,9092700,25156400,7472300,19984500,3195100,2511900,5518176,14694400,1478800,3336300,2386400,1389600,2109200,3723000,4764900,477800,2487000,11167351,116775800,27054500,2032200,33629909,9239400,3968500,22164500,46960000,3959300,25380400,5536700,5557306,19715700,3164500,44095400,2768200,14081200,18915900,1782800,19027100,1941600,2525100,3182400,4099200,18846000,6994400,3908600,5095600,12863000,25108500,1252800,6041116,9660300,10674200,13662400,16060700,72848600,22128400,22925000,5808100,151458000,8195400,987700,14393500,3402500,664616000,4623200,13469900,28095600,6536900,43983200,9369600,812100,3755500,6006400,3122800,10708500,4118500,975500,868100,10377400,12368500,9155100,2908000,24167100,8001100,2614100,2498500,1692400,115467364,8265700,1864600,6237700,86595900,1455600,8157600,3428900,3817200,12125500,4948100,999400,1956300,32075900,3023700,40858700,29479500,4756500,39278400,2673200
2022-01-26,108275300,8040300,6990300.0,14753100,4422200,4449500,3561600,11852600,94752600,2861600,2325000,95602000,1171100,49715000,8257300,19974400,63735800,10982500,942700,6119400,16803600,31803400,3558500,2469000,40706400,1761800,7455000,36514127,2865000,9416400,3074900,10029600,28632700,10827900,17266500,3538100,2296100,5309947,14569900,1372400,3111000,2333800,1692400,2261200,4230000,5122500,559700,2024100,11772454,135786400,24866900,2010800,17073695,11280400,3680400,23174300,49130000,3745900,18761200,6103300,3594244,8336000,3084000,54895400,3512700,9963200,20709100,2381800,19190200,2092900,2913200,3640500,4349200,23637000,7438600,3839000,5657000,10027600,28348800,719100,5274360,11715000,7942800,13046600,13344400,90428900,21018700,24721700,7196000,126840000,7444600,1111000,17376500,3590200,755959000,4577500,13971300,25911600,6841800,39644800,10707100,861100,3698400,6340300,3907700,10492200,4343500,857900,848300,9829100,11863000,8703900,3524100,25985100,6076000,2029400,2119700,1569600,188252808,7358200,1892900,9372100,104867400,2871400,12852700,4435900,3074700,10817600,4132200,1050900,1998900,41504700,2667200,39687100,26185500,4062100,35252400,4532700
2022-01-27,121954600,8869100,4493800.0,9179500,2778000,5865400,3239000,13539100,125954100,2744000,2722300,77516000,1062100,34183000,3649900,12670100,63402400,8277500,696600,5053200,12172800,24674000,3678100,2298700,42718200,2338800,6242100,52462363,1935000,9624600,2372300,9462100,25967400,12385100,20654100,3137600,2030000,6344887,11913900,1275100,3384900,1781500,2194700,1637600,2470700,6217600,487700,1679300,15545937,105674400,24521300,1865700,12527109,9323200,2608600,21357400,31950000,2573400,16949000,3941000,2917750,5497300,3255200,89642800,2584300,9066700,17536800,3076600,18893800,2151600,2178500,2566200,3425800,30943000,8416100,5199000,5501900,12175700,21629900,524400,3328229,11280600,9207900,20187200,17843100,53481300,22694000,21250600,8118100,243247000,6396400,1797900,27530500,5494000,573353000,3257500,10331900,21095800,6543500,36957200,9083000,915600,4062400,7345900,3917900,10743000,4027600,658800,1442400,6998700,7322200,10986500,3374500,24350400,6318100,1810000,1716700,1730900,116707158,6184700,1933400,4671700,147109500,2368400,6752900,3508100,3371000,12009800,5821200,751300,2237000,35339600,2660300,34209200,27759000,4442200,29174700,4606200
2022-01-28,179935700,8014400,5604400.0,8286500,2457400,4339000,4460800,13292900,98749500,2502100,2106700,74392000,1025200,30254000,4271500,10966700,51048300,7570000,602800,5238200,12258200,20953500,10747300,1934700,50152500,2682700,5987300,36766686,1840000,11561400,1918500,8254900,30976600,10339500,24817800,2686000,2100300,5589917,10011700,1948300,2874200,2155000,2232400,906700,2937100,3832600,619300,2339400,11840871,87677100,30157400,2287600,10398756,11514100,3473700,26732600,34362000,3714600,14485000,4551300,3599230,5471500,3736100,61945400,2712800,9783100,14117000,2111700,19101500,1898400,3081100,2145100,3215500,20024000,8813400,3833200,4636100,15471000,21871600,466800,7441034,7551400,7761300,13915300,14044800,49743700,24434600,25537100,7173600,119666000,6130200,921000,19039000,5878600,543774000,3531800,7854700,16658200,5796000,28590400,9494200,815700,3645200,5520300,6742900,10320800,5426500,736700,1312500,5877600,8345400,13898000,2316800,18155000,6140300,2631400,1701100,1903600,102063320,7180600,1583900,4649200,134789100,3444700,7322100,3364400,3066200,26425300,4647900,716300,3164300,29490800,3123300,35519700,25131900,3430400,30595700,2963800
2022-01-31,115541600,10300000,5463000.0,7210000,3159300,3995100,5909000,8588900,97206000,4504300,2665000,78308000,1234300,40288000,5524300,15504600,44793700,9482500,611200,5237600,13622500,23067400,6179000,2076200,50989300,2622200,6372200,26110237,1754300,7539800,2480700,7084200,29925300,8540100,16401800,5568100,2191600,3982517,10185500,2902000,4306700,4471000,2391200,1127100,3710300,5685000,679000,2192600,13534347,91361900,20213700,3395900,11238219,9252700,3856800,20255200,39986000,3312400,12508000,4084600,3498966,5859000,3022900,51828400,2993400,8054800,13985700,2216500,22045300,2381400,3237100,2363400,4485900,19000000,6345200,3174200,6281500,9657600,21579500,439400,6088118,9212600,6729400,13035000,8467000,46444500,21898200,21787800,9477900,200475000,6932200,1141900,13270500,5601400,564680000,4353700,10594200,16469300,5908000,38644600,8950100,729400,3260500,8025800,3778700,11273500,3954600,922300,850400,6419700,8807700,12540800,2498700,16444600,14481900,2108000,1788200,2021700,129691758,4543000,1886100,4857600,104436000,3401300,6980800,3500500,4626700,12380600,4649400,764000,2829000,25182400,4174000,34657500,20193600,3475800,36085500,2591500
2022-02-01,86213900,7413900,3799300.0,5602000,2087200,2307400,4817000,8151400,122467900,2498200,1665800,59220000,990800,25719000,3471200,12265100,40326600,9202500,631900,4347200,10452000,26868400,4026400,1460400,38953800,2318800,5174700,25063617,1541400,9424900,2347200,6387100,22438500,7040200,16169700,3626300,1622500,2905615,8573300,1984900,3036300,3828000,1693700,1137400,4371700,4590900,508900,1571400,10562948,117651800,22363000,4598800,13080224,10463700,3577700,23169600,68644000,3303700,14072700,3406800,3239551,6206400,2355200,35386100,2098700,8154700,14584900,1357700,20841700,1875800,2449400,1951100,2723800,11355000,5841100,2496500,3920900,6609500,18023800,300900,3573528,7129400,7660300,10803300,7885700,40950400,15237400,12082900,6094700,225681000,6695000,898400,9208500,4530900,518925000,3264300,8016900,20514800,5952700,27883300,6284100,1104200,3349800,8047800,3360100,9724600,4679000,738500,667100,6558400,11601900,9309100,2221000,18792000,6632600,1510600,1457400,2323300,172591344,4461700,2215600,4387200,73138200,1554800,6233700,3148600,19125300,12247200,6046800,637300,2777100,33045600,2082000,35870200,20323200,3372400,61033100,2143200
2022-02-02,84914300,11363100,3678300.0,7450500,2603200,2494100,3518800,8134100,180065000,2397800,1446000,87330000,930000,24443000,2841400,7843700,41125600,9177500,1030400,4632200,26586200,18194200,3492300,1649300,30717600,2044200,6814700,21639294,2092800,8803400,2547600,9378900,23316700,8771800,10906700,3496200,1642900,3676942,9529900,1816300,3391100,5723700,1347300,1771400,4920800,4368300,393700,1565600,29696500,95377600,19673300,1746900,8926564,18365000,2898500,34371700,123200000,2742400,12755900,3839300,3008890,5357200,2584600,37962700,2328900,7382800,12441100,1322300,20225600,1730400,2586700,1620600,2442900,16622000,6115000,2371500,4649400,6882100,58458300,388600,3816795,6804400,12585400,13988200,9596300,36636000,19862800,8397700,6259000,143460000,5491700,764800,6566000,4429100,543419000,3400900,9287600,14752700,5767000,32039300,7558800,950700,2910600,7527700,4159500,25646300,3430300,1033300,915900,5978600,15578800,6511500,1190100,16356600,6443600,1871200,1640600,1602900,93834925,5400500,2087200,6408000,66792900,2078500,8993800,3026800,5474000,10590500,4797100,521600,3679900,24160200,1945800,29037100,18149700,2559800,30299300,2494300
2022-02-03,89418100,10272700,4577100.0,5613300,2706300,3058700,2529800,10040600,103599500,3002400,1367300,225532000,1089500,30602000,3380900,7054700,35879900,11522500,582600,4151500,16121800,18219100,2748200,990100,27585900,3029400,4292100,30320299,2981100,13258500,2665100,12826600,19260500,6612800,9447700,2371100,893700,2679790,9820600,1501600,2238900,3409200,1126700,1720900,3306500,3569000,438600,2492400,25588400,103016000,16367000,1803300,9972924,12479500,3600900,23751800,71518000,2372900,16588200,4009700,9209374,6100800,2919700,42145800,1920200,6240400,12474900,1868400,19440500,1556300,3473600,1649000,2512000,20076000,4209200,2242200,8356600,7276500,188119900,636500,3120005,6014600,7069300,19181400,5986500,43730000,19598200,7960700,4256700,99052000,5240200,676100,6779000,3453600,410178000,2299800,8207200,22557500,4632700,22635800,10474500,1607000,1968300,3815500,2829400,36120200,4822300,962400,645700,7171700,8901100,7044400,998800,12302100,5654100,1539100,1226800,1004800,63825671,5802300,1758000,16349300,78855600,1602400,11691400,4370900,3503300,9968000,3121900,664400,2519800,21219800,1624200,25227400,20741100,2530600,28529400,1734500
2022-02-04,82465400,6921500,4687700.0,4149700,2142800,2583700,3439600,8514400,86212000,3162000,1275900,253456000,2883400,20548000,4075800,5952600,60297100,7817500,667400,3654700,8924500,23267900,3930800,1095100,33287000,2036700,5173100,24757708,2007900,12035300,2387400,6176500,19675900,5473000,13034700,2404700,1102400,1668538,8061100,1320600,2217100,2397200,1576100,1027100,4979300,3708300,400500,4095500,17454600,211100500,15184300,2142000,10278374,12392800,2823000,22794900,57998000,3762300,16881900,3728100,5814174,4142000,4300100,32431500,1633900,6392200,16654400,1129200,17403700,3291600,3569300,1645800,3456700,14462000,6045400,1989700,7395000,7909600,89342200,406000,4839614,6886800,6173200,10716200,7881800,35096500,15657500,12132000,5396300,77898000,4313400,532400,6252000,3354100,354829000,3705200,5570200,23757400,4592400,24932200,8959900,1173000,1929800,6374500,3256300,15708400,8205700,1205800,752600,6321400,8267600,8962400,1459700,19955400,6456000,1934900,1370800,792300,69719192,4991100,1393200,7596500,73625400,5633200,11408600,3066400,3623100,10848100,3717500,913100,1822400,16199800,2114900,33622100,22036500,2517300,32197500,1919800
2022-02-07,77251200,9597800,4690700.0,4035200,1265100,3120500,3011400,7242200,81672500,3596400,1171600,102624000,2333700,18671000,3260800,11816900,44824800,10812500,568500,3129100,7259500,20081600,2402000,1098700,41055700,1473200,3502800,20309278,1192600,8420600,1863600,3922300,14450200,5450500,18422500,2227700,1087300,1851838,10937500,1812400,3046600,1726100,968500,1077300,4505600,3282800,400300,3515900,14388000,84610000,13817400,1622600,7039456,14361400,3149600,18046500,54974000,2635600,12434900,2809300,3668726,3759000,1795300,27558500,1721500,6065700,12572300,1084000,17846400,2533400,3948300,1243000,2990100,10859000,4767500,1959300,5335100,6760900,88613800,421000,2919556,7034600,7263900,23615300,9129000,28533300,11799800,8184500,9134700,82329000,3877500,539800,4942500,2414000,376868000,2636500,6292200,15544000,4813300,32358500,6430500,1107500,3816300,5195700,4104900,10376300,6927600,905300,498100,4932700,6849000,5368300,1474900,20523700,7758700,3230700,1471300,1262000,73169536,4750800,1243000,6420600,60994500,3472500,6418900,2937200,3295900,5984500,5173800,944900,1202900,15438900,1770300,37480100,20010300,2652900,34949200,3303900
2022-02-08,74829200,7559500,4309100.0,3890900,2197700,3205500,2415300,6644100,84902800,8394800,1303800,76040000,2899200,14570000,5133900,7356200,49560500,11235000,971600,6237800,8020000,23191000,2407100,1840600,41620200,1613900,4014100,19168122,1938900,7481500,1462000,5628700,15219900,7793400,11021600,1971900,2647500,1636502,9231700,1408900,2298800,2264900,2143500,1314000,4809400,5698400,750400,2586400,14755400,142694300,18641700,1983100,8279712,12044800,2466000,38629700,54284000,3422300,10958100,3225100,2902684,4181800,3400300,28051200,2047900,6296100,20411400,1975200,18771700,1993000,2615000,1311400,2572400,12958000,5825300,2920000,4993100,6590200,94729700,300200,2839184,5491200,7949500,17486500,9249000,32421200,18315700,6758500,6301100,68185000,5829400,607500,6982000,4273400,410359000,3039200,6585300,20307500,3957700,67922000,5048700,1026600,2459600,5953100,3048400,10163900,6361900,846200,643800,8173200,7161000,8092700,1125900,13575900,4136900,4550300,2887800,1134600,42150732,4464500,1143900,6064600,50729100,3850900,4622000,3534700,2759600,7542000,3128500,693200,1135700,13911700,1844300,39099600,19458900,4155200,34356300,2880500
2022-02-09,71285000,5989100,4868300.0,3434200,2430500,2542200,2828700,7652600,92948900,5075200,1824700,68786000,1482800,22004000,4614200,7587700,33861100,17337500,1197800,3995900,9732100,20902700,2743700,2814900,39322700,1112600,3757200,20425474,2685400,6973200,2256700,6107700,19136700,15269800,10140800,2219300,1630400,2538902,22877400,1563700,2259800,1955800,1131000,949600,3700500,2969100,596700,2809600,10408500,87118600,26474800,1729200,10632457,13164800,2655200,24290800,40144000,2250400,10080800,2777500,3406341,5393500,2172900,35217300,2141900,5387500,9131100,1460800,23595600,1880800,1759900,1541900,2115100,12072000,5492800,2379300,7302600,5557700,86563300,779400,2563746,6280400,5570300,15183100,11054300,31284700,22386900,7390900,4945200,77382000,4551000,702800,8327000,4067900,524282000,2224900,8755900,16412000,6780200,38522200,8077400,708500,2278900,4226000,2605900,9666900,5728700,818500,697900,5394900,9353700,5545100,1086400,12472500,4001200,2604000,2351300,1341500,53029907,4041800,1335300,7483100,52259400,1692700,7140600,2818100,2130300,7772800,2464600,768800,1069900,16449300,2129500,25883100,21473700,3921800,40106100,2026900
2022-02-10,90865900,7333400,8261400.0,5917700,2457700,4735800,3065100,8525700,108939900,5035000,1453100,68268000,1739100,24920000,4511100,11695900,47082800,11830000,2082100,7079700,8719400,22522300,3538500,1877400,42465600,1358000,3728300,23029488,2366700,7149900,2558900,5312600,19730600,8605700,11012700,3727700,1402300,2886552,42500300,1393000,5918200,1718600,1032900,880500,4274400,3861900,415700,2450800,11356500,76195300,29329400,2614000,8848717,14978000,4477200,17017600,39330000,2406200,10066700,4291800,3882836,5978600,2670100,32762700,2882900,10355300,16455600,1326400,23561500,2497900,2283100,2301100,3053800,15148000,3995000,3246600,6469200,7609200,49310400,1011900,4345307,7728100,6398100,12437600,8116200,45386200,33820700,9673300,9089900,84529000,5142600,906000,9906500,3280400,513200000,3162100,6336300,17756300,7899800,34200600,7033000,799300,3093900,7008300,2660100,14362200,5284700,769500,726500,6534300,9098800,9336400,1215200,11082700,7823100,2722300,2420500,1890700,58431827,3856000,1931100,6901600,66126900,1534500,7583400,2626100,3379500,6794600,5166500,1170400,1809500,18644400,2113100,36092000,27810600,3232500,28527700,2809000
2022-02-11,98670700,6475200,6464400.0,4803200,3091600,5027000,3340500,9473100,164723200,3557700,2379600,77100000,1691500,27281000,4834900,11443700,61056000,14850000,1271900,7493400,6616100,27226700,3826700,2920000,51041700,1215500,5658400,28075544,2591600,9580800,2349700,8165600,20132500,5923100,12821200,3108900,2390200,3301430,17975200,3829600,3953500,1647900,1376300,877000,3620200,4732900,484100,2104900,11253700,94534100,23462800,4681000,11966771,13195400,4301500,20183800,39958000,3142100,12741000,3308700,5648234,4176200,3018400,37208200,2267400,13125300,16830000,1657800,22781400,2209700,2054300,3276400,2192800,15785000,4345600,3592700,5801600,8130100,46156900,873800,4344709,6836800,6516900,9342300,9755900,39175600,31000000,8999100,9796200,75589000,6710500,1772600,10700000,3304700,605472000,3795300,7670500,24477900,7299600,34997800,9341400,733300,4395500,8674300,4821300,13572000,5555600,1111100,674100,6532900,6924800,12520300,1265100,15533600,8139100,2157600,2731700,1307500,60084576,4807400,1726000,4963100,79645800,1360500,7564200,2493800,3821000,7535200,6433600,1037200,1524400,18833100,2597000,38650500,23733300,3546800,42002100,3714600
2022-02-14,86185500,9931900,4847600.0,7433900,2689900,3372100,2659100,9529300,135146400,3931500,1810100,83230000,1730500,19291000,3841300,6481400,44791900,11292500,951400,8129100,7963600,24544000,2730500,2146100,36570700,1472000,5624200,26121867,2065700,7274400,1749600,7005900,21868400,7663400,15945000,3595100,1799900,3399905,14694700,1939300,5284400,1680500,1371300,1187300,2698400,3960500,539400,2206400,13118500,78625000,17130400,2510300,11172731,11343500,3001300,17549800,34302000,2585600,9479100,3654300,3349365,5345300,2736200,28456900,1563300,8967600,17026500,1264100,23641300,1774400,2572000,2799800,2025700,13459000,3678400,2825800,3802600,7225500,38184000,534900,5542742,6975300,6547200,9881100,11110300,36359500,23499100,8329200,7512700,72022000,6841200,1709900,6200000,2348700,440424000,3771800,5389800,21485900,6822500,42973100,9472200,764800,3180100,9409900,3951800,8381700,4028400,826900,505700,6419200,7948500,9735700,1074700,12804400,7365500,2070800,3156700,1325900,57458290,6472000,1387700,4655300,67756500,1181900,7468000,2549500,3641400,8280800,4349100,838700,1578100,16081700,2205000,32680500,29363400,4491300,34652800,3381900
2022-02-15,62527400,9530100,11733900.0,5298000,2395600,3743100,3790700,9065200,143975900,2474500,1696300,56440000,1317400,34284000,4134300,10448500,42397600,11377500,550400,3681400,8015000,15487600,2752600,2536400,31683800,1683400,4422000,22500683,1755400,8379300,1984600,6353000,17678000,4441300,11746800,2428800,1590800,3704239,12726000,1494800,3149200,1739100,2145300,878200,3251900,4001700,443900,2061600,10471900,65883300,15759100,2617000,10741924,10515300,2688500,15238500,26680000,1846400,10817000,3552500,3001039,4394000,2252100,35837900,1413700,6631400,9500000,1565200,13408700,1697600,3409600,2418600,1843600,14344000,5800400,2171500,3938900,6779000,42685500,553200,3989617,5562900,4311500,11425600,6714100,27058300,27069700,9102000,6126100,53923000,7820200,787600,4935000,1944300,699869000,3069800,5712800,23600000,4943800,29150000,6659200,733500,3064100,6564500,3397400,11100000,3551400,675600,605500,4616000,7722200,6049500,1166900,14924600,6117700,1619900,1425500,1513400,43586610,6474200,1438600,3712500,57286200,1813400,6969700,3001000,3149000,9461700,3627000,865800,1583900,12824100,2775700,18224600,21824400,10095000,25075100,3618400
2022-02-16,61177400,8028900,22252900.0,5078100,2867500,3750500,2622900,7990700,119109600,2369000,1275700,52704000,1470600,22931000,4122600,5698900,36664600,12690000,627200,3974100,6510200,13067400,2253900,2050200,40609500,1241900,3825700,15847191,1762100,6854400,1770800,7072700,20388700,5623900,11348800,2518900,2174900,4108627,10656400,3146000,2955900,2369300,1620300,1062700,3059800,4041100,451300,2194000,9731500,57442100,11736000,2443600,7850670,21855900,3060600,13865500,25022000,2165300,13077800,3594900,3273822,4875600,2600300,26022900,1797200,8482400,9076500,1600200,15484700,1805400,2459000,1776800,2461300,8048000,3424800,2941800,4103800,6103200,45817500,534600,5346120,7224800,5735100,9981300,10190700,29982100,15573600,7505100,6022300,52777000,4817500,1086100,5502000,1941800,732676000,3651400,6227000,18292100,4161700,27672600,9315700,664400,2245600,8577200,3426300,8340600,4238900,374000,623700,4560900,6545800,4936600,924000,21249800,7320400,1712500,1813100,1329000,60662502,5802000,2154700,3026300,51294300,2482900,4594300,2651800,2226700,9561300,4920000,1201100,1402200,17277700,4564500,22057200,28490700,3148800,21733800,2916900
2022-02-17,69589300,5486600,7779200.0,3688300,2148000,4021100,3155000,11879800,98179600,2157000,1721100,64032000,1005000,21424000,3051700,6176600,49442400,8265000,497600,3632400,7785500,23150000,4699600,3107000,25412100,1222800,3840700,21947123,1217700,6842800,2022800,8820100,32884700,4635600,10073900,2843300,2570300,3638815,8110300,3676800,2401800,1735700,1186600,649800,2689800,3049700,767100,1324800,7960000,55368600,12251700,1415900,6229366,13338200,3177000,13482800,38950000,3102400,11197900,3927000,3263530,6797000,3017100,32030600,1573500,6227600,11367500,1821800,21468700,2055900,2059100,1248800,2482200,12909000,3972500,2831900,4860500,7492700,38747500,529900,7424409,7751900,7034800,8889300,15620300,32461600,17943300,10093100,13736600,46692000,5202300,887800,5346500,2190700,810595000,3543000,9247100,15162800,5156800,21231700,7925500,407100,2703900,6320400,2670700,8878900,2697500,627800,769800,5753300,6578200,7858200,946100,9526500,7046400,3546800,1224800,1374300,61712434,6591000,1667300,4604200,55178400,1494400,6807700,2403100,2815600,8131200,3024400,999700,1665300,17462500,3394100,24946500,53831400,3545000,23738800,2435500
2022-02-18,82772700,7585900,8848800.0,12376100,2421800,5194200,3909500,8151300,114321200,2795800,2705400,63604000,2170700,19708000,2806300,6973600,37856500,8215000,494300,4224500,6878300,18114800,4385200,4020700,29897300,1339800,3351800,22642167,2356600,6574800,2154700,6691800,35626200,4850700,10691800,3557500,3729400,2646514,10785500,3174400,4505500,2002000,1294300,838500,2413300,3315500,536400,3466600,8963800,106404200,15846700,1658500,25110235,11930700,2942400,16615900,45620000,2910900,12592500,5526100,5345742,4609200,2332100,76520100,1423600,6423200,11733300,1368900,21975000,2871400,2517900,1459900,4241500,12481000,4083800,2813500,4141500,6050500,37128400,437000,6002485,11325200,4845200,8780500,16321800,34264000,19530500,9558600,9125400,68017000,5177400,1472200,6383500,2243600,761255000,3611100,7790100,14462700,5181600,26955300,8063200,555000,2485200,7870300,2488000,9591700,3985200,718900,561100,6544800,6210600,5605800,1317400,11301500,9113100,1751100,1253600,1290900,62595410,6050800,1473700,3590800,68501700,1591600,6359100,2992300,2823900,8121200,2655500,844800,1271200,20298500,3612300,22137900,31103400,3664200,23394800,2558900
2022-02-22,91162800,11576800,8392600.0,8372800,2794300,4287600,2481200,7667700,141648500,2835900,2521600,66128000,1191100,20204000,3420600,10382100,51905600,12835000,690100,5102000,7835900,19057000,3488000,2584500,34908600,1598300,4752300,23085079,1444500,9267500,2451800,8434800,25188300,4776700,19428700,3478400,2359000,3752630,12227200,1980500,3304900,2182600,1304700,811800,2891700,4658600,588800,1684000,11475100,98550700,14429600,2521400,12349746,10781500,3654300,19620300,44990000,2590800,14712800,19752800,4252488,5349700,2513500,57093300,2116800,6868900,11333500,1667000,21731400,3590700,2936700,1680900,7641100,12194000,3897900,3980500,5015300,8937100,39852400,571400,5392884,8579900,4872000,9052500,9143700,41736100,24825700,8233400,8804200,66975000,9604500,719200,5810000,4220600,633422000,3521000,8039000,20757200,7733900,34814800,8179500,624300,3244000,7944500,3562000,9835500,3491800,649200,715200,5862200,8622500,7000700,2088600,20930000,7425800,2314400,1648500,1678600,62168288,8055300,1728000,4369600,83288100,1480900,7293800,3029800,3558300,9928800,3638800,994800,1692000,19858400,3631800,26887800,25380900,3556500,35947800,2347300
2022-02-23,90009200,9271000,9778500.0,5184200,2192200,4263000,3615400,8413800,120299400,2994800,1934000,64244000,955500,22416000,3562100,7326300,45704900,12950000,814100,5030600,12624500,17563500,3550400,1920000,36958200,1596100,3703600,38709800,1060600,7355000,2021400,7784300,22033700,4947700,16134200,2623500,3068300,3166522,9300700,2768300,4055900,1908600,902600,828200,2687100,4606600,415800,1506000,8161900,79855400,13945700,2253300,11839969,9674400,2849700,13667700,32786000,2217300,7237100,11026000,3800926,4086400,4009000,38176700,1706000,8016900,11799000,1636800,19248500,3391600,2296300,1839500,8936900,12435000,3802500,3497200,4527200,7177300,44481400,412800,4600534,8759700,5763700,9659100,8722200,37811200,19135400,7837100,9655700,46143000,7636600,666100,9319500,2377700,566511000,3725100,6807100,15379400,5812800,25793000,6273000,643300,2362800,5268000,3261800,9749000,4613800,863000,504900,6903300,9674800,7808600,2101400,9462300,5992500,1978500,1766800,1975400,50233222,25852500,1520300,4635600,95256900,1738200,5893900,2840300,2836000,8669900,3544200,895600,1817100,17841900,2212400,21860700,21030900,3701500,25385000,2070600
2022-02-24,141147500,12070200,10354600.0,6252600,3785900,6448800,6582000,8500900,142956600,3746700,2699700,100786000,1634500,35316000,5886600,12207600,80484800,37952500,1173900,8834700,8259000,46453500,5919500,2967200,49931700,3009900,7890900,31779528,2332900,11509300,2859800,11792600,27739300,7055300,22108900,4151300,3599900,4196611,12475500,3425100,4207800,2083600,1567800,1076400,4244300,6777900,832300,2168800,11997700,110443900,20397700,3002400,18285861,14849900,4956500,21003700,54456000,4564000,18274800,8416700,6259582,6563200,5109200,72740100,2733700,12883400,25655100,1676400,27207400,4444500,3272300,4140900,5749300,15628000,7425000,4856000,10786200,10323900,49957200,568200,7304092,19492500,7497700,21135600,18518000,56989700,24472300,15750400,14080500,70687000,8417200,1548300,11838000,2937300,735801000,5712100,11240500,32173800,8888800,44227300,13145100,1310700,3439800,10355000,3775000,12567000,4650300,533500,1236300,9698500,9260500,10687500,2010200,21602400,8625500,3105900,1895400,1889900,92965719,9786500,2174500,5549100,135322200,1678300,7754800,3933000,3347000,13463400,5802200,1006300,1475200,30079700,2335400,40917600,31717500,4720400,46199900,2903200
2022-02-25,91974200,8320700,6173200.0,5837700,2552600,2869700,4073700,7784500,127821000,3557100,2309500,62396000,1241200,22380000,5426200,8730300,68530700,13652500,676400,7484400,10716000,30518900,3594600,1676300,34048000,1863600,5249900,32481507,2016700,10563000,2003000,5853600,18963700,6573400,28028000,4573500,3424600,2681030,10149500,1678900,3326800,2058600,1107600,1090700,2864900,10111300,565800,2427400,7981400,78888000,29087900,1963900,11191511,13133000,3892500,13465100,36406000,2980500,13779600,6510600,5306061,4460900,3997400,39266300,1454800,11340400,18367700,1578300,21487800,2888900,2442200,3376300,4613300,10847000,3817900,4549700,7448100,7561800,37627600,714900,8052309,11780700,5275800,13665900,9717400,32546700,15008700,12609500,9220600,48416000,5424500,1260000,5269500,4722500,528866000,5839700,8291800,29780400,6535600,31199200,8888800,555300,2934600,6634400,2999700,7350200,3125800,427400,705400,8692300,7039400,9128100,1423800,11382000,8768800,1785600,8122200,1433200,59026965,6400700,1156900,3816600,76067700,1557900,4830100,3314400,2657100,8463600,3275400,1045300,1428100,31444200,2241500,27493500,24997800,4985000,28310300,1742600
2022-02-28,95056600,11090600,11078500.0,6828400,3419300,3302300,5547300,7428100,124666100,4738100,3690400,57684000,1762500,25005000,5787800,9859300,69955300,20442500,795800,7981000,10610900,48212900,5168500,3137900,48343800,3367700,4801100,31822955,1754500,15096000,2408900,7904700,23868700,6678100,24394300,4773200,3265400,3653930,10834700,2864900,3069400,3489100,2077000,1221300,3874100,7794000,583100,2454800,13253600,82367800,23876900,2477700,10142743,13490600,6353700,18226700,38864000,4245700,16550700,5735100,4361877,6757300,3358100,41946100,1644400,9373500,31315300,1883000,25879100,3233300,3188800,5808600,5440400,14065000,4952400,4410400,7527700,7916600,34239800,601000,5041499,8646400,8031300,14126100,17955100,34627500,17269800,16345600,13896700,50350000,6613300,2603800,7480500,4076500,477319000,7089700,9234400,50039500,7677000,35296100,8669200,755700,4213200,10381600,4639400,10638900,4949400,518900,1206200,16726100,8591500,9401400,2315000,14946300,8132900,2381900,5249900,1300600,62788449,7647800,1772800,5167700,99006900,2114100,5656600,3918300,3536700,8409400,6226900,1064500,2035700,30593900,4314300,31094800,26286600,4173000,32204600,2220200
2022-03-01,83474400,7489900,5165800.0,6697700,2525400,3352800,4013000,9212500,126552200,4573500,2467300,44874000,2109200,24898000,8562500,11799500,74895600,20915000,863400,6441400,9789800,51389000,5110600,1985800,55954900,1546300,3966500,23306908,1834700,14453500,2316000,12587300,17799600,5642900,31159900,2857000,2863200,2256113,8944000,1694800,2448100,1420400,1637800,1418700,3558100,6225200,506300,4790400,8039100,94819500,27302500,2081800,10806289,10694900,3474400,21534200,26496000,5631500,19567300,5640900,5796243,4873300,3858300,53853000,1645700,8737800,36840400,1427500,15871100,3439200,2873200,5719300,3953200,16089000,5894200,3910700,7327000,8740800,27094900,515100,3963424,9693000,6502300,9807300,18341800,31217800,20794800,13930300,9955800,32904000,6534000,2236300,7942500,3765000,412056000,5832800,8752100,68949800,5107900,29854500,8311900,944500,3458300,5000500,5324500,10723300,7786600,617300,737400,12340900,7100700,14470700,2311200,20586200,7192400,2182100,9770400,1937800,57663378,6279400,1609900,4325900,74766900,1446900,6049600,2917600,2986100,9317800,5799200,810800,1253800,24693100,2044900,54135500,24024900,4585200,40002300,1669100
2022-03-02,79724800,8247200,5028300.0,6419800,2220800,2948500,3146500,7008700,118354500,3387200,2160300,47334000,2961600,21771000,4058800,7463400,70834600,14502500,948200,4506100,11859600,60206500,5849900,3584700,41781800,1462200,3952800,27719273,1427000,16168000,2571500,16670100,18660000,5031700,31329500,2605600,2564200,2291532,7851000,1774700,2334300,1641800,2175500,1550200,3281400,4287700,530500,1880700,7133700,138638200,19132900,2270600,7131107,14342200,3108200,19006400,23520000,3469900,19015000,5645600,5666483,4891400,2463300,46936500,1748300,6793300,19405600,1289400,17319100,2964500,2452000,5003400,4513700,12451000,4997900,4482000,7324100,7452400,29452100,431400,4466582,12796800,8013300,9697500,18007500,31873000,28398700,6988700,10780700,53568000,7743900,1784400,5450500,3691100,389642000,6091100,8527200,51230100,5452100,36516200,6111300,756500,2816600,5426100,3644200,7299400,4290100,339600,540400,12834600,10721100,10446900,1449300,16209100,4959200,2096500,5798500,1816200,45624775,8125200,1643900,4177700,74643300,1561300,5304100,3675900,2854200,8865700,4917700,946300,1029100,20712900,2146800,34894300,23863800,3256200,44321400,1355300
2022-03-03,76678400,5408400,4045800.0,5223100,2120900,2906300,4173700,5449700,123916700,3638400,2702600,65198000,1743700,26454000,3339900,12424500,48733800,11222500,694400,4594300,6980500,54027300,4429700,1846200,40969400,1285600,3884400,24681417,2164800,8704900,3851800,6559900,16794600,5741900,22492900,3608100,2961400,2730662,8048400,1129000,2607400,1305700,791500,1211300,2510000,4147300,406900,2861400,7236200,95395500,22678700,2467700,7420184,13023100,3754300,18956300,24604000,2393700,11668400,3858400,5329297,5206600,2894100,36389900,2098600,7333700,16640800,1028500,21262800,3092200,3153700,4603500,3180700,10339000,3975900,4707400,4334100,6539700,27263500,359800,4549823,11822500,5694500,8191100,12197100,27314500,22099800,10075500,8635300,60768000,4576500,1426100,7343000,3385300,365095000,5489700,8203000,43690500,5352200,30553300,7451200,584200,2248600,4584600,3894300,8553900,5136800,593100,757900,8613500,6587400,6544700,997900,22756100,6799700,1890100,4359800,924900,49218641,5186300,1355200,4718800,61623600,1583800,5154200,3139400,3019500,8610000,3359000,656000,1140600,27577700,1840600,24159700,29885100,2822100,30196600,1052200
2022-03-04,83737200,5389500,8390800.0,5911400,1917300,2751600,4675100,7096100,100609400,3764400,2396600,60934000,1414300,44757000,5348600,13084000,75572800,18667500,2160700,4901900,7015700,54263000,4334700,1741900,56989800,1345600,3670900,22800403,1472900,10977300,4417900,6813600,16729000,5347300,29034400,3630200,2404400,2791236,12913000,1521000,3276600,1845600,1159600,1234600,3063600,4902500,463800,2678900,9041500,91304000,25481300,2457300,13545059,9383400,4240400,26534700,30430000,3293100,14759500,3630900,5370782,4402400,4346200,38310700,1995700,6302500,21016000,1566500,17163000,3849600,3497100,3320300,3144400,14386000,4670900,4184100,4435300,10949600,32130900,376600,3869299,8947400,6663600,12216300,11950700,32356500,28211500,8996400,12751300,53255000,7084500,1675700,6907000,2780600,431415000,4697900,8841300,101631900,6340300,33217300,8639100,1018900,2780800,7054400,4030100,9057300,5647600,550500,685700,8627200,7179800,6676000,1643700,22922900,6514700,2315100,3523900,1114000,48190952,8971500,1316900,5086400,66999600,3267600,6804700,4170100,2442900,10912300,5877000,1129400,2032800,26913800,2521700,35871600,35576400,3515300,42802200,1467800
2022-03-07,96418800,7137700,9177300.0,6632000,2908100,3676100,4111300,9207100,92600000,3713200,1499200,86934000,1796000,26494000,7760400,12847500,109779000,27232500,1154400,5875800,8479700,49710700,6912300,2091800,67688600,1733900,4298600,32776853,2013500,13788800,3896900,7043500,21350900,6424200,34824700,4188000,5456700,3697358,14549700,1187800,3611000,2060200,1932800,1529300,3546900,5521300,460600,2411600,10065200,87999200,27210600,3471100,11428423,18455200,4374100,25949900,45112000,3689900,28036700,4670000,3749362,5047400,5369400,43813700,2866200,11663400,27560100,1641100,29151400,3732000,3074800,5210100,4022700,21396000,6874300,5425000,6677600,13768300,38560600,483900,5446584,9596500,9396700,14008400,12680900,43157200,26715500,19948900,14450700,57084000,11383400,2401800,10728000,3623000,450821000,5221300,11110100,81361200,6319500,33171300,8374500,1243400,2590700,14334100,6183500,13416100,9472700,755300,679100,12759000,14608700,7950500,2197700,29778900,9994900,3966300,4222000,1766600,50113532,11448700,2168400,5161500,72494100,2015500,7064800,4123300,4043100,13412400,5611700,1347700,1548000,24962800,2089400,56332500,45870000,4388600,55207900,1825000
2022-03-08,131148300,8817500,9587000.0,6694000,2902600,3734800,3689900,10525000,135348300,2974900,2058000,91662000,1867300,26993000,7058900,13715500,76553800,30175000,1180200,7905000,11351200,43858100,9318600,1962300,68269000,1816100,5263700,26240411,2695600,17231400,3649700,8229000,23642400,6801100,57231000,2993200,3512000,3142157,16552000,1530100,3549800,2211600,2143800,1774800,4872400,7619900,702900,2235300,8624200,101020300,23946900,2928200,11006283,13889700,6768800,24145100,40428000,3596400,34358000,5092500,4854075,4887600,5014700,44813900,3452100,11100300,19207800,1805000,30242100,3117300,3482600,4133700,3725900,21558000,5048200,5258800,8018800,13037600,37508100,682900,5507939,14529600,10534200,10184100,11641200,48159500,28343200,14717600,17222500,64287000,9089400,2448200,7397500,3593500,557467000,4348800,9134100,81141800,6163700,32913300,9517200,1162200,3021400,11529300,16579800,11878400,6770500,592200,1406900,9410600,10692000,7100700,2049100,41068100,7528900,3123900,3693900,1956900,67277074,11952400,1785200,6186800,80399100,2469200,7486500,3849500,4001000,11070900,10814300,775600,1460200,36526700,2682700,60018100,28305600,2883100,72082300,2414400
2022-03-09,91454900,5368900,7023900.0,5004700,2825900,2905700,3006200,7623200,102310300,2640900,1481200,82656000,1433800,22560000,4788200,10062100,78207900,19410000,1432500,5874500,10484500,32757100,4798300,1238300,58123200,1298100,7013200,21461318,1642500,12656200,2789700,6881300,19150900,4936900,43430000,2768700,1744600,2143877,14673100,952600,3293200,2139500,2048900,1168300,4150400,5747700,465300,1794200,8573000,62846700,23418100,3192400,10394261,13682000,3761200,21309000,37026000,3202100,26474500,4443600,3076263,4403500,3240800,36076500,2080700,7248200,17536200,1521300,23022700,4117600,2965900,3477300,3428500,14437000,4015900,5630500,6711100,8709400,31894700,279900,3991411,9772300,8088700,9746000,12994600,35204500,19647900,12710000,10892600,65202000,8845100,1730700,8238500,3852200,492742000,3745900,8959500,134669000,5764900,24718900,7044100,844200,1895100,6427300,14161400,9276800,4942600,538900,1036700,7100500,8811600,5883900,1887100,30347200,5795800,1728000,3034100,1731100,58010928,5773800,1481000,4290200,59184000,1322200,6047300,3115500,3097600,8457600,7787100,620200,1378900,23049800,1768600,34560200,22122900,2866900,65466700,2630400
2022-03-10,105342000,4635700,5302500.0,4377600,2049000,2722300,2897900,5604400,102557400,3957200,1300300,135062000,1538800,19323000,3840900,8364100,48804400,15962500,1007800,3843600,9237500,31942500,4886300,1624500,42701100,2156200,6384200,19397527,1487100,9481000,1777700,5604200,18550900,3595000,34913600,2518800,1768800,1601534,8447200,1145000,2038500,1222000,1172200,1243000,3302200,5386900,464900,1782300,9859100,72992600,16686600,2535300,13026132,13243700,3560300,17991200,27102000,2232600,22872500,3895200,2605179,5326800,3456100,36456000,1331100,6171400,15604200,1555800,20887300,2525900,2797200,3049600,3318700,11106000,3771300,5444900,3607900,7342000,24853000,396800,4537624,7567200,7368900,8972200,11351600,30628000,21692000,9554300,10791700,48078000,7167400,1442900,8821500,2691800,428066000,4454700,13812600,81812600,6103700,24542300,9221000,979700,1988400,8099400,10788600,8888800,4325700,480600,911800,5118400,9114300,5030900,1672300,15498300,5693500,1565700,2767300,1696900,53623059,5809100,1481200,4200600,58648500,1828400,6079100,2834800,2284100,7061600,4537400,682800,1080100,17501800,2155200,26178800,27512700,1945200,44644200,1995100
2022-03-11,96970100,5171400,4577300.0,8012400,3811900,4434500,2254900,6016000,87584400,2667000,1889000,68900000,1488900,19813000,3000000,9373600,43946600,9017500,814600,5135700,6175600,20550900,4045500,1179300,28443500,1757100,4278900,20896982,1295100,7666500,1735100,5196900,20330300,4799000,28423600,2462400,2144300,2229718,7058400,1412400,2229700,1195200,1302000,1074500,3239600,3963600,359900,1350000,6407400,54985900,14331200,2346300,11342229,13007600,3535500,13617900,31526000,2613500,17629200,2973300,2891756,4119600,2582100,27082100,1841900,5188000,20061800,958700,19855600,2007300,2469600,2649100,2616300,10389000,2987700,6126300,3528700,9385100,34694500,263300,4962682,9435200,8530000,9424500,8568100,27209300,22786500,7230600,6808600,48199000,5882000,1175900,6144500,2683200,367209000,3451700,22795800,48469600,4762600,33701900,7086100,1002600,1997400,8629800,7198200,7394400,2844000,803200,700900,4354300,15351700,6321000,1269900,13251200,4415500,2548200,2252100,1261200,72142244,5300600,952200,4207200,67037100,965300,4869700,2615000,2006600,5432100,6776800,610900,1374000,20838500,2790200,23707100,19162200,3031500,35303400,1589700
2022-03-14,108732100,8647200,6330200.0,5527500,3156600,3731400,2948400,6733200,89731700,2902700,1652400,74086000,2595400,25234000,4614600,8138900,54262400,10630000,758700,5967200,8307500,25046000,3530700,1435000,31014800,1984000,4080800,18741001,1538700,10532200,1950000,5665500,17977500,5750300,25156200,3121100,2466500,3253716,9971500,2045600,2562900,1968000,1713900,1427800,3629000,6270500,355100,1581600,6793400,66341700,21012000,2180700,9700540,12539100,3156200,18914000,38812000,2342200,12967700,3604200,3185228,3289200,2560700,35993900,2722100,7729500,15786900,1558700,17799400,2541100,2713800,2475700,3607700,15870000,4122700,4436100,5887200,9806700,31010500,358100,4676480,11266400,7896700,10085400,8280700,30660700,24893400,7133800,10317500,59078000,13884900,913600,8188000,3184400,385354000,3301000,13306200,53706900,6075600,42314500,7964600,868600,2391400,16030300,5807200,16154200,3950100,1018900,741000,5581700,18199300,9527100,1340700,14389400,4530200,2455800,2558100,1582900,65683375,4889200,1102400,5149500,71152200,4480100,4863200,2704100,2237200,7994700,4747000,691500,1414900,23124100,2450900,28166600,22646400,2392600,37462600,2044800
2022-03-15,92964300,8384300,5488700.0,5041200,2695200,3201700,3673700,6875300,112425500,3178200,1422300,75584000,2133500,28260000,3827300,8051500,41395300,11885000,639400,6928300,6925900,20747100,4364200,1855800,40891100,1683900,4319400,24353421,1188700,8863600,2547900,5276300,18829100,6845100,28534400,5470200,2197700,3045713,9834800,1302900,2113300,1815900,2501900,1303900,3984100,5415200,330800,1541700,6385000,65263700,18570100,1858400,8189827,10794600,3143200,16051000,30920000,2140700,13809100,3775300,4162091,4021200,2567200,34448900,3024600,10554400,15096600,1333500,18607200,3413500,4396900,1778700,3413600,12455000,3738900,5087400,5835000,9677200,31721700,324300,3991411,8346900,7873000,11403000,8672400,34245100,22851000,9567000,9793500,54606000,10431300,827500,6658000,2977600,491996000,3920800,16847200,49163900,6203400,30172100,9868400,684500,2171300,8224500,5925300,13893000,3836200,763800,679300,5417600,12542300,5805400,1757500,17239000,4836700,1883600,1977200,1474600,47089252,6422200,1253100,3879200,66841200,3258800,5138600,3043000,2865400,8277700,6187600,1167900,1600800,20477600,1306900,25080600,22872600,4454600,47957900,1261600
2022-03-16,102300200,7178900,7105400.0,4441800,3473100,4141200,2880000,9668900,113689800,4220300,1902000,84958000,1498200,29454000,5239300,12077500,59477600,18510000,1162300,5925800,7726700,31659800,4378700,1866400,51372500,1536100,4519900,21454916,2025300,9314200,3017200,6043400,21821800,5183000,22299700,4869000,2271500,3481346,10638700,1183400,2636500,1627800,2641300,1337700,4378800,4953600,434300,1892400,8718600,82677600,20461600,3088000,8954332,13871600,3631300,17014500,35576000,3468500,14868500,3942400,4384795,4292800,2430200,38885500,2429800,9603300,20354900,1549500,17347300,3535700,3148600,5815500,3497400,16659000,4340800,4173200,6362000,12071100,40640300,372100,4561305,10695500,6809700,10944000,17635900,37826300,35742800,8261200,9531500,69825000,11100400,1878000,9127000,2845500,671422000,4870100,14071300,43406300,6299000,29891400,6908900,653800,3752700,6299100,4031800,11727700,4873000,806200,755800,8813000,21207900,10413500,1651100,27499200,5351500,2550300,2092100,1530000,49791138,8278000,1397700,5453800,84028800,2097300,5660400,3497100,3022000,9232300,3399900,946900,1181900,28500700,2142900,34672800,24615900,3809300,37812300,2064000
2022-03-17,75615400,7227900,5031700.0,3998900,4661600,3556700,2863600,6781100,103201700,3262300,1876100,72934000,1431800,18174000,6398900,8126600,50260200,9825000,544800,7219800,8114400,21432300,3600400,1411500,38740600,2136500,4187800,18091625,1350400,8868300,1974200,5842600,18830500,5583100,15750700,5911800,2783800,2906066,6816000,966500,2675000,1297300,2657600,1246400,3643300,4230000,312200,1389900,7454400,58500200,18150900,5701400,6982315,12472000,3712800,13909000,28264000,2403500,13939500,3123200,3345864,3671900,2077500,28555000,1799900,7472100,17050500,1014400,15586200,2265300,3270100,2947700,3323900,13627000,3244200,3752800,3704700,7243600,29499700,395500,3332893,7801800,7091300,10279400,15156800,30816600,21612200,6341900,8209800,58183000,6845300,978400,6424000,3989800,471941000,3685900,10462400,59355500,3587600,30598600,6003800,463100,2218700,6728800,4840500,8602900,2736500,808200,569100,6537200,8554200,6689600,1409000,37986300,5035900,2045100,2393500,1454400,41109008,8139200,1330600,5042000,66582900,1534800,4930700,2357200,3520200,6668500,4175700,523100,1418700,22931500,1938700,29930300,19023000,3974500,34041900,2199700
2022-03-18,123511700,9912800,8467500.0,7823800,7566200,5898100,5719000,11516500,105834800,7617100,3668100,102962000,3187600,41538000,8744100,12849600,74470600,12730000,1227100,8881500,10662300,30900500,4105100,3674600,32136300,3473700,14746300,37542822,2863000,16146900,3597800,12220600,51807200,7129700,23214700,7643200,2941700,4898002,11308800,2515200,4859200,2653400,5293200,2823500,16105100,25284700,714700,2792200,13086000,89144000,27493100,9268400,11872231,18199300,7789800,19834400,44566000,5861900,17078400,9409600,9282265,7466000,3078300,46237100,3152700,13809500,23656500,2996400,30197800,3242700,4557900,5215700,9149800,22237000,6790800,5336500,8215800,12832900,52128000,799300,9426992,25045000,17588400,21064800,16325400,43390600,28601200,13470800,24948600,83248000,10350900,1826100,11542500,6600400,730719000,6202100,24176000,40835900,12123000,51815000,15570300,982800,6604900,9667800,8269500,18454200,4270400,1170500,949400,10438500,23784200,13003200,2068300,28267600,8192100,4175500,2858200,2190100,89500414,11728300,2622100,8572000,100414200,1889400,9031500,5065600,6278200,14620800,7593200,1012500,2225300,70390600,3593700,60963400,31233300,5750300,41461500,2613700
2022-03-21,95811400,5825000,4584400.0,4135100,2290500,3704200,2426000,6206600,101905900,2385200,1601400,66538000,1642200,25789000,3166200,27369600,47106400,7837500,589300,6298300,5302400,21661200,2902200,2036900,32803500,1519700,10092700,19082975,1442900,8107400,3136900,6448700,29174600,4673800,13180600,2681400,2750200,2955134,9090300,902900,1987500,1222100,1826800,1659100,3708100,4776200,348800,1934300,8522100,72583600,15327100,3434400,8799280,8060600,4519300,17903900,26832000,3401200,12884800,4521200,3714137,3384600,1774800,32910900,1646000,7574900,12676100,1333200,17440100,1556300,3495700,3245200,4349200,10517000,6053800,3704000,5199200,8934000,30142300,351400,5399820,9326900,6260900,10478300,8568700,28351200,30878200,7181700,7061600,48665000,14388500,1293500,7081500,3825200,591727000,4196600,8131300,52223000,5122600,34592500,6937500,699100,2702000,4593800,4278900,8986400,3160100,731100,613700,6673700,11925300,5782200,1135900,19283700,4730600,2679100,2207900,1078000,50990418,7342900,1690900,5920100,81981600,1335400,5030600,2617700,2244600,6101500,4735700,525900,1790100,39892800,1602800,23411500,21350700,2559000,33089300,1891000
2022-03-22,81532000,5756600,4099900.0,4479600,2022800,5377000,3653900,4997800,101672600,2212200,1909800,64086000,1192400,19262000,3007000,14378500,52360600,6790000,565600,5772700,6584300,23407400,2461500,1707100,43514800,1561600,4958700,16442043,1873300,6377500,1777500,7018800,29287900,3305700,11063900,2196900,2234400,3266914,8511600,1659600,2574900,1710000,3364200,1612200,3266600,3664300,348800,1226800,5690300,77647100,15558200,2627700,7730288,8847700,5658200,14703000,35496000,2840200,10002400,4852800,2514040,2690200,1967000,27923300,1529300,8442100,13548600,842500,17559500,1721900,3791600,2113800,3248800,10664000,4669900,2938100,3803700,7529800,31998800,404200,5085392,9172800,5131300,10016600,7565100,27599700,16768000,8516800,6073600,42428000,19731200,741300,6755000,2935600,547007000,5000400,9292300,35853500,5779200,32253600,7292100,511000,3374100,5860200,3541700,7220500,3117400,576900,534900,6048300,8447400,8382700,1400300,15467100,3441000,2501100,2336400,1487600,39631954,13372400,1499800,4594300,105868500,1485600,3802900,2752500,2182100,6259900,3529700,499300,1052600,28676600,2588100,28625600,20235000,2351000,23132200,2374700
2022-03-23,98062700,6300600,2814300.0,5656000,1837500,13979800,2989400,5457900,90579200,2533100,1968600,55812000,1393500,13839000,3664600,8297800,48539300,7302500,761300,5642400,11794000,23070200,2001700,1206000,27832900,1530300,3875900,17316983,976800,7681500,1546800,8404700,19742100,3182400,10755000,2449600,2633500,2545219,8761300,934700,2617400,2158400,1934000,1092300,2299600,3344100,264800,1331900,7221300,63296800,11371700,1733600,7854202,9088900,7668400,15142300,25154000,2196800,10499600,5207700,1926882,2924500,2302200,37126400,1639600,5254200,12093200,1163300,15529200,1854000,3149200,1715100,3728100,9835000,2527800,2200500,8146800,7435600,23717300,362100,3154091,8843900,4641200,8470400,7465400,25715400,28059800,6125800,8499100,37290000,8068800,587100,5564500,3445800,502120000,2835000,7451100,39139700,4533700,29183700,5531900,579600,2477400,5038800,3446700,7245600,3186800,608500,452800,4471800,7670500,6159300,1276500,19967500,3724000,1206000,2145200,1778000,38180320,8240700,1195100,4866900,120676200,1295500,4821100,2753200,1939300,6008000,3968100,551800,1241600,25988800,1759200,27988700,19625400,2511300,27716300,2115200
2022-03-24,90131400,4638100,4223500.0,4505800,1430400,5544300,3036600,7617800,121961300,2349000,2081200,56798000,1296700,26016000,2424400,7094400,30360800,8500000,463000,3946300,5653400,16770200,2110900,1568700,31280500,1120700,3539500,14271552,1793000,6192500,1614200,4150300,20551500,3618100,9024800,2215100,1878500,2680692,5858800,686500,2196500,2273400,1584700,882200,2122800,2952500,273600,1078300,4872800,56314200,18021600,2006600,8561245,7939900,5427200,11106200,26396000,1944100,10037600,4599900,2331866,2971100,2553300,51677900,1513300,5012300,10017600,1066900,13151300,2115900,2412400,1375400,3399200,12124000,2482700,2337500,5363600,10921000,31502300,248600,2425608,11448500,4246900,7605000,6488300,24484500,23348000,5498000,7088400,38885000,5853800,665100,4927500,3966100,877379000,3150900,7025700,28409100,3160300,25177500,4203100,380700,2515600,4587100,3946900,9261000,2455000,402500,422100,3894600,6163400,6164600,1369800,16281400,3889000,1473800,2066800,1177300,37218434,8633000,971300,5288600,68920800,1038200,4169400,2789200,1882500,5487000,3398800,723000,1040400,21087300,2256900,19677800,13440900,2257800,19871600,3445900
2022-03-25,80546200,5129400,2952300.0,2896300,1814000,3283600,2032200,6074200,95852400,1424500,1530200,49032000,1782000,14538000,1871900,6365600,38968100,6195000,419800,4583000,6033900,21206300,1581100,1422500,25947400,1327300,4401000,16017271,1601800,7833800,1974900,3656500,18090600,3788800,10254700,2730800,1457500,1537690,5949400,819200,1703600,1315600,1475900,857300,2136000,3124600,361400,1196500,5698500,62023100,11525800,1452900,9227359,9333400,4047200,10351200,24126000,1580800,10793000,5176500,2698229,3530200,2159900,33239800,1435100,4809500,8383500,942200,12259800,1813500,2399800,1646300,6831700,7531000,2173800,2134800,3232700,6223100,40039000,422400,2688369,7636000,5186500,7125600,6592800,22566500,22491000,5481000,3739400,35745000,6287000,480000,6785500,3524100,579016000,2642000,5682300,37749900,4146800,17429600,5047700,342800,1896400,3162600,4290900,7198700,2883900,366800,526500,3521400,7048100,6894600,1143300,12252900,5845600,2055800,2033300,829600,42137094,10110400,1037300,5135400,62031600,1589000,3738800,2551100,1754200,5051400,3210700,822500,1226600,18765800,1488700,19130900,14085300,1698900,22398300,2363100
2022-03-28,90371900,4516500,3829800.0,5350900,1984400,4472600,2465400,5209600,92966100,2045300,1382800,59854000,1565200,14427000,3043700,6904100,37428600,6620000,448900,4172900,4498400,25546300,3072500,1470200,32494500,1470800,3646200,20236082,1795500,6091100,2056100,4290900,17164600,3774400,9992000,1633900,1656000,2224416,8456100,1093400,2470300,1066000,892600,904000,2184300,2955600,515500,1239800,9274700,54634400,14166900,1728100,12069336,10549200,2807400,12175200,35050000,2182600,9451300,3936600,3470001,2483500,1798200,22932400,1963600,5604200,10818100,1088700,11485200,1722500,2195000,1676200,6579600,7338000,3134600,2041800,3840000,8029500,26224100,438700,3205160,10200300,4447900,7071900,8680800,29578200,26605300,6177700,4896300,43234000,5804100,661200,6531500,2431700,425494000,3393400,6626700,24924700,4308000,21863700,4234000,676600,2675600,4097200,4214600,9470800,1992500,625600,481800,4053300,5981000,4194000,1282100,13984200,3276800,1631900,2529900,1004500,50968704,10417000,945300,5420300,102506100,1376000,3117000,2643000,2353200,4316800,3087500,973800,1686900,21688600,1653200,24115400,20105700,1684200,21552400,2995800
2022-03-29,100589400,6154100,5452800.0,5126100,2223000,4323800,2943100,6162600,94143000,2230600,1917500,66154000,1750700,23001000,2764100,8438700,46355800,13417500,795100,5004800,6133400,21463500,3667800,1441500,40091600,1238100,4651500,21830073,2182100,10977600,2005400,5370400,20036500,8510700,15102600,2673100,3572900,3140239,11280700,1467300,2461600,1495300,1888800,1271500,2913400,3106500,663200,1530800,8463700,90676900,15729400,4055800,13794811,8051100,2568300,16784100,34318000,2378700,10126800,5306100,3554668,5791000,2520300,27303700,1618900,5933400,11316500,1061900,14720600,2514200,2798100,2451100,4993600,11139000,5512400,2657400,4481300,9902500,31417900,339700,3221067,8526400,4203800,7398700,7431600,30393400,41290700,8954300,6554400,58807000,7275900,893800,6589500,3362200,488984000,3769500,5762000,29111200,4440400,39970000,5643400,645200,3299900,6964600,3546000,10212400,3383400,725000,626200,5038200,8963200,6072600,1904000,13207500,5422300,2468200,1527000,1025400,43979838,9812500,1201300,7016700,73614900,1395700,5835700,3478400,3034800,8032500,2898500,811600,1644000,28193400,2635600,20915000,19934400,2527000,27036300,2557400
2022-03-30,92633200,5151800,3707400.0,4064800,1721600,3889200,2164100,6387500,99476900,2593300,1385400,56168000,1234100,18626000,2278000,9959300,36601800,6157500,791800,3911200,6862600,32222400,2507400,1595700,24681700,943400,4191400,16487284,1586700,6069200,2086500,4951200,16125400,7971600,9906000,1942000,1693800,2952991,7922400,868700,1979300,1097000,1187000,1442500,1596100,2788700,331100,1294100,6125800,57853400,11190300,2111300,9042452,8614000,2966300,12818800,19884000,2650200,8930100,7223800,2575578,2622900,1861900,24623300,1914800,6277600,8771000,1123000,13641000,1526700,2220100,1719500,7090900,12981000,2614200,2227300,4322200,6171600,25588000,353800,2864540,6650400,5880400,9326600,7289800,28163600,70087000,6829300,5008800,40233000,5545800,624000,7574000,2158000,463487000,2922000,5533100,26069000,3871500,27599600,5779300,566800,2368900,3935000,4512500,14777800,3419700,848500,656800,5168100,8122100,7478300,1157500,10201700,3956900,1346200,2096100,939800,42385080,7937100,1092900,4077000,59865000,1462300,3865700,3041200,2200200,7084000,4192600,795500,1040000,23821200,1839200,30913800,24991500,1582100,22079000,2612700
2022-03-31,103049300,8670100,3232200.0,5432600,2752600,4141300,3670600,8474800,147004800,3102800,3315600,59966000,1179100,21731000,3801600,6447900,67902500,8882500,931600,6065400,10142200,29202400,3152100,2602500,42409900,1784200,7711400,22606102,2555900,9777900,3439800,7141300,27587700,8521100,10395900,3618600,1953700,4470151,12306500,1919100,3280100,1751000,2268300,1445600,2786700,4036000,556500,2286200,8196400,52529400,10964400,1778600,13203013,8226300,3027300,17335000,37524000,2632000,9123900,11044600,3475836,4274000,3263500,43698300,2733600,11490400,17353900,1319900,16822900,2311300,3227600,1660700,7318500,14703000,4095700,3803400,4811400,8379600,24192300,375300,3819785,7020700,7041200,12466800,8422700,33422100,34588600,10082800,7115500,41347000,7206500,648000,10197000,2972400,523440000,3834800,9433300,32217500,6076200,26055200,7538600,777600,3933500,6599300,4830800,13364200,5446800,1061500,1083000,5505600,11306100,12792300,1816700,11618700,5688300,2331900,2414900,1566000,69574611,10282200,1637400,4434200,48992700,1284900,7170700,3979700,2858600,10759500,5261500,953200,2394900,31027600,2689000,31238500,27163800,3045300,27861500,2477600
2022-04-01,78751300,5703300,3644900.0,4314000,2090300,2718400,2569100,10138100,111867100,1883900,1636200,57090000,1473300,16267000,2647000,4862100,61929200,7052500,683300,4123800,5188900,40073100,2618300,1292800,27871800,1584700,6464700,16079903,1906100,6934100,1933500,6007900,17465100,6344300,8795300,2736500,1480900,3757819,10341000,965200,2302500,2194000,1175200,1226100,2413900,2258000,357000,2098900,10273500,64695700,16632900,3435700,9054811,8551000,2380600,16791500,25942000,2444800,7676200,5554600,2426083,4012400,1731200,46598600,1470400,6525600,15721300,1183000,12644900,1477700,3066200,1174200,4827200,12084000,3806800,2023000,4366200,6898700,19544800,374900,2626894,5420400,7411800,10086700,8192300,27110500,33536100,6453800,7784800,46442000,5807500,699200,9659000,2252500,517235000,3288700,6147500,21019000,3239600,19073100,5742600,836900,2867300,5687000,3204400,19762100,2556900,603500,740500,3608600,6516300,10638900,1378300,12210600,6034300,1572800,1721900,1044600,53381429,5762000,1028700,4205000,54263100,1152800,4631700,2344100,3993600,6559600,3301800,800200,2120500,30550300,1969800,29989900,20939700,2598700,18671100,1831400
2022-04-04,76468400,6892400,3495700.0,4037200,2317500,2974500,2580800,8347800,90123900,3518800,1989800,49882000,1224100,16484000,2971400,7792100,53761700,7335000,882000,5090000,10642400,29296200,2181300,1216000,25523400,1405100,4791900,16164303,1321500,4946500,2201800,7843600,19629200,6951500,8718600,1819000,1072400,3764474,8174600,1390600,2265700,1522600,1105000,1065700,2633400,1807200,347500,1435100,6212500,51146500,12298500,3479800,8249536,9040600,2542000,12593000,25942000,2569400,9924300,4659500,2176323,2809800,1687700,23784900,1561100,6860600,17416400,904200,11505800,1301800,3014100,1166300,5426100,8777000,3027200,2500700,3449400,6155500,28054800,332500,3147633,6688200,3801300,9039600,8098900,24289600,24305700,6465700,7003800,70018000,5307300,713300,7663500,1872200,397120000,3090800,7882400,19338700,3759900,20462800,5992000,539100,2448100,5176200,2410900,12116000,2241600,498600,666000,3812300,16243100,9851100,1587500,10618200,4660800,1722800,1620600,1264600,47195569,5855000,1027700,6882800,82035900,1268000,4644800,2657500,3204600,8521200,2668100,619700,1686100,25793000,2186400,23778300,25332600,2082300,20869400,2603600
2022-04-05,73401800,6683300,4065000.0,6113400,3058100,2481900,2235300,11653700,79532000,2180800,1956200,53728000,1132700,19778000,2974700,9371600,51781700,8880000,754100,4244700,11425900,23065500,3582100,2250300,68213000,1433100,4398500,16476614,1227100,5708100,1826800,7304600,16063600,7124900,9538200,3303100,1399000,3125688,8694100,931800,2489200,1012400,1301100,1032700,2741900,2335100,310500,2046700,8562500,91708000,13805900,3124100,10787509,7067200,3335800,19853900,21418000,2573900,8857400,4376100,2433722,3107200,2174800,25779200,1488800,7446100,12110300,1690000,15721200,1376900,2324200,2240200,4707100,19670000,2215900,2532500,5983800,5364800,29727200,285300,2569726,7848600,3789100,12040900,11587400,23156700,21171400,7203200,7705900,42345000,5707800,576200,5778500,3068400,436615000,3135600,5143400,22939300,4480700,21176700,7653000,791000,3289000,3623500,3003100,15946100,3637200,671800,756100,4217100,17525800,8913800,1603300,10473900,6729800,1719300,1263700,2199700,43936808,6130300,1082200,4215100,80075100,1134900,6956500,3268600,6270700,4658000,3818700,653400,1838000,23150600,1930300,21757300,18657900,2979400,21753100,2059300
2022-04-06,89058800,8810800,4287700.0,5485100,2299000,3824900,3364500,11602000,105256600,3869000,2749700,79056000,1100000,23742000,3143300,8173900,54159800,10555000,845600,4547400,7256600,25196600,2783300,2160700,44802800,1372900,9991400,22776716,1795900,5680000,2646200,7171300,19644100,6590200,9269000,4223600,1237000,2534503,11679700,1083300,3413200,1972000,1589600,1524100,2839200,2847600,371700,2701400,12439400,102881600,13635800,3492800,10556215,7155300,3944800,29254900,32468000,3151300,9379100,6499900,3121993,3958100,3364700,31518700,1939600,10330900,12914700,1780900,19267400,2257600,4672900,1941400,6356100,15845000,3864500,2886000,7284100,5389600,28995100,454300,3235778,7713400,4564400,13924300,10493200,40110400,28080100,7621900,6880200,43549000,6961000,806400,8124500,3253800,703833000,3280800,5492400,27903000,4294800,31717500,8884700,1896400,3123000,7381500,2563300,21054200,3155600,683500,814500,5260800,10567000,7083100,1671300,8726600,6877400,2327100,1558200,4085800,49327209,8641500,1232700,7274500,89348400,2461000,6932900,3955600,3911700,7430000,3994300,995100,2300100,28661700,1997500,26001200,28018500,3350600,24768200,2843500
2022-04-07,77594700,7469000,4146600.0,5863500,2313100,2757800,3226300,11817200,91895500,2674400,1752400,68136000,1062700,16583000,4062400,7517800,54585000,7487500,475500,3815700,5758700,28689900,2253600,2119200,42475400,1648000,8557200,20092677,1212000,6285300,4804200,5246000,15739000,5731600,8018400,2472500,1637300,2840981,9858700,1222400,2785900,1758000,1445800,1357800,2853100,3053800,273200,1788100,13463900,101229100,11154300,3223300,11391666,9370100,3256100,28297600,26234000,3562600,7681600,5241000,2335792,3538300,3611800,24117000,1329400,7385200,12994200,1315000,13960800,1471400,4270800,2032700,4411600,10095000,2848500,4041800,4658700,7458000,21037200,419200,2630004,6174900,4205600,13104300,11902900,31411200,22658600,7817400,6027600,49489000,5320500,761600,5777500,2578800,557992000,3550900,7112200,24408300,5041600,36305700,6889700,1160300,3142100,8385400,7514600,10201200,3077000,828000,665200,6151500,10869100,8144100,1559400,8895800,6436300,2542700,2172700,1372600,62815724,7628300,2140200,5812400,79447200,1941000,4178500,2867000,3627900,6995100,3700000,1085500,1651800,22790600,1973000,29486500,27088200,3228700,26122000,2781400
2022-04-08,76575500,7204200,3448400.0,5093900,2170000,2260700,2180400,6408100,92746700,2745800,1559100,46002000,905800,20464000,3075600,6524100,41018900,7540000,820900,4490500,9615600,26853300,2450200,1258200,28731700,1493000,6428000,19439566,1258900,6175200,3230200,3897700,18148200,7756100,10801200,2368800,1341900,2737430,6702000,1168400,1678100,1282400,1288300,1368500,3660300,4534900,367700,1644400,6020600,75085800,9620300,2321200,6447980,10653600,4041000,22086800,25142000,3294200,11838800,5741900,3053346,3143300,5297000,22167300,959800,7144500,13126900,1551000,12703500,1357200,3024700,1710700,5065500,10449000,2235100,2551000,4194200,7833600,18375700,337100,3337438,7424500,5088800,11409300,6937500,24361900,20562600,5731600,4196700,40252000,4877400,909500,6205000,2624900,524781000,2816600,6182500,41639000,3883100,24612200,6045400,587800,1839600,5086200,4686200,12992500,1999600,1030100,472100,4811400,9286800,6617700,1131300,10526400,3731200,1804800,1061900,1097200,73121078,7604400,1629000,4293100,55013700,1537300,4504500,3986700,5465800,5438600,3291200,433800,1574500,24852200,1275700,23659800,23294400,2115100,24866500,2455500
2022-04-11,72246700,8163200,3877200.0,4071100,2445400,2932100,3621200,7785100,95527700,2975200,2158500,52112000,1000500,23512000,4816800,6001100,34198700,6315000,591700,3128900,6497900,20895700,2494700,1562200,27851900,1172700,9495700,21613152,1302100,7002200,2792700,5173800,20992100,6368600,10206100,2921400,1437700,2286794,9915300,987400,2574200,1793100,956800,915400,2798200,3342800,267400,1800200,7488300,66117100,9370600,2081000,8655143,8094200,3154600,25015300,36884000,2747700,14079700,4100600,2865443,3202500,4007700,30352500,1391300,5932000,10466400,1484000,12720100,1235700,2178100,1911200,3576200,16953000,1809200,2326700,4262000,9693800,20516600,268800,2964645,6399800,4464700,14381000,8290400,34569300,21127900,6745200,5318800,37771000,6365400,869000,7114000,2325800,575207000,2342100,5738400,27618000,3825100,22054300,6158400,609400,2455300,7200300,3973800,11210400,1829500,709000,495900,5707600,8623200,5632300,995900,7999000,8172500,1084200,1466400,1046500,157485300,6230000,1470100,5098400,59357100,1298100,4347800,3574000,2787300,6942700,3705900,483700,1951900,33614900,1448200,27041000,24712800,2752300,21800100,2252200
2022-04-12,79265200,8279700,4113000.0,4432300,1835000,2199000,2493900,9883800,89246400,2261100,1518100,55178000,1417700,17350000,4348900,6125100,42855300,6960000,955300,3548800,4156100,18755500,2508200,1240800,23404200,1102500,6488300,14833541,1467800,7412100,2142000,4832200,25254200,4127900,9528400,2843000,1119700,2946449,7885600,1419200,2509800,2581800,978800,897700,2193300,2993900,275900,1766200,7535500,49138700,11646600,2031800,7240254,7750400,3677300,17212800,32710000,2365200,10348800,4122600,3287827,2691000,2955100,29861400,1138800,5957500,12989900,1164300,18089900,1827900,2688100,1502300,4354700,16778000,4038500,2724900,3281600,7379200,20128800,285100,3125028,8068000,4236100,12543000,8057300,30966700,18658500,8714800,4882500,38243000,5146800,632600,8622000,2490200,662258000,2302300,6174700,26820900,3924300,22810700,7221500,428700,3062200,5320100,2943900,10591300,1934700,488800,455800,4839200,8472500,7596900,857600,8112800,6069500,1460000,2226200,945900,104795900,5873900,1411200,5008000,65976000,1726500,4550800,3575700,3428800,7446600,4189900,378300,1621800,21136400,2048500,25791900,26761200,2872300,22444200,1746500
2022-04-13,70618900,18312600,7211900.0,4407900,2081400,3078900,1737400,9351400,77728400,2402800,1317800,53390000,729300,20266000,2980600,7399900,45484200,8210000,908700,3434200,4151800,21194200,1898900,1097500,35391100,1500600,4481200,15439277,1085100,7365100,2211800,8733000,17004600,3768300,7330700,2562900,1153200,3139337,7694500,1195900,2092300,1532600,909600,1062200,2020200,4314900,263000,1530600,7015500,51871800,11976500,1365500,6362268,6879600,3104600,10897600,27928000,3022900,7568200,3185300,2537169,3064900,2049400,22171300,1133500,5643100,30838000,1137800,11883000,1208900,2528700,1212400,2803400,11396000,3048500,2133800,3770800,5873500,19231800,481500,2382552,8709600,3342100,12743800,8760300,21907200,18892000,7858500,6379600,32310000,5119300,563000,6946500,2777200,516943000,2546700,4728600,21358400,4394000,15777800,5247700,490900,2556500,6708300,2659600,10440800,2497400,526200,460600,5351900,8604400,9598100,1282300,8596100,4667200,1661400,2458200,864900,64100500,6107600,1286300,6828500,55121100,1541800,5229100,3012000,2296000,8052900,3899900,517500,1685900,19798000,1647900,20645300,29284500,2274800,19306800,1517800
2022-04-14,75329400,11074800,5125100.0,3140000,2964800,2597000,2188300,7711200,73354400,2861800,2312200,51598000,1208200,27385000,2667100,5144600,79032000,10055000,1103900,3283500,5172300,34043100,5337900,1099700,25316700,1381000,7663700,17648287,834100,6337800,2206200,5126700,18024800,5134800,9421100,3310100,1522700,3490934,7283500,1366300,2719300,2036400,1102600,1571800,5320000,3332000,274400,1833000,6493600,39312900,12110200,1922300,6146543,9750000,6956500,13315700,31598000,5460900,7579000,4569200,4536624,6384200,4302000,36181800,1582500,6188200,18835200,1486300,16388400,1785300,1898100,1965200,4001400,13648000,3358900,2105900,4127300,6651300,18379500,263300,2787996,12214100,4080500,22096100,16348400,28221600,18543500,7164100,5672400,43438000,12811300,1120300,6044000,2497600,569097000,2625300,5590400,18789400,4834300,17240100,7806500,509300,2434100,4370000,3014900,8002600,2276800,795700,509800,4027400,9567200,11563000,1246800,10714500,5925800,1788800,2404900,913000,52731100,6511000,1225600,3921300,58422300,1357700,4578500,4211300,2624300,8191600,3794100,536500,2520600,16915100,1697800,65583200,22360500,2007100,24566400,1819400
2022-04-18,69023900,6500200,3339900.0,4115900,2479300,2594700,1818200,6822700,80605800,3615500,1072500,46514000,1583400,21375000,2182700,5042600,80080300,8235000,834100,2517100,4082700,28396300,3644000,1120100,18700700,1157000,5230900,15833640,773400,4867000,2161900,4899500,13990700,3003400,7639000,2758500,1525700,2189561,10571000,1024000,1962500,1536600,942700,740900,2051900,4338100,264500,1561100,5408000,40205800,14267000,1510100,6291965,5981200,2860700,11798000,20808000,3653400,13188000,3192400,2077438,4884200,2046900,25593100,1127100,6318700,11834400,984600,11679400,915800,1581400,1638900,3800400,16631000,1871400,1426600,6758400,5777600,16580800,270000,2123857,5754300,5281300,7995100,7897500,20778000,17476700,6279100,5513800,51050000,5298200,569300,6549500,2680000,525701000,2544600,4955900,30802500,3086000,17065000,6034500,468700,2502200,7424800,3679600,8785700,1514000,313300,422300,3873300,7797300,24023500,1389300,11127900,3716600,1206700,1212500,590800,54812700,4521800,1161100,2604100,51715200,1478400,3564000,2087100,2552600,4744400,4813300,441400,1326000,14394300,2233400,26120900,14671800,2180900,19032300,1857000
2022-04-19,67723800,9359900,2857100.0,5120900,1758200,1962700,1892100,6086600,77069500,2355100,1308500,54926000,1157400,16581000,2713800,7485600,53714200,8492500,998200,3392000,9196700,19996800,2689400,1361800,28760200,1501700,4644600,22874880,1356600,5331700,2327800,6120400,15490900,3615300,6970200,2644900,1207800,4022222,12767200,1476000,2018100,1547300,1663400,1157300,2314800,4861600,464000,1826700,4314200,55398300,10278500,1761400,7394824,6178900,3297400,13852800,26490000,2774800,16778100,3389700,3544483,7971400,4039900,31483100,2660000,14380800,15015400,1319700,11993800,1944600,2021700,2044000,3392900,12144000,2999300,2324500,3976000,7233700,20089900,296200,2746016,7072400,3868900,8494700,12637700,22297700,15139000,8104800,6192800,209069000,7346100,542500,7547500,2906700,512781000,3406000,5412400,19514600,3642000,33441500,7897000,549000,3839500,6603900,5120900,7213800,2438000,468000,529300,4572800,8622100,15361200,1275500,10033700,3759200,1470700,1869600,2345400,57496000,9021100,1139000,3707000,49847700,2485900,4671900,2207600,2448800,5028800,5141800,633900,1354100,12890000,1575900,19753300,15855000,3252700,20382600,1615300
2022-04-20,67929800,6250000,3997900.0,8334200,2273600,2094400,2335100,8856100,62489000,1888100,1807500,59630000,1414100,13920000,2256200,6824300,47064300,6637500,928200,3711200,14255700,20532800,2907700,1440700,21267000,1463000,8789900,24066932,1591800,6059200,1793300,6015400,19526200,5629800,7495000,2893400,1718200,4278842,36465700,1453100,2152900,1571600,1165600,1590900,2055400,3273900,466700,1834600,6193300,47351500,13101800,1824900,6424385,7638800,2944800,12989800,31696000,3040100,19888400,4720800,2782897,17859200,2579100,22787100,2161000,8044900,13430200,1295200,14827100,1957100,2608600,1636200,3906100,20233000,3377300,2278700,3761400,8234600,43036500,304000,2367960,6989300,4809000,8719400,11828400,22906700,19042600,8457000,6728400,1333875000,5309700,603500,5947000,3599700,468974000,2807700,9472600,20837800,4197600,24751800,10196100,623100,4116400,5796800,2816600,7731600,1867700,413700,607500,4232200,8368800,8671300,1705500,11945100,4583000,1645700,1768600,1459500,48751400,7942800,1598100,4407200,70711200,1339700,4553700,2986300,2526000,7178300,3289700,662300,1115800,19563400,2441800,25893000,19821600,3317700,20689400,2085000
2022-04-21,87227800,7903300,4714600.0,7321100,1910200,2390100,3004600,7849400,76680600,2117300,1712400,63970000,1267000,20352000,3973200,7446100,46245900,9745000,804900,4032100,8062400,15952900,3571400,1308400,37800100,1132000,4661100,23844569,1633500,6290600,2027900,9119500,17147300,3386100,14594800,3583700,1641300,3928824,18688600,1601700,1865900,2442400,1522900,932000,2217600,3403200,350800,2293900,5337300,49898500,31430900,2099500,7225326,6673900,2728600,12544000,36446000,3097800,14413400,3014200,2565710,9922300,2882400,27316900,2496800,6969200,12174200,1340600,15120400,1475000,2716800,1937600,3797600,22794000,3605300,2476900,3910500,6418800,49954100,256200,2795291,8659800,5588200,8562400,9563900,29454600,17645300,17712800,15828400,535016000,6562400,947900,7071500,7848700,656209000,2734200,5616100,32050400,3701300,19105600,9365700,619000,2620300,5835500,4574000,8576500,4374100,535200,615000,5795300,8152500,18283400,1408400,18181500,4898800,1499600,1537900,1354300,81259800,7815200,1231900,3580700,105416400,1608400,4735000,2539900,2618200,8850300,3977500,698800,1118600,32821100,2477900,19027600,18168300,3248700,29010900,2179900
2022-04-22,84882400,7938300,3863400.0,6710100,1906800,3198800,2426500,8489400,75017700,2617800,1664500,73078000,1203800,21064000,4373700,6372400,50409800,7545000,797000,4966500,11485500,23073900,5053700,1840700,25671500,1262100,6136800,31987486,1570100,6483900,2878200,8843900,17693000,5779200,12160100,2641100,2148800,3404078,19472800,1606900,3185600,4237300,1049400,956600,2565500,3086400,312700,1655100,7508400,56193700,32547600,2114800,7967682,7662000,3399800,17718400,56884000,3125200,13347500,4043200,3226289,6508600,3896100,28219900,6845300,8003600,14318800,1420200,14902200,2339100,2772600,1451700,4216300,20282000,2968800,2643600,4751500,7740700,36426800,497200,3776250,8469900,4052200,7914000,11455400,29405800,18682400,15284800,12371800,375151000,7321700,727000,8805000,4993900,624713000,3112400,9357100,22816900,5864000,22156800,9394600,617700,3139800,4139900,3458600,8315100,1900300,609400,594000,4683300,10315500,11945500,1426500,20746000,4861700,1988500,1749200,3099300,68483600,5424600,1478000,5604700,69696600,3813700,6355900,3453300,3964200,6201100,3767700,1127600,1774300,44958400,1917600,21676800,21046200,2371600,23591600,2016700
2022-04-25,96046400,6932600,3868100.0,4503500,2049600,3368800,3140100,8518300,93481000,2271000,1656800,61874000,1202600,26959000,4408900,6293100,64301100,10505000,1138200,5695100,10329300,22079300,4145500,1381300,27164700,1402200,5778300,29964774,2040300,11913400,3154500,7988900,18677000,4957500,15449800,3843100,4496300,4875780,16491000,2210600,3743600,2718400,1283900,1211500,2635500,4813200,566900,1905500,6257100,58361400,31955300,2162600,11080599,7457900,3814300,18704400,46128000,3093600,19492300,4396900,2543748,5748300,5443600,35999300,3253900,11176500,17149000,1259900,25082000,2293300,2410200,1499800,3895900,14124000,3380400,2523000,4919300,8913900,29281100,655700,4104911,12144400,4915600,10573400,11577600,35678900,20072100,15697900,9151500,281520000,6512500,608200,9075500,5406400,641566000,4179100,7305900,32977000,7369900,27390600,6986800,704600,2558300,4580300,5577500,9673200,2632800,514300,613900,5612500,10259000,9841800,1738500,23976100,7424100,2053600,2197600,1800400,71861400,6331700,2597200,4570400,68341200,1895000,8737600,3030400,5354900,6839400,6651200,1074200,1688700,46028400,2366900,30045500,18057600,4446400,37698300,2097000
2022-04-26,95623200,6787800,4075000.0,3366300,2101400,2820100,2050800,9461800,89127400,3306000,1883300,77530000,988500,35809000,3728100,9277300,44809900,11090000,806200,4588900,14253400,18335800,4176700,1915500,44476200,889100,4716400,31183075,2122200,5970100,2057400,8073300,19238300,3929000,9810600,2854800,1559000,3708300,16116000,1722200,3937200,1911600,1748500,1119200,2508900,2462000,434500,2313700,4844600,60345300,18707700,1927500,46154289,6926400,3812200,21679500,73054000,2791700,11378600,3415200,3022789,4956200,3108400,35356600,2484400,10190000,17209500,1281100,21982600,2500300,2166600,1440400,3959100,14974000,3116400,2948500,5083400,9883800,31747400,394900,5789118,6913400,5208400,9009600,10062000,46518400,18628700,10971600,5167000,203181000,7977900,614300,9471000,3642200,653143000,3676200,7555200,27151300,7386600,25366500,7769500,512900,2605300,4614700,4847000,9262800,2367400,538500,752800,7199200,8800500,8661200,5011900,19941000,6880500,1889200,1688500,1354100,50825900,5744200,2469900,6221100,136133700,3105500,9591700,2895300,7811800,8155300,6731800,626400,1446500,29507700,1957400,21527400,19601100,3641000,28941500,2449100
2022-04-27,88063200,6039100,4826000.0,4178700,1821200,3080700,3436000,6891600,83125100,2973500,2049600,71336000,1080700,19313000,4085800,40371700,39824900,11597500,631800,3726700,14686400,24707500,3358300,1443200,35893100,1208100,4415500,27259609,2256500,6765800,2261600,9644600,33668600,4730800,10396600,2763100,1599200,3217056,15553000,1771500,2483900,2553100,1656000,1140500,1992000,2839800,488700,1930300,6906400,65847900,22816500,1613700,20213257,7863200,5876100,19827700,91820000,2469300,11122600,3446200,3239764,4369100,3542500,28320900,3849100,11090100,17215200,1042600,16971000,2610900,2352100,1017500,3028100,12413000,5702300,2706500,5314100,9892400,71062900,308900,3736663,7946600,5219900,10781300,9522900,63477700,17123600,10989600,5416300,222984000,6007800,838400,13400500,3270400,499460000,2955000,7279200,20688500,5180300,25819200,6754900,661700,2790900,4259400,4482600,13855900,2029800,406600,576000,6632100,8467300,6988200,3950200,10619400,6407600,2032100,1930700,1751200,66767000,7501700,1895900,8071900,76956300,2595300,12570400,3353700,3978600,15955800,5539700,537300,1240000,30582000,1910900,19520900,17496900,2965600,32773000,1621200
2022-04-28,130216800,7465000,4854500.0,4960000,2215200,2593900,4355000,7379100,91495400,6609500,2417400,117316000,1516400,22334000,2703200,13518800,39567800,12080000,1127300,3845800,8550000,20112100,6092800,1603400,30952100,917600,5400200,53279578,1473100,9520600,2118700,10614800,20170700,5907500,9366400,2944500,1515200,4909169,23192100,1937400,2734100,1663000,1970700,1181200,2320500,3312500,571900,2473700,6496100,131556500,15184900,2261400,19277327,10787500,3216300,22795600,48884000,2176000,9165000,4149500,3633395,4474300,2922600,41097000,3142500,9403900,13015600,1827900,22010600,3304900,5886900,1348800,3250400,16784000,6843300,3547400,4864300,9786400,100890600,387200,3035089,8153900,5157900,21092300,6974600,33646600,21058400,11325600,3913500,213632000,6551600,1112400,18817000,2675400,570327000,3130100,6177900,20633100,5235800,28225400,9306800,625400,4046000,4399800,4228700,31111100,2386100,555600,464700,6544200,8818500,6481100,2367100,11502600,5702100,2313100,1690100,1628100,67479400,4236400,2737200,4288500,124948500,2609700,8233600,2582700,3176700,10799100,6427700,765700,1620700,33011700,1484000,17431000,14955900,5262900,33683800,2339000
2022-04-29,131747600,25155900,4033100.0,6815900,2972100,3033200,3589200,7998900,82647700,4029300,2151900,272662000,1888000,26108000,3210100,10880300,47385200,11827500,1011600,5685200,15072900,21844900,3404000,1827700,22197100,1423800,14943400,47090765,1295000,8777700,2968000,7110800,20281400,8778300,14713200,4137200,1526800,3637913,16907000,2383100,5424000,3008100,1540200,937600,2975000,4734000,649000,2467500,7185300,83184900,17202000,2338600,16677077,10455800,2771500,16737800,42676000,3129600,9381900,4878200,7690659,5078700,3641700,70765900,2913500,8463100,14874800,2424900,20137100,2534900,3910900,1479500,4217600,14050000,4741800,3388000,4837700,10385400,49193400,475100,4966151,10862800,5081900,15914200,8097300,37073900,16843500,14912900,5684000,163919000,5867900,945600,7276000,6063900,500435000,6374100,7946900,19208600,6505600,28343300,10637000,776800,9997100,4911100,6279900,13693100,2861500,678300,1077700,5883000,9199300,7744600,3099500,10611900,8189500,3160500,2103100,3090500,70195400,6981400,2168700,7328400,88133100,1595500,6698600,2873200,4853500,7965000,5963400,640000,2871500,41014200,2480300,27149400,21088800,5614300,34656500,2251800
2022-05-02,123055300,9690800,5945300.0,4905000,2528900,3010000,2652900,9425100,98304100,4154800,2127600,148788000,972400,26725000,3881800,12399200,46652200,14875000,1537000,6797200,9896200,25904000,2639500,1612600,34360800,1497500,7133000,40131791,1463200,6980500,3303400,6278400,22499200,6520200,11559000,3109000,1563400,3633626,14300700,1758600,3831700,2932200,1909900,1095200,3409900,3496000,488800,2732700,6330100,64734000,21723800,2225600,18536095,9474000,4443300,16119900,35534000,2968100,8988100,4233900,7532676,4213500,2825500,45446500,2421200,7145400,18545000,1564400,24970300,2195400,2789900,1397100,3697800,12866000,3903800,3418700,5580700,10049400,49915300,490700,4445891,10164800,5088200,12124900,8737100,35151100,15342800,14338100,5837600,145916000,5428400,759900,7055000,3789100,572049000,4257100,7379900,38104700,7692100,36228400,10351600,873500,5868000,7263500,4280400,13320900,3003300,737400,1572800,7870600,12379000,8411800,2870700,11445200,6371900,2818500,3850000,1911600,67551600,8136500,1972000,5514400,75781500,1456800,5851500,3184300,5026600,8803700,6708000,1090900,3748700,33309400,2449200,25009300,20016000,4397200,36335200,3513000
2022-05-03,88966500,6163400,16774700.0,4491500,2121700,2196100,2844800,5463700,126381800,2443800,1367100,79134000,1028500,17064000,3152300,10149500,48926000,15505000,887200,3874700,7410100,25374500,2121100,1347900,28177600,1115900,6073200,26004177,1125300,5748000,2398000,5047700,15828200,5894400,8827200,3123900,1468200,3065340,11149500,1479600,2428400,2319200,1439300,841700,3330500,3326700,419000,3004900,4514800,55734200,16184300,1957800,12595004,10384400,3703500,19132700,24968000,2606200,7055400,3336600,5686748,3688600,3704100,40158400,1648000,5898700,15720900,1326100,21686300,1771900,2109500,1332000,3002600,9578000,2686900,2562000,4029900,9538700,41556300,822100,3000405,8455900,5831600,8425600,9430500,25978600,13539100,10419900,5472900,118394000,8201200,1076000,6524500,2560000,475751000,3143500,5211500,24723400,5564900,33716900,10344000,843500,4047600,3839600,4292000,7556800,2406700,538700,4018500,5612200,15570100,9513300,2007000,8876500,4747600,1894500,2767100,1148100,62675300,4447700,1428000,5319000,63709500,1432300,5438600,2763400,3266300,6616900,5823700,1076000,1363500,33263100,4185600,21545300,17950500,4940100,33908100,2152200
2022-05-04,108256500,5791500,20598100.0,5347400,1900200,3330400,2987900,6352100,225394100,2494900,1098500,110746000,1142700,23896000,2930400,9550600,57860300,21817500,1038100,4269600,6111500,26643600,3023700,1936200,37917900,1130700,8806000,28958914,1623300,7989800,2465200,7563100,23942300,9361200,9183200,3719100,1750100,3265334,11488300,1299500,2561400,1865200,1085300,1227200,5737200,3134600,352200,2558100,8198300,59774900,17667500,2454400,12019739,8087800,3012500,15813700,49916000,2629400,10352600,4021300,5818206,5932600,8336400,44625600,2135700,5923000,17128500,1459000,19780200,1730100,2743600,1172600,4452400,11962000,3346600,3289300,5280300,8348000,41375900,714700,4418263,7910100,5416300,10763500,10495000,33599300,17201900,10859600,5996100,122188000,6924000,792100,9247500,2206600,648855000,3296200,6759900,27975500,6231500,28613700,7771000,1235300,5070200,3562100,5874800,11038100,3799600,998100,1792300,6160800,30199700,6842000,2059100,11713700,5712500,1623900,3722300,1654400,60771800,4747200,1251300,5964000,81643800,1540200,10311500,4002600,3920500,7191100,8342100,1314400,1353400,29564600,2895900,29468000,20022600,4162100,46188400,3747100
2022-05-05,130525300,6869300,11367200.0,5703300,2231700,3507700,2680400,8172500,153129800,3357100,1375900,144392000,1446900,32806000,2987100,7950800,48860600,25987500,889500,5257600,9579500,25756000,3005600,1393400,44517800,1628500,5056300,32266614,1427300,10593000,3977000,8379400,24846500,8236300,9807600,4926400,1465800,2591129,12720200,1323200,2200100,2135300,1601200,985200,2973100,4289400,470700,3871000,7051500,57889200,22061300,2646500,11491503,8767300,3169600,15317100,45840000,2622100,12199800,4959600,6110299,5957400,9393400,52996700,3058200,7089200,15055400,1863100,20155200,1769500,3120200,1183800,4262900,14578000,3424800,2925900,7453700,8843800,41129200,450300,3965816,10016300,5020700,9548300,8556500,43260400,16603600,10382300,5325900,139713000,8411600,1559700,9589500,3674700,626331000,3206300,7197200,42153600,6534300,28333000,8217100,1563800,5461500,4072600,5448500,14561400,4510600,754700,1271300,5906500,19114700,7036300,2130000,16281500,4969700,2037600,4252200,1879900,55503900,5940400,1378200,4938900,92519100,1796200,7740400,3359700,3249700,7749600,5801000,747300,1556900,20664300,2418700,29978600,23234400,4024500,41013400,2855200
2022-05-06,116124600,6145600,9573100.0,4966800,2477000,3522200,3291000,6247000,144286600,4682100,1843000,124260000,1293800,20745000,3129800,7697900,50440100,17250000,725700,4198800,9138300,25912900,2268400,1876900,43828900,2208100,5379600,39047505,1296100,9213100,3560800,7232700,21743900,8220400,10418100,4843700,1516100,2394067,12525200,1081300,2723500,2122500,1402100,946600,3262300,7042600,295100,2101800,10963600,66622200,22379500,2357600,8609237,7468200,2759600,14684900,39710000,2375600,9853200,4325300,3845913,7306400,7995700,40916600,3013800,6434000,14417900,967800,18984000,2273000,2931200,1409800,3910700,10680000,3635200,2964500,4157700,9037800,34747200,587300,2954479,11512300,4572200,12227400,7333600,37780300,15159800,9364900,4929100,171855000,11237500,925400,9826500,2818800,633297000,3568400,6222500,30897900,5824600,19891400,7304800,798000,6534300,3384400,4093600,10080600,3808200,773800,1306600,5295000,11165800,8118100,1758600,12396000,5242400,2366500,3353700,1506300,51506800,6099000,1116300,4701900,72903000,2498700,5724800,3260300,2826600,8825300,4400100,1157100,2268500,19322000,2646700,27035300,34258200,2593900,29619300,3339500
2022-05-09,131577900,6969000,14430900.0,6478200,2584100,4324900,3170300,10088400,144523700,4376300,2423300,128124000,1272700,30074000,4485200,12593800,51242000,16795000,1079400,4874400,13411700,28888400,2929900,1934600,55563200,2228400,5666800,39132865,1821200,9750900,3292700,9997800,22421200,7147000,14110700,4319600,1818100,4479401,17941600,1349000,3663300,3465600,1085300,1115100,4179300,6977200,664400,3028900,6465900,71242000,30392800,2320600,11266308,9294000,6105900,18508800,40802000,3234000,13821400,5243600,4012065,7647900,5503600,44925800,3754700,7855200,14312300,1822900,20055300,2027000,3460500,1354500,3998300,18487000,5777400,2918900,6579400,11709000,36303200,641900,4979068,16925900,6756700,11901500,11161000,47726000,21770900,10442700,7648200,140313000,7506000,880700,14239500,4802200,644455000,4524500,7019700,40093500,7269100,25012300,8540800,1003800,5611100,7282300,5173000,11668100,5978200,819400,1744500,6071900,12863600,9216400,2280300,14845900,6063500,2810200,4154900,2011000,51563300,8264800,1568600,6938100,90810300,4311300,7929700,3862700,3925400,10314100,8179500,964500,3148800,24391300,2632400,27132700,28207200,4033000,45851600,2984600
2022-05-10,115366700,6525200,13638500.0,6248300,2634600,5334400,3174300,8881000,137235500,4234800,2411700,105434000,1504300,29271000,3014800,11781400,60235300,12287500,1179800,4798400,10993800,31054700,3040400,1747000,46996200,1612900,6030700,33469976,1574900,7845900,2729400,8598700,21741100,5221800,11636000,5273200,1344100,3400694,15657700,2305400,3372200,6505800,1142600,1296400,3286500,5451400,687800,3543000,8876100,75506700,26543200,2278600,10974181,9721600,3472300,20206400,39900000,2798400,9371600,4392900,5058318,8642400,5215700,42770000,2253000,8186700,16382400,1450900,21322200,2524900,3140800,978500,3638700,14134000,5003500,3070800,8622200,10974900,34452500,605800,4189827,25354700,6186400,12370800,9261000,39336400,17662700,14731900,7249600,138839000,7526900,924000,9477500,2968500,761474000,5762800,8129000,30590200,5936700,27335900,7447400,807100,11362600,7091500,4186100,8841200,5050900,769500,1403900,7526300,14085900,6661700,2208700,11063400,5314100,3139200,2959600,1858000,42465900,9331900,1682600,5080900,84401700,5099900,7033300,4275500,3510200,11016500,7048800,802200,2041500,23007300,3375000,25276100,24861300,4316000,34483200,2851900
2022-05-11,142689800,5630000,13661400.0,6636100,2398600,3822000,3331400,8311700,136137900,3411700,2104200,109704000,1276000,26660000,2644300,11388400,54969300,11542500,1170600,4250700,11574600,30179000,2552400,1593200,40917100,1410700,5555500,33884719,1498300,6651600,2782900,7220100,23872100,4667200,9105500,4543400,1380900,2730098,26933300,1716800,3082800,7986700,957200,1166800,3788900,4167300,741700,1852300,9406200,71644900,22542800,2807900,12465152,10224000,2656600,18050800,37534000,2320600,9595100,3880500,3484218,5301100,4052700,40351700,2690200,6138900,14630300,1320000,19648400,1759200,2625200,1018200,4598000,11793000,4263900,2833200,6486700,9728200,31153400,560500,3286608,16080100,6411000,16338600,8060000,48975900,17237300,11129000,6009500,126655000,6611800,805100,9473500,2460500,670167000,4444100,6932100,36357100,5376900,29699500,7692200,558100,8548500,8132100,2981700,11530900,4238200,704000,1100600,6493900,12118100,10257400,1376500,11569100,5758900,3323500,2987900,1429600,50074200,8399600,1146400,7399200,97224600,3931800,5892800,3936300,4934100,9427300,5003800,822500,1905900,20133200,3329300,25291600,27878700,4348700,33020600,3355200
2022-05-12,182602000,6914800,9264300.0,8516100,2284600,4048200,2905400,9287100,129214200,3733300,2193700,132026000,1391500,25518000,5314800,15891300,61231500,10910000,1117500,5679800,9925100,36301500,3282000,1439800,53708800,1675400,5244700,42257788,2572500,7244400,2829500,10187500,25951000,4919400,8936400,4057500,1889400,3194270,36298800,1480000,3429200,4545000,1451800,1280500,3683000,4056100,711200,2251900,12044400,113203900,27193400,2345500,13844409,9727900,3218200,43172200,53836000,3408300,10336800,4447700,4233708,5384800,4099600,42329600,2035900,6898600,16318800,1498100,22574700,2455200,2370000,1390200,4292900,15558000,3891500,2861000,6090700,8676400,38262200,481900,3371524,12185000,6985500,14210200,10315600,51033800,27022900,15364900,9765900,176621000,10245400,942000,13509500,3342000,708728000,5584800,11698900,23862900,6473500,33468400,9600800,1116800,8153100,7908500,3910600,10749800,5533900,793100,1555700,6356200,15460600,8308100,2637500,13434300,6631400,2754300,3251300,1375500,52687000,8510600,1532700,4460600,140313000,2926700,5936100,3997600,5352400,9308600,3800100,1426900,1475400,21623900,2111600,30171700,25244400,2688700,29491500,2396600
2022-05-13,113990900,6398500,8595400.0,6159300,2373600,3379300,2270400,8321100,138068100,2631900,2229500,93684000,661800,19449000,3625100,20891500,49117900,7547500,1684400,3767500,7768200,21739400,2323800,1855000,40862000,1520100,5068600,31672935,1888600,6549900,2338600,6499700,18954500,4502300,9229900,2626500,1750300,3568541,16782600,2289500,3251300,3682500,817200,1065200,3580400,3881600,690800,2813100,5592700,78944200,18988000,2077100,8309406,9515200,3366700,22997300,35038000,2152500,10121800,3949100,3434881,4195100,3984500,32034100,2250600,7732200,10443200,1982200,16167000,1845400,2337700,1114700,2911900,19093000,3536000,3255200,5673200,7884200,24549800,376000,3292947,8144600,5834900,10308100,7948000,34925100,22872000,8010600,6361900,131363000,9618800,576900,10467500,3377600,670437000,5225300,6700100,35184900,4714600,22423700,5675500,811200,6521900,2816100,3329000,9280700,4633600,604500,1386800,5465600,18156300,6799100,1501600,9798900,5018100,2662900,2811700,1261300,34107300,8036400,1375100,3891000,92150700,3222700,5329900,2453400,3598100,6684500,3800700,1020700,1366600,21080500,2224900,21253200,19962300,2688300,25798400,2239300
2022-05-16,86643800,6565600,7588400.0,7459000,1598000,2645200,2142200,7218200,131065700,2414500,1203100,74566000,880900,14189000,2811300,10631600,39076500,7232500,2287300,3697600,5833700,16919100,2540800,1690600,29771800,1542700,3981100,22423752,2064800,7990600,1579700,5065800,20254500,3438600,13296300,2810400,1896400,2645273,11993600,1527300,2408000,2901900,767700,851900,3454800,3560100,405600,2551900,4707500,65055400,17882500,1301600,10451563,6157500,3379000,16512200,25990000,1568800,12427800,4267900,2784276,4250400,2811800,25071900,1569600,5516700,10269000,937200,13223200,1598800,5118300,1004700,4405300,9689000,2062300,2147100,4988500,7955000,27112600,513200,3245585,7263300,5703500,13999000,5703600,32550900,13394700,7339500,5961700,161450000,5722500,586600,8314000,5034300,521446000,3543200,6942100,38650700,5317200,19435600,5971000,719400,3719300,5423700,4561900,6378800,3496200,486900,742800,5158500,11435300,6051600,1278700,10181600,4537900,1564700,2588100,985500,40027000,7952300,883700,3239800,86098500,4691200,3648900,2338800,3003600,5161300,4599100,1338400,1558200,22754700,1790800,16837400,21449100,2678200,26101200,2457600
2022-05-17,78336300,6032200,6962900.0,9172000,1598000,2614700,2521200,6646500,164227200,2344100,1728500,76448000,893500,24676000,2928100,12154200,42635600,10177500,1564500,4154200,9315300,46643400,2275900,1675600,29133500,1436300,4017100,19670679,1664300,6577500,2602800,7317700,18780600,4160200,12827600,3492100,1229300,3316997,11847600,1476300,4076100,3920200,868400,916500,4136200,3496800,364000,1988500,5123400,50891400,22673600,2927500,7218585,5607700,4173700,15505700,23054000,2096200,12765400,12425900,2890058,4372900,3343800,28596600,1324100,5751100,11160200,1657400,21300600,1396600,2553000,798100,8210000,16356000,2802300,3204900,5024900,10053400,24872700,776000,2519733,8465300,5576300,17582800,6507100,28828800,17671500,8889300,4289400,98767000,6026100,580900,10688000,3727300,585830000,4711800,5952500,28834800,5012200,19918200,6509100,638200,3838000,4199300,3747200,9094100,3103300,571800,812500,4447200,12454500,8095200,1603800,9936900,4527900,1752000,2149300,1058400,42938400,13982300,1554900,3884900,80236200,8128000,5851300,2289000,2640900,7265600,5185000,917700,1566800,22043100,2502700,23340500,132940200,2465500,23120700,1871900
2022-05-18,109742900,6498100,9718700.0,6933900,2666000,2915900,3580900,8522800,142603200,3376800,1623800,108380000,874300,35024000,2697700,9567600,47396900,9012500,967300,4417900,10495400,32181600,4723300,1634200,36536400,2537200,4590300,25136599,1832400,8957000,9511600,7454400,40672700,8246800,13107500,3928000,1543400,2546122,11794000,1360000,4006100,4177100,1166300,981300,3346400,4340700,461400,1946500,6946200,68362500,18276000,3721100,11337253,9583900,5645600,19255700,35126000,2033200,9556300,7799500,3380240,6003000,3181200,35218400,2031700,8608800,12664900,1668600,31437300,1737200,2161400,986900,7847600,17105000,4521400,3946100,6197500,12698500,23960000,331600,3538605,9922500,6277700,12717600,5949400,31356000,20635100,10316800,5246100,96656000,8188300,758100,8893500,2382400,545161000,5187300,7977300,28649800,8875400,22276000,9670700,535800,4898000,5819500,4002600,11992700,3197700,560100,1072600,5843100,10576500,7867300,1526900,9734900,5498700,2031800,2527700,1101300,43342800,26649700,1403500,3787000,87811800,4142700,5747200,3240500,4275300,8748200,5436900,594800,1397000,22365100,2048600,27351300,104253000,3151900,25451200,2614000
2022-05-19,136095600,5994800,8926600.0,6304800,2679500,2797200,2749800,10115800,141506200,2414200,1825900,88142000,725200,34884000,2768300,8075800,47002700,9680000,1301100,4730100,9556000,27279400,2887700,1751300,37716400,1692000,5477100,18591088,1611300,6784100,5839600,8382200,97674600,7000000,10958700,4932300,2253600,2699981,11285000,1501600,3687600,3542800,952300,1284900,2834100,4586600,448600,2992300,5821500,58459600,18860200,2598700,9992827,8833600,4364700,15545100,34144000,2108800,8485600,5211500,3316898,5819700,3671900,29181000,1722800,6874500,12765800,1450800,31493900,1957800,3157400,1539800,5132100,11193000,4380700,3518300,4098400,10834400,24446900,452700,3285053,13690300,7399700,11121600,7852800,32692300,17558000,9593500,7863800,104485000,7702000,758600,10223500,2310100,621310000,4499300,9451600,27147600,6423800,19865500,9694100,559400,5056100,9297700,4660600,8419500,5054600,607700,956900,5234700,11193700,9179100,1690300,12123900,5814900,2629100,2581700,1920100,41588100,13905700,2065500,4240300,90296700,5006400,5399600,3813800,4382900,9012400,5401700,546500,1448800,23186400,2132100,25211900,71008500,2954900,24387400,2956600
2022-05-20,137426100,6746400,6961900.0,4509600,3007800,3432400,2925600,16285500,164126800,3860500,2853900,99500000,1032800,40281000,2982500,18822200,62406500,10775000,1200800,5517600,12397600,29025500,5404500,1501800,45620600,1623700,6937200,25955522,2601900,6717700,5115000,9068700,46148700,5194200,9615000,3471200,8814300,2737092,15650400,1570200,3375100,4727700,1010800,1365000,3120900,3559800,587800,4686600,6175900,78183400,21630900,2253900,11782667,6814600,4804100,24408000,48962000,2201100,9703100,5621800,4121030,6914500,3235900,44802300,1817900,7522100,13150100,1997000,29133800,2372000,3129100,1632500,5722600,17158000,3428700,3208200,6085600,14293200,31465600,658300,5017698,16223600,5892900,11757100,8705000,39199300,20313300,9747800,6135100,104294000,7621900,636900,8626500,2869500,739105000,4085500,7531100,23803400,5768800,31250400,7786900,660000,5146000,5077000,3838800,11370100,4851900,544300,910600,6585500,15941800,7793700,2576100,9870700,5758200,3296800,3425800,1086600,47415800,15719000,2167600,4348800,144973200,19700700,6278300,3068200,3483300,6966600,5095700,826700,1552300,24181800,2464100,35410400,49356000,4574000,28795000,2467600
2022-05-23,117726300,6886400,6000800.0,4357000,2128900,2337500,2485500,7669100,128773000,2272600,1697400,107798000,747600,58586000,2726600,9341500,69081900,7407500,918600,4142100,6662600,35166800,3246600,1384500,41410400,1092300,3754700,21617847,1879100,8646900,3687200,6148800,27366600,6136200,10216400,2821500,4286400,2311385,14402400,1201700,2577300,4589800,1043100,1194300,2822300,3344300,475200,2169600,4333200,51929600,19211900,1696200,8467508,7256800,3504800,19959800,37184000,2653000,9574200,4305600,3953286,3591500,3024000,27199500,1496400,7040800,24376700,1085900,19406900,1981100,2873600,1038200,3546700,10578000,3420800,3053500,5621300,7476200,25059200,533400,3391976,10535400,5440200,9067000,7787700,33175400,12356200,10378700,5417400,96020000,7136400,561400,9763500,2613700,639889000,6075200,7370200,24517300,4657800,24035800,7134500,592100,5979100,6296700,4220300,10023400,3406900,593200,701800,4701300,10741900,6723400,1290300,13288000,3927300,1842900,2753300,925000,46775100,9251700,1180600,4133500,88903500,7573700,5384100,2279800,2837700,12187400,5266200,727400,1674000,16761800,2151900,27979100,43680900,2722700,27239300,1909600
2022-05-24,104132700,6367200,6415800.0,5272600,2088700,2630800,2534300,6785400,123341400,2667300,2174400,102934000,729700,25060000,2817800,9092400,46146700,8475000,1133600,3657600,5959600,24344800,2467800,1447400,63216500,1383100,3539700,22323027,1226700,6859100,3473400,6928400,30053900,3959200,9782700,4772300,1900600,2159105,13970200,1337600,3009200,4920100,1028800,1397400,3318300,3127200,479800,2709700,6421600,51082800,15922900,1929700,9837776,8263200,2345800,16717000,76780000,1870900,7852200,4241900,3015786,4189700,2168600,29837500,1519000,6419800,19324900,1308300,16154200,1707700,2804900,1034100,4486500,9431000,2561500,5258200,5462100,6505400,50406300,506400,3156005,10561600,3941300,9021000,6225700,29043900,18764500,11133500,6255500,77064000,6023400,794100,8662500,2056800,588550000,4053100,6644100,19892900,6327600,26729800,7207400,481600,5617300,6116800,3076300,9157100,6000200,465100,1046200,5932000,9227700,5758700,1450700,11259800,7298300,2605200,2049300,771800,49841200,6998800,1012500,4037900,89092500,5057200,5121700,2658100,2865100,7458500,3677600,745200,1622100,25414700,2258100,23996000,34584900,2680700,24293300,1689300
2022-05-25,92482700,5042600,6203300.0,3921700,1812600,2726700,2393000,7378200,111771100,3538400,2392900,93120000,884400,17842000,4381000,7707900,49343400,8907500,959300,3704800,7417400,23507900,3080200,1606100,38049800,1097500,3733900,17694381,1897900,6707000,3225100,7436800,25504600,3603600,10174500,4603600,2005800,2903698,11026600,1263400,2771900,2717200,1359500,1027400,2781600,3879700,582100,1877500,5183600,41193100,12859800,2197300,11389740,7112400,2876500,15409500,40258000,1929500,8889900,4612900,2665232,3299300,4443700,26283100,1466100,6558900,12780400,1166300,15360500,2260100,3195700,1032200,3986300,12887000,3033400,2641700,4546700,8517400,28030200,588600,2244772,9198000,5486200,11177700,6747800,28547900,16241200,11192100,8617300,85221000,7158800,594300,16292000,2221200,781132000,4227300,7103300,18245000,5781000,24003900,8217800,712000,4249500,6839900,3422100,9766000,5925200,562100,899000,3742000,8344400,10584800,1420800,17205000,3859800,2324700,2830000,1115400,40179400,6851700,1538300,3185000,92139300,3580600,4712100,3161600,3370100,5457200,5677200,545300,1880700,19831500,2051000,22343900,27121800,2847500,29947800,1735500
2022-05-26,90601500,6659300,6883200.0,4027800,2742800,2419500,2574800,9173100,128792700,2222300,1487200,93002000,866100,39743000,2463900,8333900,60201200,7555000,1651200,4472000,6171100,19140700,2016000,1106600,49498400,1695800,4139100,26064463,1029200,6159000,5917600,6697700,28294700,4779100,11213900,3501900,1349900,2834326,11297800,1343000,2717600,1685600,1142000,987900,3062100,3384200,566700,1366400,5005300,45709200,10011800,1764200,7528368,5730800,2635900,14568400,37948000,2440400,10446700,4170800,2375155,3929300,3645400,28826700,2562800,6897600,15990900,1434800,16159800,2651600,3284200,1143100,3337900,12922000,2817400,1972300,4740200,5930800,23056500,287500,2544251,7276700,4520600,17249500,8573400,25002100,14902500,9431300,5303800,80499000,6520300,760400,8949500,2015100,996575000,4491900,6758900,22548600,5193800,23516300,5702600,393700,5025600,4623500,3262700,7932800,5500000,523500,877900,5545800,8940900,7846700,1363900,16282900,3561800,2086600,2048000,907900,28495500,10821900,1855200,4066000,106003200,3394600,4536600,2705800,2628400,9212300,4887400,334900,1376600,15500400,1960400,23502500,28197600,4487800,24314800,1596300
2022-05-27,90978500,8405000,7391500.0,3884800,2759000,3560400,2713400,8510500,104348400,2678900,1786300,93660000,957200,37301000,2157500,7261500,43365600,7715000,980700,4280100,6968700,19509300,2020400,1326000,35625500,1248100,2742300,19284425,1123900,6788700,5719600,7883600,23882100,4318000,10512300,4116800,1968000,3218861,13671300,971700,2628900,2411900,996500,1190300,2004800,2941000,613200,1459000,5224800,54195700,11914400,2146600,7819853,6436000,2667700,15684100,37914000,2106700,9138800,3899300,2383430,4608000,2482100,30553300,2132900,5853600,11177800,1456000,17709000,1879000,3694300,1265800,2779200,16526000,2658700,2063800,5133300,8631200,22562700,568500,2124933,7356700,5987400,9802000,6300000,26910800,13078700,9435300,4590300,85860000,5043000,646000,9751000,1927700,738379000,3369600,6566700,20843900,6713500,21407500,6028800,472200,4177000,6977000,3621300,9180800,4039400,558700,1176200,3394200,8498400,7402900,1180100,13950700,3773800,1436500,2177600,1021300,34169600,6524400,1721300,3294200,89295000,3540000,5857900,3349100,2959800,4897200,4518900,461800,1479100,13347300,2133900,19482600,25299900,2981700,25588800,2043100
2022-05-31,103718400,11227800,9117600.0,10563500,4143700,7944200,3319500,9751200,125102900,6737500,2829600,144634000,1407100,30009000,4123500,7953700,71609200,12627500,2519000,5675800,7925300,25805400,3773500,2354900,38118300,3557100,5916500,26941323,2286600,17278500,4424500,18114600,64821200,9286800,20547600,7050700,2705000,7219764,20274600,1735000,5037700,2880300,2008700,3939100,4198500,7746300,633600,2900500,12224700,79689900,16890100,3063800,8332038,13781900,5974000,19857900,50012000,2722900,30406800,5966600,3717107,7978100,4122000,41111500,2046500,16391400,17015000,1592600,43159000,2510400,6298900,2539100,4733900,15011000,3873800,3924700,7184700,8767500,26131100,981400,4956224,11325100,11267100,22860800,10780700,37827700,15453000,29712000,9582600,113985000,13774600,1762600,12059000,6387400,664100000,6709300,16890300,41019500,13610000,66058200,12416700,1075700,14792700,7741200,5541800,16007300,4566100,1691600,2238300,6478700,23361800,11549000,4118300,28706600,8118800,3700300,9048900,2090100,61515300,7561200,2630800,5158100,101914500,3868100,9408000,4003100,8734300,9586400,6325300,968200,3878600,25016600,7252500,40727400,36912300,3753300,44888100,4268000
2022-06-01,74286600,5597900,6879600.0,4890200,1784600,3409900,2234500,6852200,99351400,2664600,1418000,127528000,911900,18345000,2276400,9991600,35237900,6462500,919900,3795700,6546400,23902000,2314000,1056000,33402900,2622900,3963400,19185407,1617600,7246600,2319400,37037400,20666000,4410400,8824100,3969800,1714800,2593610,11829700,1314800,2552100,2134500,1004500,813600,2797300,4390300,369800,1750800,4850800,50726200,12817600,1987300,9514991,5797700,3431100,12190800,36606000,2330200,10391100,3080800,2505339,3796500,3182900,29885500,2426100,5175400,10768000,1110100,15408300,1853800,2731500,1199000,3290200,10261000,2190000,2264100,4030400,7621800,36623500,316200,2882838,6797300,5366600,10492500,6543900,25292200,13595400,7994100,4633600,84162000,5543100,798600,8349500,1954500,544514000,2879800,5804700,28856900,5613900,17430600,7036000,648100,4044300,6407200,4086100,8514300,3664200,610000,1433300,4245900,7579000,5065800,1202100,15207500,4902600,2685800,7792600,1156600,35928900,4158800,1309500,3773600,77247900,2051800,4681600,1765900,3253800,5246100,3974000,648100,1377600,15358100,2352000,20417900,28534800,2314300,25815400,1733600
2022-06-02,72348100,5998900,5166200.0,3856600,1318500,3415700,2261200,6408500,120953800,3916200,2781800,100560000,941700,29488000,1707000,12777000,35341900,12002500,955500,3119300,4443900,17473600,1784100,2695500,34067200,1656300,3588900,17864568,1308200,5042700,4950600,19231200,20546800,4175600,7441900,2696600,1161600,3008263,8829900,1562600,2712800,2868100,1482400,1186500,3016900,2619700,369900,1289900,5221800,42979700,19239100,1642100,9897164,7860000,3350400,10735500,37992000,1957500,9015800,4086400,2663747,3734800,2296000,28727600,2099500,8666500,8374800,1161400,14586000,2282400,3703300,1210000,3359200,11600000,2484200,2089700,3898300,7719200,31951600,246800,2274074,5882200,5154200,11066200,7468700,44008200,11373200,9640600,4423800,96231000,5838100,1151400,10023500,1554500,648656000,2701500,6200400,23447600,4677300,21903400,6479800,501500,3674200,5823000,3031400,9589500,3029200,1276100,1008200,3460300,10241500,5380700,2271600,8155100,4732900,1531800,2609600,1011500,27085200,3436900,842600,3704700,93473100,2453300,6521600,2093500,2317800,5337200,4476100,550300,1234700,13527800,1914900,14633300,23214300,2633200,19089100,1399900
2022-06-03,88570300,4891800,4584600.0,3778200,1714500,2355300,1682400,5080700,110844700,2086500,7332200,97604000,935700,20562000,1390700,10091800,25235200,7717500,788500,2587500,5823400,16550000,2222500,1775700,27169400,2331300,3150100,20988637,1061400,5387100,2857400,9224000,17947000,4312700,8435300,2108800,1082200,2452046,6767600,1329500,1547800,2924200,1007300,744100,2541900,2665200,402700,1421300,4445100,43625200,13459900,1379600,8463013,5228700,2410600,11670500,26136000,1238900,6737600,2956600,2392449,4352200,2366900,33174700,1524400,4234200,8596000,799900,13539900,1332800,2490000,928000,2262700,13304000,2076600,1838900,3542600,6221300,19465000,270500,2244055,4785100,5665400,7051600,5276900,28059000,30306600,9293500,3578600,71918000,5201500,872400,5644500,1588000,598779000,2821700,8169500,23397800,4222000,18125000,4720700,340700,3217200,5991600,2940200,7458900,3359800,666500,794700,2837000,10415700,3561900,1395800,8854400,2686200,1392500,2276000,747300,27796900,4894200,736400,4376300,112393800,1688300,4485500,1756900,3802200,4352500,4860400,614900,1134000,10819800,1538900,12572400,18302700,2255100,21038200,1208300
2022-06-06,71598400,3912400,4160200.0,4205600,1401000,1563800,1499000,3824600,96726900,2413700,4197100,135269000,1149200,14557000,1486000,6354800,40394000,5165000,605300,2980900,6548500,18473200,1565400,1295600,26843100,1615000,2715500,21494182,1228800,5608400,2297000,5811700,12641900,3925100,6734200,3090000,1011000,1572545,7575900,1357400,1483200,1649200,960400,634000,1675700,3225000,527400,1659400,4454900,37711100,15137400,1562900,7614722,7865800,2154000,11029000,33542000,1099700,7125900,2562000,1682958,4766900,2371700,25437100,1374300,5386500,11323500,582300,15112800,1728400,3734400,690000,2691600,7852000,2196100,1569300,3859900,4556100,30574200,301700,1884418,8198200,7557300,8336900,4022400,22400300,13198700,12716900,3517300,53720000,3963400,586500,4721500,1633300,422406000,4764100,5274700,25654100,3447800,16544400,4751100,574100,3212300,5633100,3046000,7238700,1827900,941200,1197200,3080300,7239400,8687300,1220000,6697000,4674500,1917800,1815800,794700,22002900,3905100,1114400,3163200,84204600,1971500,5603800,1781500,2649200,3965100,4451200,485400,907100,12898100,1425500,11867200,19855500,2356900,20682100,1414900
2022-06-07,67808200,4991200,3331200.0,3285600,2311100,1611200,1461700,4725500,79022900,2693800,2135100,85156700,1377600,15895000,2083100,5436100,29152200,5865000,545100,2550700,6725400,15528800,1799000,2158500,23383200,1792300,6609400,15455495,1145100,8559000,2435500,6331100,14667200,4852400,9668300,2860300,987000,1837286,7279100,1263800,2113300,1847200,1182600,996900,2007600,3354500,549100,2237400,4058900,38940300,12694800,1115100,8227386,6841000,2630600,14517600,31590000,2516800,8768800,3547800,2260036,2887100,3503400,25168700,1351900,5447800,6722200,675900,17886300,1726100,3652800,1126000,3269700,11502000,2158800,2782000,3067600,5929700,18828700,311500,2159139,5439700,7723900,10243300,4514300,22860700,14328000,7405600,3452000,48395000,5373600,742900,6485000,2030700,388914000,3832200,5675700,25630500,4168300,15091200,4918600,507500,3771100,4629300,3477600,6062800,5169100,515900,997000,5634600,5517100,14689200,1293200,14735800,3471200,2546800,1904700,739900,24977700,6706100,1113600,3304400,72808500,2697500,4416100,2341900,2984000,4493300,5637700,443600,962800,15383000,1899300,13281600,47707800,2173900,37810200,1473400
2022-06-08,53950200,4835200,3775600.0,3683400,1428600,1790100,1814500,5138300,97641900,2353900,1550400,64926600,1647300,24004000,2313900,5833700,33590600,6742500,481900,2877400,6378400,13207700,4171300,1274900,43179100,1235600,3131300,18351120,1094700,7010900,1697000,6226200,16263800,3778300,8715200,2240300,1772700,1805251,7019500,1147400,1810700,1702500,1143400,582200,1704100,3494800,612100,2274000,5527100,39441900,12373400,1556300,5418794,7248200,2630100,10210300,26108000,1438100,10255100,3003100,1791817,3005700,2791000,59649900,1104500,4333100,8422100,891800,10211500,1917000,2684500,1151600,2775700,9009000,1709600,2101300,4467100,3861200,22267200,503100,2046834,31794300,6385400,10266000,6787200,17372300,16363000,5198000,4063600,72441000,4365800,853000,5577000,1771500,363252000,2979100,5253500,29262700,2646800,12789800,4369600,694700,3238700,8555300,3611100,6773000,4832900,566900,824100,6666600,5178300,10059100,1154600,15101200,2981600,1603500,1620800,660400,20732900,4250000,837400,3762700,76210500,1559300,5112600,3268100,3592200,3646300,5828200,408500,1770200,13249700,1967800,12364400,22522800,5320300,31613200,1310300
2022-06-09,69473000,5642900,5315900.0,3424700,2497900,2572400,2279800,5947900,95299000,2695200,2050700,67029800,1444600,18787000,2273800,6010100,49419000,9312500,969000,3217400,5868800,14272900,3045700,1381400,63169100,1101600,6327300,23113674,1319900,6643000,3087500,8467700,18417700,4153500,9764600,3075600,1415500,1531373,8261200,1398700,2379400,2239800,1205500,887200,2195100,3006300,411300,1594800,5264400,30468000,13547900,1846500,8114548,5242200,3121100,9306500,25798000,2896500,9186400,4168400,1776963,3591000,2304500,39047200,1595300,5509600,13560100,908800,13382200,1666100,1963300,995100,2999500,8652000,2250600,2682600,4904100,7124600,23501600,302500,2593287,25295200,6594400,7381100,6951700,26439700,15073700,8354800,6004800,69490000,3892600,843500,4766000,2393000,395574000,4325300,6824900,25112700,3522900,17572700,4625700,613300,2841000,3625700,2946100,7153200,6625800,939700,992400,4566900,13248100,7698400,1593100,11473800,4184800,2100900,1759400,983800,24934500,3852300,832900,3044400,96491400,2966200,5353200,3148800,2891600,5138600,4330800,522300,1954400,12078400,1956000,20142400,19880100,2733400,26607000,1327300
2022-06-10,91437900,5464700,6936900.0,4805600,2169900,4406100,3003000,8391600,102135400,2910900,2188200,87266000,1584000,24018000,2733300,7770700,49318200,10787500,1149800,5882600,11071300,28910800,2604100,1879100,67279900,1403000,4294600,22729447,2471100,7298800,2549900,7855800,20262400,4488600,9529700,2974100,1327900,2423395,15369700,1637600,3342600,2052800,1114200,922900,2982400,5527700,614600,1543800,6626500,55644400,23307200,2263300,15384656,8155600,3362300,15875500,41452000,3866900,9898100,4623900,3054301,4659500,2705300,43066200,1602600,6647300,12945200,1227000,14967600,2007900,2469800,1165700,3564600,10987000,3300500,1992300,5840700,8265400,27450800,498300,7037144,13395400,7420300,8861600,9671600,31422800,26626900,8598500,7317000,130656000,6292600,964400,6218000,2230000,465248000,4513600,10256100,27407900,5203300,23826000,6630800,632800,5701500,3819000,3015000,8544700,9514400,837800,1194700,5615900,8694300,8355100,1513800,11294000,4967400,2792100,2505100,1346700,33572700,4862700,1177600,3676200,97536600,2465400,6511000,2599900,3220600,5162500,4770800,663600,1375600,19868500,2234800,27619300,25238100,3562300,30950500,1606200
2022-06-13,122207100,5997000,9587300.0,5215300,2414200,4724800,4241100,10484200,98148800,4462300,2272900,99277700,1615400,31619000,4156500,16778500,61216600,18240000,1226200,7109100,15115200,30308400,3559400,1733800,71269000,2242000,4490600,34198524,2937900,9516900,3113400,10726200,29050800,4756900,14614900,3461900,1816700,2996081,15239700,1912500,2752200,2809700,1141000,1112300,3161400,5685400,710400,1596700,8093700,80676300,30274600,1983000,15183217,9646100,3834400,23202000,47252000,4218100,12311100,4704600,5054922,6486000,2995400,50335900,3539900,7997000,16805600,1904100,23064200,2039600,2898800,1483000,3899300,14833000,4825100,4697000,7404500,8704100,31749300,722900,4922736,18091300,8749100,12016100,10446400,46135800,24278600,11882300,8118400,102224000,6423100,1328000,7466500,3233500,604153000,5406100,16547200,34448400,6300700,26989000,8549500,767400,15213000,4297800,4227500,12320900,7564000,1055000,1370600,5419200,9282800,12359000,1635600,12470100,6507600,3667000,3357300,1762500,56215900,7137400,1463700,5036300,102767400,3097300,7765000,3764600,4302900,7119200,6435900,1012500,1583600,23762500,2500100,27553800,24897900,3281000,33421000,2285300
2022-06-14,84784300,5861800,5915300.0,5890100,2052600,3197200,3482800,7058400,84066600,3020800,2584900,69728800,1097900,24380000,3574800,17549800,49349800,14465000,750400,5838100,12615100,25223600,2359000,3224600,59250200,2205400,3960400,25295369,2345400,7737700,2224600,8576200,22499100,4789100,10269300,4899300,1630400,2704831,12443700,3037900,3899500,2422100,1113400,1060500,2091200,4036500,561100,1927300,9114100,82369300,16368800,13008700,8634919,10073800,3042200,17891000,33706000,2487700,10376300,3987000,3663103,4607800,3975400,31351700,3184200,7116800,13357900,1170300,24620000,2420300,2422600,1497800,4037200,11689000,2788400,3564800,5207700,7096500,27244300,567600,3199539,12989100,8432800,11226900,7400300,28651500,17036000,11412500,4779100,115553000,4548400,818500,5394000,2681900,469680000,4541300,29661300,31328400,6159200,23290300,9980200,663500,6605100,4013500,4522800,6794700,6804400,755000,817800,3977900,7635600,11800900,1539000,13488800,6889000,2491000,2849000,1792800,42638300,5863800,1009100,4925900,97988700,2039000,4772600,3814200,3925500,6441200,5183500,1004600,1208800,20278700,2823000,36817600,21544200,2901100,31264000,2197000
2022-06-15,91533000,5981800,6260400.0,5278100,2536000,3664500,3954800,9377200,95774800,3076700,2076700,85011100,1085800,19141000,3327800,25997800,51540100,9507500,922800,5821200,13548200,30001500,2343100,2949700,67274100,1643400,6023400,33895389,1434600,7681400,2250200,7740700,22525100,4177100,11565300,3870900,1442500,2658922,11751600,2065800,4039500,2210100,1023700,961300,2630800,3821200,507200,1658600,7565600,70393200,17094500,5035800,10576600,6498100,2869500,19116000,39698000,2725800,12875000,4050400,3160931,4606900,3087500,37652300,2409500,7796100,14083500,1214700,19684700,1979500,1970100,1241700,4164200,15659000,2357800,3152100,4725900,9212300,30008300,519900,3912236,22244800,13175800,11357100,9273300,33111700,19726200,12085300,6262900,123960000,4828700,874400,9754000,3582400,563936000,4884500,11765500,29608900,5940100,25748000,12178100,665000,7486900,5760600,4747200,7860000,8618200,766600,1881600,4139200,7682300,11274400,1580200,15091800,6543300,2597900,2489600,1651900,38941900,7151900,1320500,5409700,119131800,2361100,5442100,2550700,3465100,6490000,8490700,758100,963000,22005600,3573200,31358100,25914000,3129000,29620800,1758000
2022-06-16,108123900,6963400,9435700.0,4793600,2741800,5775300,3908000,13359300,102433300,4102700,1668500,82186300,1014600,37244000,4815100,19543600,61363400,13827500,1005900,7199200,9199900,24744900,4789900,2080700,76859100,1904200,5342900,38455107,2167900,11848400,2906600,8090900,27049000,5914400,18125900,5482500,1799600,2290968,15298500,1543900,4134000,2329600,1428500,1140600,4639300,5865600,594600,2006500,7851100,80380100,20474600,3063700,14550650,9482200,3859000,22783200,51684000,2777300,19974800,6181000,4698320,5386400,2618800,45576500,2449300,7056700,16724900,2211400,15053800,2986900,2628600,1580300,5536300,19042000,4528500,3272000,8197100,7999200,26944100,682200,4458927,16086500,14308200,12925200,11068400,33169200,22706200,12729200,8092000,82013000,7384800,1055200,15154500,3040000,545749000,4708400,10686000,40604300,7207900,20424500,9683300,980100,5326600,5581100,6847800,16422800,10053100,796800,1633300,4517700,10147000,9045900,1553000,21591700,7006200,3000200,2692500,1438500,67896400,9118900,1180100,6641900,107390700,2072500,6843700,3135600,3355500,9887200,10800600,792500,1296000,22029300,2754800,37991500,30706800,4726800,35696700,2003400
2022-06-17,134520300,10429900,11293100.0,10249200,4446100,9475100,8000800,14451300,105212300,13114500,4291800,99772100,2127000,43504000,10033600,16042500,80470300,14137500,1436700,11562000,17432800,35111400,7226100,3134600,69584400,3822900,11016400,55635087,3571600,24455100,3623400,13074600,59678600,8393800,35575100,7815900,2329100,7693411,15403800,2339500,5533000,3726000,2731800,2265300,6444800,13623200,2385700,3126500,14637800,80248800,30089700,5287600,14449368,13726500,5405700,23649700,51376000,5234400,21819800,10775600,5977250,12968500,10178000,71393200,3802200,12486600,30919900,3072000,34781900,5565600,6900000,3757100,8499000,17917000,6235300,7236300,9709900,11416100,31374200,692100,8588356,30811200,26759300,32989100,17285900,43084800,24139800,15919000,11358900,121334000,10256800,1368400,11812000,4626100,630334000,15381100,16445600,51530800,9881800,45047700,17113300,1518100,7180500,12262300,14918000,17273400,11847400,1967600,3148500,7577200,9824300,16943900,2627900,32283000,9042000,3631600,4856100,2265200,97645400,12330100,2175200,8437400,92641800,3398400,11262500,5277400,7578300,15089300,15530900,1162400,3443700,36469500,9174300,59114300,36838800,6773700,64610200,3865100
2022-06-21,81000500,7160500,6532700.0,5338300,2550200,5343500,3197400,12207400,87780600,3882200,2502000,70901200,1147400,21901000,3518800,10519900,53537200,15080000,1130200,4906700,10277400,20289700,2755400,2265300,49067200,2324600,4456700,31123323,1936000,10454900,2420600,6736800,23277900,4998500,13772000,3381300,1425400,3210175,16649800,1652500,2877800,2222900,1395100,1402100,3034100,4369000,512800,1584400,6421700,66283400,13634400,2342200,12972362,9173000,3915200,16627600,47416000,2506300,14023000,5498400,3114566,4089300,4550500,34004900,1859500,8219700,11680500,1370300,17705000,3779400,2821300,1474400,4753300,12126000,3193700,3263500,5083600,10582700,50724900,651600,4459166,14934100,11309200,11778600,8063800,29928300,15502800,8466900,7811300,121776000,6211400,780500,5681000,2527100,483089000,3592900,10047700,31096600,4449600,19622100,9017000,925500,3729800,6843000,5764900,9208500,7083200,716100,1487100,5834200,7872500,10367600,2509400,18172900,6334900,2221100,3614500,1411400,49307700,6140000,1463400,5354100,122793000,2854900,6283100,5726800,2845800,6241600,8833500,898900,1333800,34258500,2525700,24884700,23916600,3146900,35951500,2080200
2022-06-22,73409200,7995700,8986000.0,5511600,2939000,3168200,2632500,7652000,86634700,4172900,3130200,60040100,953400,24721000,3419000,7713300,38305600,10967500,942900,4220700,9569100,19752800,4008700,2495800,38634600,1506200,4653700,28614593,1581200,11284200,1827500,5864500,19942300,4658600,13735800,3872200,1636100,2107104,11403500,1802500,2909900,2083500,1182800,1474200,3985100,4686300,444900,1921700,5921700,46098900,31329200,2033600,15573094,9045300,4137500,14974100,30774000,2463100,15917000,4678400,3084009,3791500,2835100,32571000,2580900,10593100,9842700,1077100,15207100,2768900,4535700,1073300,4434100,11078000,2671500,3054300,4538100,10349500,47267800,521800,3468639,41732700,9818400,11935400,6322600,25939900,13513800,12686500,5416200,119924000,9884000,539800,4919000,3090300,437135000,3427300,8219900,37726100,4706500,20382900,8374500,832400,4252600,5006900,5178900,9081000,5521100,539600,1568200,4481500,6702200,6636600,2370500,17335000,5613500,2730400,2001300,1300900,46607400,6373500,1214800,4896000,101107500,1524400,4242900,5061000,2671000,5138500,8293700,753100,1403200,23650600,2282100,18631700,20235000,3416000,29727200,2137700
2022-06-23,72433800,7795000,12340800.0,5064800,3482100,2534300,2991900,8286300,100614600,3229600,2553100,64345300,1177300,16707000,3915000,10746900,44091500,15050000,849900,4727400,6656700,24137200,6667900,1608100,48309600,1774200,3932400,28413463,1217700,13554900,2030100,7258000,33801700,4665400,15713700,3097800,4232900,3009278,11348800,1566200,3724300,2048700,1291500,795000,4619100,6254000,471700,2022800,4917900,53655000,41337600,4305100,10841280,6992900,3461400,14410100,28362000,2547000,14893300,3747500,3536737,4547900,2131600,30163000,1612000,10223500,11851500,1330300,17190900,2812400,3729300,988700,3611500,9030000,2387600,1937000,3924200,6459900,40499200,438100,2680236,18681700,9130000,14718400,7958000,25861400,13366600,12502500,6693900,95382000,8898400,614400,7197000,2211800,463680000,4081700,8775800,36861500,5810700,20061700,6418300,693400,3783700,5619700,6160600,7908900,6033900,681900,1149300,3310500,6586400,6216700,2481900,28165700,5067600,2372500,2082900,1293000,51713600,4435500,1365300,4485900,104202600,1656400,4318200,4687700,2923600,4752800,10350200,904200,2746000,21736400,2668100,23143800,18040800,4000400,35757200,1535600
2022-06-24,89116800,8527600,28797400.0,14301600,4647900,3305300,3647200,10582900,88553900,4527700,3131500,69867600,1529400,21201000,8957200,13626200,79504700,12730000,1013800,6451900,10453800,27322600,4868900,2245100,85277300,3406200,5193400,28474922,1556100,12282400,2862600,12107100,30543800,6106200,11108300,3332500,2297000,3295565,11681200,1319600,2953800,6940500,1496700,2358800,5699700,11648700,603700,1974200,7172500,55457600,35347200,8395200,16044991,9207500,4449000,18401600,41164000,3984300,22959700,10310700,4408773,11493000,3064200,38159900,2270300,9374400,14841100,1924300,18147100,23958800,5449900,1768000,5346100,14217000,4318900,3104800,5796000,6571600,68736000,528000,4376523,31383200,20112500,25248400,10795400,33923200,15647600,9320500,7670300,124240000,10463700,807800,8501000,2804700,472153000,5933800,20132600,45335600,5951500,24343200,19440600,921200,4716700,6048700,5269800,8128000,12593500,818300,1273700,4782200,18012000,16120000,2744300,22910700,4607600,4455200,4890200,1546200,47641700,7373800,1292000,6416400,95770800,4585800,6425900,15861100,4826400,7754800,15070000,2470300,4269000,28490700,3299700,39407700,31845900,3928000,26639000,3255000
2022-06-27,70207900,5377300,7352100.0,3804100,2107500,2244600,2910900,4950100,74663500,2767500,2018900,62133200,916300,13207000,3151500,8457400,47900300,8612500,637200,4134800,4699000,21198200,3061100,1412700,52876800,1637100,4564600,19373306,1050800,8986100,2034700,6170600,22755300,4687200,9242400,2358000,1708300,2086913,10793700,997500,1725000,3597600,1360000,1274500,2643800,4957800,313000,1597000,4465400,44009900,17053700,2536800,10911904,6586900,2875600,10443100,36420000,2091700,11575700,2538600,2759343,3936000,3143400,29585300,1900800,5908600,11280500,1369800,12142100,2714300,3218900,779000,2829200,7695000,2810800,2059200,3145700,5213300,29174600,311000,2856766,11770300,5225400,11949000,5937600,24615100,16159900,6557200,7195700,83639000,12644700,542600,5636000,1941300,427968000,3798400,8840600,26793500,4595800,16154300,5618500,635400,3782100,5446800,3796200,9947300,7084800,580900,786900,2942600,6672200,6530900,1633400,29428500,3679500,1783300,1728600,1126100,32339900,5093800,767400,3774100,89178300,2490000,5762300,3907100,1902300,6121200,8892300,722500,1976600,16974900,1992600,16996800,19889100,2957800,25478700,1378400
2022-06-28,67083400,5735700,7744100.0,4185500,2167500,2654500,2318500,6494200,95618600,2430100,1601700,74942900,778700,15667000,2649300,12125400,49863800,10130000,518300,3868000,9890600,21643600,3327200,1976600,46295200,1494900,3193800,18464435,1223300,8903000,1754600,6668600,20091300,4900100,9183300,3420400,1818100,1984265,16812400,978500,2215700,3250600,902600,752800,2934900,4811000,295400,1914900,5864300,45866900,22635000,2587800,11313819,6165300,3694900,15197100,35792000,2276600,11890300,4052100,3375147,4064800,2993900,37824200,1662000,9245700,11590900,1283100,13150100,2535500,2742900,953300,4980300,9379000,3394200,2381700,9588400,6735200,27744500,309300,2880327,9856600,5305600,13523300,10259100,27295500,19393600,6140200,5575200,71854000,31296500,583200,6272000,1920500,461149000,2858800,7252100,39095200,4372900,16417900,6077300,808400,3369300,5036600,3791400,27081900,6073200,534100,927300,3358800,7206400,7243500,1143300,13896200,3788700,1497500,1913900,1313400,26754000,5850400,858900,4261000,90391200,1705700,4687500,4978200,2380800,4354200,8607800,502100,1926400,16615700,1454700,18136600,15399000,4182100,33096900,1725800
2022-06-29,66242400,6140900,6522600.0,4552100,2405800,2027900,1700100,7570200,104140900,2610400,1863700,66375300,794400,14444000,4164900,7489200,35149700,10575000,535200,2995900,5749600,20981000,2436900,1988000,109730900,1439600,2156900,18117767,853500,7990100,1275600,5430400,13450800,3562400,9082900,3078800,1800800,1690872,8653200,4161500,1767300,1973600,847800,1087200,2032600,4806400,1134900,1740100,4833500,39474200,15424300,3736800,11088303,5800400,10605400,11426700,24716000,2475900,9285300,2460500,2576426,4161500,2194800,25437200,1655400,7097900,9338400,1225900,11795500,1951200,2562500,733800,2802600,11751000,3779500,2997200,3981700,5056600,28595200,404300,3374036,12371600,5066300,8657100,8534900,20069800,17351400,7082200,4120000,57668000,10326600,586900,4892500,1472900,482352000,3085800,8077900,31710700,3653600,13925700,5174600,906900,2828300,2805300,4246300,9973300,11802400,533000,665000,2504100,8983900,5628900,1266800,12475300,2910400,1866900,1745100,904600,26585700,3741100,860700,2773200,82897200,1697300,4348300,3823400,2101000,4324600,5579200,841800,1430100,13901400,1529400,15778700,19111500,2945600,25400900,1658000
2022-06-30,98964500,7289500,9007800.0,6070900,2562200,2595500,3046800,8183600,105368600,3033800,1938100,97679400,1199400,18890000,4123500,8455100,46312300,16017500,721800,4623500,8127100,21207900,4197100,2245900,74706500,2029700,3565600,23011242,1149200,12748900,3852400,9539400,24947900,6336200,10685000,3498000,2082100,2450129,10983500,3313900,3568900,2319000,1342500,1519400,2861100,5585800,798200,2370100,10676400,59238200,21029200,3676800,13967359,6411900,8255000,20144800,43170000,2669500,10977100,4058000,3047404,4878000,2917100,35141000,2224300,10777200,15172600,1302600,15514200,2926900,2732900,1269500,4415400,10663000,3411500,2786200,5327300,7291000,35250600,382500,3995956,10556500,6762600,18551400,10182400,31730900,29572400,8872900,7690600,78947000,9027400,1355000,8870500,2142400,686070000,3766600,9888600,27244400,6295100,33495700,7410100,1127800,4525900,4591700,4829100,9277900,9465200,685400,1287400,6319100,6781100,7550100,1548400,15332400,5389200,3121400,2153500,2424900,37655700,5708300,1364600,4391100,94600500,1679900,6807900,3568900,3728200,7045200,6085100,861400,1872800,18880500,2500500,20425700,19166100,3383700,39948100,2220700
2022-07-01,71051600,4620000,5995400.0,3291700,2400200,2471600,2833600,13121600,87734200,2745500,1363200,73021200,1021300,21315000,2625300,7627100,40236100,8907500,502700,3667300,5870000,16539600,3423100,1505700,51985500,1302800,4252900,17259685,1822200,6005000,2660400,4561600,24338500,5215100,7684600,3847400,1373600,1580892,10543400,1512500,2874200,1185900,1132900,997300,2286300,2781600,337300,1749700,7685400,54356000,22967500,2591700,10997455,5207600,5353500,21175000,35476000,1749400,8517500,2818300,2093459,4011900,2293900,40596300,1459700,5498400,10573600,2323600,15143200,3307600,1817800,1296900,3095500,29500000,2287700,2531400,4657500,9481200,31423900,562200,4450077,8109600,5971900,11413800,6017500,22837700,43681700,7718400,6914200,52016000,7934300,607000,7529000,1831000,577610000,2950200,7805600,28036800,3918700,16143300,5937200,969400,2672700,3283900,4093300,7672800,6907100,387800,670800,4221000,7539200,4653800,2295800,10823800,5053400,1709200,1912500,1976600,32762500,5391800,835300,3543800,74460300,1003500,8740200,2426600,2962500,4131800,4355400,952500,1459700,14189300,1724900,15333900,17460900,3636600,26327900,1498400
2022-07-05,73353800,5478800,7648500.0,4752300,3181300,3120500,3654900,9549900,95589000,2483600,1321600,76583700,1232700,20711000,4057000,10065900,47411800,13140000,572800,3676900,5790100,19156800,3724900,1525500,69309900,2331900,3068500,20614867,1066900,13483600,2489400,4614200,24442600,4763700,11513100,4957600,2147900,1830518,10660600,2172100,2951900,1773100,1435800,1043100,3048300,5660500,512000,1934200,8064900,87269800,35842200,2862700,12889860,5215900,6006800,19646200,39342000,2480900,17819200,3241300,3549682,6273400,4313200,33215000,1432700,5676400,12514200,2222400,15921200,4332700,2107700,1712800,3226300,26882000,2112100,2390700,4536200,9230900,28618600,451100,4670739,8425300,7247300,9574400,8706900,22941000,33745900,11278600,7685000,73343000,9948800,1254400,7318000,2500400,651397000,2979500,9040400,39977000,4971600,18406800,5760900,572400,4218100,3464500,5205700,8113100,9215000,586000,612500,4938700,8087800,4476900,2331100,17642100,5903000,1907200,2051000,1090300,36960500,8365000,641700,3156700,84581100,1783500,8486400,3029600,2471800,4110200,5314100,954000,1845000,19675600,1819000,19144500,18218100,3666300,34591100,1853100
2022-07-06,74064300,5113600,5703000.0,3975300,2260300,2284600,2574100,5732400,85458900,4320500,1170900,66958900,1396100,22975000,4401300,6608000,35933700,9735000,512800,3033900,5502900,14952800,3190600,1288100,52642200,3259600,4797900,21352057,1123700,12130900,2262300,4085100,17250400,3146100,12421200,3357400,2083200,2168354,8640200,1115400,1920800,1517600,1742300,803700,3111100,6749800,547400,1734500,4615800,71282900,35581200,1674200,7852596,5888200,5939900,17101100,37432000,1774500,14351300,2206100,2336216,3237000,2108300,26258300,1654600,5335600,10656200,2201200,13450500,3484100,2252500,1044900,2177600,12516000,2219200,1948600,4865100,8540500,23085900,697200,3625794,11413700,8348500,10455300,6895900,23824400,23565000,7918400,7427400,57534000,6432900,899600,5267500,3228500,529066000,3031300,6043700,30682700,4209100,21305500,5485200,779100,2983600,8146500,4624400,6038400,7569000,528900,593200,4294700,4652800,6266000,1817700,13030900,4338900,1406000,1757500,1278800,27645000,5698600,1220600,3372300,71853600,966900,5238200,2506700,2005000,4111200,5496200,1086100,2082200,14938900,1347400,17014100,21300000,3095600,33375700,1883300
2022-07-07,66253700,6516100,7480500.0,4149000,2169100,2368500,2604500,7469600,83640900,3068200,1089600,57872300,1016600,21319000,4258000,7674400,40137900,8367500,507900,3949700,6992100,15598900,4677600,1176700,46116100,5021100,5148000,20292633,1279100,8072400,2125200,4000100,22316700,3536400,12741800,2623900,2051800,2014946,7813100,857200,1913500,1770100,1073200,857400,3097400,4605300,419700,1662700,4554200,63000400,24755700,1626000,10110160,6242600,4474200,14022900,40936000,2046500,9223500,3133900,2924859,3897100,1672000,33165400,1396700,5725800,10347400,1887000,14828400,2338000,2395000,1177100,2935600,13753000,2202100,2396700,4190300,9442400,24083400,540000,4125722,8707900,6299900,8140100,6258300,20859900,22945500,5498000,5153900,63345000,7633900,612700,6259500,3023600,492903000,3871800,7814500,25249700,5150200,17847600,6623400,749900,3617400,5858200,3711300,9408100,7575300,528000,663100,3212600,5395600,4713500,1528300,10077500,2622600,1378200,1611400,2043100,27015400,6823900,1243600,3665000,81930600,1463400,5169400,2385400,2961800,4650700,4351400,697200,1791000,13617100,1439600,21060400,17487300,6138700,23817400,1317300
2022-07-08,64547800,4078400,5669500.0,3115500,1987600,1611200,1979100,4890800,83405900,2215400,936000,45719700,1049500,12713000,3631800,5655500,31153800,5767500,347000,2983400,6189200,11789900,2491100,1027300,45688300,2325200,3668500,13978127,1270500,5615500,2607800,2869200,11817000,3465000,7915500,3174800,1516100,1269338,7717300,953800,1697600,1386000,793500,751400,2295400,2494000,317100,1213600,3449700,55235600,17509200,1092600,9940822,4161900,2939100,11765200,38238000,1438900,6284000,1891000,1713303,2820800,1260200,22566300,1149300,3828300,8807800,1006800,11311500,1711900,1898200,682000,2024700,9213000,1662100,1450300,4484000,4951700,19249200,383900,2620795,6930700,3825500,7161500,5890500,19658800,19283000,5708300,3516400,58357000,5938600,380900,7431000,1998200,467972000,2885900,4927300,25463700,3482900,11322700,4294200,291800,2098200,3108900,2219400,8393200,5903100,586700,588600,2763200,3927100,4558600,923500,11027700,3294700,1423400,1606900,854600,22366300,5960500,752500,3330800,101854200,2048600,3467500,3092100,1938200,3621800,3675200,568500,1307800,13959200,1336900,14437500,14751000,2231900,17673800,1301700
2022-07-11,63141600,4491000,6041400.0,4041100,1850000,1832200,1699200,5319300,76150300,1805000,1299500,53487600,801400,21449000,2373600,6176500,29311900,8882500,460100,2864400,4102000,12778200,2773300,1720000,40155700,1550500,5459600,22360799,798400,4685700,1891100,3689300,15245200,3255900,7056800,1636200,993900,1907335,7643700,813800,2435700,1291300,734800,629500,1755600,3406400,235000,831200,3848100,48833600,22219500,1717700,7662393,3478600,2232800,17121600,31196000,1519400,7612600,2453200,3420876,3904700,1846400,25904300,1197500,3645200,7939500,1383400,12702100,2251700,1342600,602600,2285100,11137000,2073800,1478100,4310200,5223500,21885600,480000,3221067,10654700,4046500,9507700,4918900,19455200,13941800,6100400,4106300,60388000,4935200,497200,4795500,2448400,437321000,2836000,4543300,17894700,4921300,12921400,5482900,806800,2399400,3065000,2444000,5887200,5911200,436100,682300,2501400,5351500,4999200,1214200,8918700,4028200,1032400,1492700,1120600,23326400,4086300,1089000,2927600,99241200,1254200,4051100,1743600,2275900,5353600,2940100,578500,1481100,12259000,971000,13111600,11532900,2168000,15603800,1008700
2022-07-12,77588800,5319500,4170200.0,5756300,2280400,2639600,1945100,5492300,77873200,2699300,1650900,54280300,2143400,21159000,4047400,18598200,39527000,8067500,499700,3033000,6163200,16966700,2718400,1410800,65626100,2599300,3074500,26460213,959500,5573100,1775300,7073000,17385300,5602000,8653900,2562500,1210200,2477201,8665300,920300,2102700,1250000,1936400,801600,2809200,3873600,415800,1051600,3997300,58414500,25721900,2058700,11678496,6098300,2371400,19773400,29960000,1772600,10269900,2696100,2925814,3235400,2254700,30546300,1519900,4708800,11250900,1078400,14731100,2146600,2058200,680500,3184700,9538000,2761500,2112800,3726200,5921500,16639700,439900,3155168,8865000,4458200,7826500,6558400,35868500,21523100,7553900,4886200,68453000,6017400,534800,34321500,2404100,458483000,2587200,7140800,25927800,5201600,14633500,5204400,542500,2661700,3736200,2565200,5991300,7652800,415300,449500,4667400,5393400,6283000,1691000,10281400,3887100,1660400,1664400,1061900,26448000,5367300,1639400,2927100,87930900,1279000,4085100,2706500,4207600,6779500,3152500,677600,1363300,20528700,1467900,15127300,13732200,1937100,21013000,1643000
2022-07-13,71185600,5221200,6967800.0,5087700,2185200,1994000,2071100,5786900,79355000,2498000,1188500,61353800,891700,17665000,2753800,9038700,44153700,7217500,601500,4197400,5890700,21793600,2389000,1023500,41433700,1563400,3343300,18132918,759600,5535300,2008400,6225900,16854200,3840400,9414600,2708900,1199900,2224867,12006400,958900,2417200,1726000,1243200,802200,2632000,3719700,392700,1605000,4895200,48274300,26774600,1992500,6961770,6162900,3462200,16196700,43722000,1884100,8662100,2941600,2118923,4123200,3378200,27059200,1482900,5291700,12979900,1056000,13145300,2423300,2564200,1155500,2935400,9220000,2442600,2205300,2944100,5062800,16555100,411200,2978399,7588200,4485900,6415600,7780100,29497400,13987600,7552400,5534400,127344000,5299400,531500,15932000,1551900,521918000,3343100,6454800,19295500,4533100,12927300,5075600,921300,2728900,6290100,3591300,7200200,5790300,433300,757000,5653700,3897500,4370300,1308500,9137200,3727100,1821400,2491800,1056700,25213100,5630600,1916800,3121600,97954500,1550400,3755400,3467700,2414400,7597300,3118800,528700,1053900,13362500,2150400,14116800,12689100,1646400,19928600,2271500
2022-07-14,78140700,7576900,8334600.0,4993600,1877700,2098400,2043200,8686500,83493600,2886400,1579200,51163100,2059600,19957000,4600200,9456100,51707800,13430000,1136500,3888500,5843500,27337600,2531200,1269600,40652900,2260800,5753200,17565488,1560000,8890200,3715600,6096100,17336200,3715500,10150200,2111800,1366800,2673134,11146400,1180700,2274900,1315300,873200,861400,2513200,5584500,362900,1274000,4504100,48176300,31890900,1533600,8179393,4969500,4554700,14450400,37004000,3171900,11050500,2822200,1935476,5298400,3046700,36690700,1553700,5359600,26204800,1628900,14433000,2473800,2615700,1160700,3261900,11114000,2743900,2371000,3376200,7261400,23765200,255600,3020498,8661700,4935700,6271000,13296200,25102800,14803800,6124400,10717600,90395000,6951300,571400,10826500,2247700,456235000,3969800,4915500,24478800,4218300,14023800,4867000,751500,3369900,5867400,4199000,10718700,6283100,539500,525700,5029700,4504500,5681100,1098300,14827800,3119600,1692000,1505900,1314300,26621000,4195900,1338600,5083100,78557400,2260900,4758800,3765500,2487000,5605500,5118100,581600,1034600,10271700,2771100,24355300,20905500,1410700,26343000,1570500
2022-07-15,76259900,4873000,7497200.0,4617900,1741100,2488300,2376900,8051200,76050600,2805500,1181100,84317800,1444800,18714000,3296600,7910400,77801700,12025000,1053000,4547400,7124900,86566200,2282100,1558700,44346700,1880600,4830600,23626261,1760300,5899000,4265100,6037700,19897800,4310800,7051900,2851400,1184500,4625815,14946700,1378100,2244200,1244600,981500,1035400,2675400,3799200,442700,1956400,4905300,49306900,29197400,1260600,9391720,5908900,3177100,12982900,46770000,3457600,10278700,2647200,2321999,4519300,3338200,32892300,2231100,5691100,18863900,1238500,21968400,2370100,3340300,1223200,2901400,13375000,3387400,2627200,3924800,6310300,23342800,306500,3155766,14309000,4706300,9731900,11663900,29774100,20317800,8780600,6697500,163191000,7862000,1451900,10787000,1715700,385935000,3803500,5134100,18944500,4659100,19885700,6264600,2553600,2726600,5170900,2792200,11880500,5724500,516300,1041900,3965200,5584100,7219800,1109600,10672600,4975700,2034700,1750500,1904000,23838000,7248800,1673000,4051500,69683100,1089100,7466100,5742500,5014100,7245700,2791900,429800,2711700,13021300,2078600,40328300,21184200,2511300,17243700,2409300
2022-07-18,81420900,6838400,7171500.0,4499900,2048900,1866400,2354100,5683400,90464300,2231400,1608200,59115400,1074800,18042000,3330300,13948500,56382900,11110000,830900,3273800,5403700,26042500,2476400,1702200,66343700,1597100,3526600,17722870,964700,7057600,2464100,3818200,16743800,4894700,7943900,3132300,1056200,2229041,10430400,1258000,2228100,1584500,1207000,687900,1726800,3301700,361900,1441600,3669200,45873400,29351200,1513700,10607899,5608300,2671700,12679300,43164600,6767900,12646600,2664000,1758077,8231700,2700100,30814400,1523100,7605700,13977900,1683100,10780800,2244100,2116300,2759700,2965800,9080000,2468500,2164400,3554800,6884800,23574300,380500,3037601,10493500,4032200,8653700,11596800,20975000,13233000,6610800,4662400,163228000,6834800,706200,9056500,2833000,670517000,2913500,4642300,20112500,3479700,15742900,6047500,785500,4337300,4136800,2709600,7856600,8297400,562000,563400,5364300,6768800,9338600,1269600,11493100,3699800,1727400,1709700,2065900,22507400,7520700,1317700,4339300,82537500,2781700,4088700,3212000,2289200,4648900,3145000,406000,1588900,16173100,1586600,17991300,14243700,3036200,19395800,1834500
2022-07-19,82982400,5647100,5603800.0,5788400,1942100,1977600,2568900,8203200,85047500,3375000,1506300,60990000,1255500,27257000,3372300,14183000,46874900,11180000,922700,3590200,9995600,28113600,2671400,1580000,60355900,2084800,3712500,16125144,1344400,6674800,2391000,4373400,22861400,6729500,9152100,2884300,1282200,2320973,13683400,1961500,2097300,1854800,1228500,933100,1826200,3920900,381700,1454500,7205000,62650800,22850400,1378600,10070675,6080600,3019900,13186300,36530900,5641100,16731900,2614900,2605179,29690500,2257300,53095300,1951900,13256400,11862300,2044800,10998200,2097500,1628100,3023800,2683900,14888000,2689800,2181300,4696200,8699600,25933700,409300,3363989,7212600,4302600,8233600,9952000,25012600,19103700,6403800,7348700,281787000,8973900,751300,7114000,2204300,702366000,2528700,7160300,21616400,4201600,13402100,5943600,1015700,3884600,5459600,2767400,9686500,7958400,551900,1056100,5027600,5949200,6802700,1034900,10867200,5626800,1990100,1786000,2960600,21813100,5848000,1993700,4207800,80890200,1483500,5390800,2953500,2710800,4927100,2933300,414200,1362100,14638500,2123200,25724200,16995300,4459400,18248900,1838700
2022-07-20,64823400,5315700,6834100.0,7300200,2158500,2746800,2293300,8314000,88348600,2664600,1573500,71268300,914900,27412000,2802300,8668600,35514900,11887500,671500,3877200,10868100,24546500,2175900,1820300,69920800,1669200,5405900,17924853,1395500,7720500,1740700,5654000,15599200,4152500,7856600,4937700,1152500,3191225,15112700,1197400,2981000,1365100,1287400,2653700,1909300,3088700,332800,1282000,8758500,51932200,25186600,1351500,11004036,5378500,3585400,10110600,35600400,3489800,13300300,2533400,1749377,9882000,3179000,36387900,1934400,7455800,11667500,1689200,11010500,1997000,2051000,1560300,2427300,18505000,2563600,2183700,3609700,6356100,24784300,290100,2398339,8733800,3132000,11844000,7653400,22788300,15176200,6323700,11676600,539203000,5884600,593900,7318000,2340300,760538000,1861400,5655700,17643100,3460700,12774400,8635300,784700,3235600,4936000,3590900,8517400,7494800,417400,1151200,3849200,6850600,6765800,1062800,9984500,4217100,2077800,1366600,1613700,34207200,4128900,921700,5231800,88864200,1409500,5889100,4327500,1754800,4460300,2720600,632500,1046000,29611400,1551800,19111200,18564900,4360100,16584400,1944300
2022-07-21,65086600,4066800,4284900.0,5698000,1546800,2009900,2061600,5463800,90449300,2009500,1290300,60239900,853500,13912000,4683000,8044100,31244000,8442500,722000,3699000,11814700,18261900,2214500,1563800,144225000,1705900,4054400,20835309,1036500,8016700,1716100,3886000,15364600,6982200,6724200,3262000,1223300,4710415,8611300,1705200,3085300,2306100,1018700,1547200,2042100,4264100,354400,2001200,6199900,66949200,27566100,1006500,9551106,6007700,3215500,10857400,32676200,2518800,11546500,1965000,1966776,11975400,2800900,29661200,2876900,5729200,11595900,1244000,11959600,1544800,1692100,941000,3266100,13812000,2230800,2056500,3163600,4398700,27195800,316800,1996244,7046100,4713700,8197000,9053400,22404700,12924700,7847600,13188800,234301000,4291400,528500,10239500,3426000,557049000,1843200,7005100,16640500,3088300,15103800,8310200,588100,3093800,6650400,3628000,8060400,10386600,638600,849500,3124500,7695300,6901300,1087000,14583000,3434200,1552700,1794700,1420900,123409000,2966200,2150200,6467900,142032300,1303600,5466700,2667600,2320100,4801300,4933800,592300,1040000,32321000,1696000,17809000,18764700,3961300,21375700,1878400
2022-07-22,66675400,3639700,4243900.0,4733900,1502400,2413200,1870100,5100400,76989700,1843600,1587500,51463800,540300,17867000,9298400,7594900,27115400,7712500,512600,2876100,4946800,14903400,1961500,1050800,100507900,1787200,2537700,25713206,951200,6243500,1800800,3804700,14854600,4484600,5889500,2065500,1110700,3172726,7803500,1383600,1501200,1486200,852900,1008400,1932400,2274000,283000,1763500,4120800,46724700,20926700,1445800,9009387,4588800,2521500,13616700,48901200,1830300,10616400,2391500,2469053,6467200,2886700,41350000,6588300,4257000,7645500,1468100,11644700,1203700,1850800,769400,3329500,13265000,2253000,2226600,4085000,4779700,42583900,269700,2104960,5511100,3950000,6354500,6564000,21881300,22201700,11517100,11524700,178055000,6039300,864700,6256500,3445200,536671000,2224600,6659800,14198400,3757800,10932100,5292700,464600,2940600,5307600,2706700,7200100,6227500,430000,1085000,3254200,6283600,6794100,1496900,19748000,3437400,1627800,1714900,1800400,72016300,5040100,1252500,5319400,103472700,1104200,5269700,1850300,2255200,5071500,3855300,480400,1197200,58265000,1686000,15965400,13616400,2200700,15479500,1224500
2022-07-25,53623900,4347000,3142900.0,3905600,1354700,2340500,2626800,4367000,70083000,1771100,1593300,50221300,581100,15061000,4213800,5764700,30381000,8495000,472100,3136300,6280000,16794700,1845600,1116300,54848200,1323500,2427800,17971374,1241600,5815100,1452700,4407900,12954700,4753200,6210900,2697100,1433100,2500663,6726700,1687800,1432500,1404600,919300,861500,2033800,3279500,288600,955900,3561800,36830500,16260800,974800,9468604,4990000,2436200,14782700,34690900,4024500,9141700,1910500,2059613,4702400,1710400,32263400,3170900,4437300,9394000,986500,14941700,1460700,1741700,1038300,2492200,11483000,2180100,2860400,2751700,6353400,26166300,311200,2815504,5349200,3206500,6364500,6208200,21056000,14479400,5035600,36693000,109352000,5079500,826500,5156500,1890900,480748000,2051000,5721600,19564400,3357200,12995800,5262100,396900,2436200,5358000,2756600,4928900,4806200,452600,698600,4769200,5861100,6720300,1194600,13120000,3227600,1172100,2111000,1388000,39493100,5311500,1194400,4086000,64073400,1170600,4201400,2337200,2816100,4357200,3740200,591000,1158500,27180700,1745800,20297900,20535300,1889000,17536400,1291300
2022-07-26,55138700,4900600,4191000.0,4824000,1710700,2368500,2492400,5073900,69180400,2528600,1579700,67075100,652100,17958000,2812700,6053100,30645700,7510000,498500,2512200,10689900,18960800,1767700,1254700,68820200,1731400,2572400,27080994,1186900,7127000,3334800,3886500,19513000,4423800,6112800,1799100,1122600,2401512,6346600,1176000,1788900,1571300,1351600,818100,2490300,2865400,338500,2103100,4655700,49272300,14626600,1559900,28957643,5597200,2954900,14533000,47991000,2054700,8695000,2690200,2465870,3645300,1940700,35925500,2376900,4525500,10675100,835900,20118000,1448500,1812300,992400,3647200,11291000,2254200,5272300,3028500,7701100,28468400,421400,15011235,5604100,3338700,6414100,7121600,39348000,11044800,6740900,16460700,95085000,8459500,702500,9172500,1704000,397865000,2374700,7284400,20190800,3732100,16632500,5375700,732000,3338300,4671700,1870000,5941800,4363800,456100,1457800,8253200,6587000,5592300,1366300,17232100,2717500,1376400,2151200,2307700,38885000,7473500,1012700,5523600,66820800,1564100,6080600,2637800,4961000,6141000,2853100,399300,1534000,20571800,2263200,15446700,95391600,2769100,15141200,1354900
2022-07-27,78620700,4145800,5362700.0,3303500,1821500,2678000,2757600,7275000,78301600,2180900,1505400,61582000,782500,25699000,5029100,16356600,30344800,10187500,468600,3613200,18838600,17087300,1856500,1081000,66105600,1120100,2421400,29251378,2318900,6237800,2060100,4960900,22349000,3143900,6223000,2164200,1148200,2125490,9684800,2012600,2003700,1697900,1480700,1122800,2595700,3430800,385300,1490400,7082000,64572300,17466300,1221800,11570152,7935600,3515500,12292800,59858500,2081900,7809800,3233700,3719972,4175600,2363500,42571600,2535400,4648500,9337400,1318200,12142900,3179200,1643000,838600,3713900,16886000,4580300,2718300,5941000,8297500,43846600,393300,6016239,9339500,3051800,6966300,7751300,45994000,14589800,6056200,20877600,105084000,7437000,744600,11276000,2339300,569776000,2529500,6677200,16625100,4479000,19203500,5500000,841800,2087000,6309300,2277100,12863000,7185800,597400,2499100,5558900,6372600,5267500,7253600,11075300,6341700,1275700,1627100,3773500,36607400,5908600,1263900,9649400,88110000,2203100,11623100,2268100,2739300,17432200,4220500,730300,1210700,21560500,1392900,19498400,42159600,2394200,18047000,1312600
2022-07-28,81378700,6572300,4471900.0,4736100,1845400,2421700,2805200,6090500,79009200,2214400,2589500,82245500,792900,14867000,3587900,8729100,40176500,8007500,550900,3986900,9068800,12729200,2229200,1431800,58406700,1650700,5078100,49754103,1787000,4656100,2083300,4562100,17576200,4807500,6574300,2849100,1295600,2801501,7970300,2219000,2326300,1441700,1147900,836000,2960200,2766200,1162400,2759900,8173500,144096500,18827100,1396200,18063717,6815000,3087500,11802100,32816600,1820700,8007800,3992100,3876788,3913700,3033800,56662300,2218400,5513000,10384800,1315200,10837000,1941300,2350900,1014600,6034600,23813000,3635500,2849100,2929300,5228500,73214300,662200,3700663,7076600,3800800,13909800,6324800,33459300,10120300,13561500,18108300,89727000,6773500,1016600,19571000,2423900,474646000,2739000,5688100,14559400,3134200,38984900,7115700,771600,2962300,5447900,3257100,17051000,10542600,581700,1510700,4490900,5594600,16393500,2498400,10292800,5841000,1696300,1741200,3674500,41940100,5588900,2294700,5721000,84723000,2605900,6468800,2344500,2452500,7477100,6920500,578400,1299200,22051900,1561600,14527300,33262200,2615600,20353100,1318400
2022-07-29,101786900,17754700,4637800.0,4922900,1868000,2669800,5858500,5817700,76630700,3289700,1821200,148892900,1034300,18482000,3197900,5743500,48152500,9965000,894300,6976200,8816000,16783500,5188100,1482500,40901800,1836900,5749800,57761725,1493000,7394800,2131500,4751400,23701700,5735600,17143700,3470000,1880300,3347678,10320000,3406200,2522500,2530800,1010600,885100,3568200,6394800,524700,1609300,4582000,94551600,26279200,2013700,12729511,10063700,6688100,14375900,37223400,2112200,9664200,3236000,3084751,5786800,2266300,125292400,1941300,6451400,12944500,1827000,13734200,1711400,3399900,1493500,4507100,24772000,3176800,2653800,3880900,6196400,42065400,544900,4781967,11826800,6740900,14938600,8597700,32152800,14199700,11474800,15753200,90649000,7560000,1199000,10098000,3771500,435460000,4414900,5926600,19570700,4215500,25037900,18694700,800300,3273700,4267400,4750400,11749400,6717600,682900,1111200,4848400,5802700,9927900,1974000,12313200,7830100,2460200,1902100,1981800,40819800,6669200,2371200,5559100,95313000,1885600,6624000,2945700,4093100,6059700,6066700,693900,1673300,23129800,3905700,17512700,30141900,2647400,29825800,1752000
2022-08-01,67829400,8523900,6019500.0,3871900,1425700,1910000,2643200,4737500,96477500,1960500,1323100,76846900,1075500,11485000,2295600,18321600,32336700,10207500,569900,4192700,5186800,13051800,3185100,1043100,54740900,1434600,6899200,28357766,1498300,5598900,2256000,3997100,14153400,4003900,8017800,3156500,1238900,1849807,7769700,1295000,2386900,1652600,900700,837600,1823700,3623100,359200,1886200,5684200,109521700,17320500,1905900,14685317,6742400,3769900,12224200,26034300,1476500,11263300,3303900,2475631,4142100,1952500,52513400,1333300,5461400,14740400,1029300,12831500,1247900,2464300,1721900,3349500,20002000,2289400,2384000,3278000,6121600,40596700,356800,3415656,9466500,4470900,7343300,5439200,21539600,13347200,7004500,8683400,55250000,4802900,933400,8647500,1550000,476469000,2613300,5227500,16725700,4034600,19709900,12590000,1007400,2615200,5315900,2910900,7611400,23159500,513000,690700,5623100,7313700,5941400,2162200,12620600,4324600,1650100,1418500,1564000,37087800,6196900,1537800,4079200,117042900,1729200,4865700,2335000,2086100,8028400,3960500,676500,1455900,18612100,1322100,13668300,24996300,3028200,20793200,1243500
2022-08-02,59907000,5197100,15208200.0,3093800,1772100,2165500,2139300,4137900,116734100,2295100,1681000,61922400,1026900,13072000,2562900,10874300,37884100,11000000,711600,3166500,6411400,17378500,8193100,1581000,56616000,1415400,20428800,27275188,1062200,4653000,1984200,4317900,15005400,4110500,5928300,2651700,1271500,2151096,9093000,2302500,2182500,2184900,655000,1164600,2173200,3082700,400600,2292500,5300300,74626800,17031900,1428500,9290599,5981600,5521500,13124000,20236000,1862900,7424000,3091000,3538966,4403600,2083100,53929400,3273800,5794200,14942900,1206000,15241900,1428100,3405700,2453900,3401800,14588000,2878800,2375200,4438600,5186400,27374500,470900,3226449,8365000,6764600,7443000,7684700,22754200,11535800,7664200,14346200,63613000,6334400,687400,5564500,2139700,489527000,2684800,6403400,16296800,3781100,17802000,7495000,741300,2829200,4740600,2455900,5946400,16074500,634700,821700,4066800,7254700,13210100,1980000,9987500,4795000,2594000,2014100,852600,43625200,5947300,1392700,3301500,95577600,1488200,4442500,2114200,2075100,9939400,4282400,524400,1006700,18710300,1853700,17764000,19695000,2849700,16722500,1180200
2022-08-03,82507500,5474200,23354900.0,3866200,1359800,2403500,2099000,6088000,131142000,2061400,1370200,71827800,1401100,19228000,2609300,6709100,30065800,15337500,901800,4061400,5676800,13570600,4155900,901500,45506500,3548800,3587300,29531893,982700,6783300,1693300,5786300,14943800,11671800,8751400,2664500,1142800,1687826,11243000,1720700,2784900,2210800,972200,810200,1524200,5654900,408400,1377900,10693200,95846000,17600000,1039700,9678390,10066700,4030900,16047700,28499000,1770600,11012700,3329400,2689741,3088500,2561800,59513900,1802700,5010000,14394500,1354600,11317000,1297100,5152200,1330500,3292700,22118000,2921200,2305300,6170400,5314000,31721900,397700,3271658,6179400,6162000,8187600,7043600,23518900,12290100,7640400,11024900,64007000,5986500,845000,7002500,1530800,418146000,3723800,6127800,32476600,4401300,16500100,6811000,820700,3589600,3450100,3539700,6890200,10724300,1151800,930100,4491100,12915700,6793600,1887400,11558500,4436900,2241800,1568100,1032600,35524300,3711800,1077700,2795300,80091000,1671600,6201100,1802900,1916700,9520100,5096200,843100,1474300,17314100,2280100,17359500,32003100,2894900,23580800,1659900
2022-08-04,55474100,7071700,9180300.0,2794000,1624600,2745600,2864500,5279600,125855800,2650600,1257800,70585000,1785800,16293000,3693300,5039600,28404500,20115000,746300,3946200,6390500,10152200,2478900,1081800,40094000,3654700,2787900,21247491,1080600,7810500,2000500,3759700,15249300,7502900,10640000,2977000,1333900,2319506,7322400,1416900,2963500,1666300,740600,615000,2082100,5765900,333000,1128900,6942400,85039800,12475300,1082900,6942669,5520500,2622600,16882100,21602900,1533400,11034300,2718400,1804973,3179800,3800800,54046300,1180400,5651600,18033900,1156400,11795600,1451100,4696300,1126400,3534100,16144000,2339500,2089600,3399100,5672800,23938200,498000,7062260,6450800,4368600,7993800,5722600,18098700,11338400,8679200,10434300,71427000,4332000,654900,16632500,1678200,409652000,3074600,3656200,37999100,3822500,17026300,6124700,1176500,2062600,3252300,2989700,6254700,8229500,699300,520200,4443700,7086700,5798900,1016700,11744100,5241900,1416100,1973100,979900,28287800,3445700,999600,2658400,72256200,2827700,4533900,2368000,1627300,6789700,5451800,1427500,2034300,29704300,2569700,15062800,53106000,2824300,31821500,2390900
2022-08-05,56697000,5371100,6495000.0,2789600,1504500,2481400,2699300,4784000,93859900,2723900,1156400,50686900,1406400,14357000,2513600,4709100,35874500,9590000,549000,3395400,5328900,13868800,1908500,879800,42444200,2039800,2408200,22142597,1174800,5848000,1711500,4090300,19533900,4285200,7170200,2529700,917100,1484786,10100000,1122100,3033600,1178600,654400,624500,2425600,5736700,295700,1243400,11593800,68093500,17881000,1507300,7447953,6039600,2266000,10878600,19159500,1876400,8575900,2029100,1961471,2586500,2773200,40205100,1861100,5235500,14174600,1213800,10445400,1113100,2814300,932500,2409700,10452000,1848700,1818500,4005600,5679900,25832700,586900,5008130,4865600,3833300,8801200,6219300,16774600,15047100,8643200,8146000,55397000,4162200,522300,14888500,1471600,386068000,2509400,4858100,20987500,3295600,16376600,4580300,618200,1687300,2346500,1796200,5041300,6861100,566800,588300,3320200,4835100,4870900,1955100,6863400,4136200,1277500,977900,1152400,32726400,2640400,982500,3500200,113172900,2121100,3690100,2373400,1785900,5553700,3680500,1120000,2398800,17297500,2911100,16021000,32007000,3057200,17408000,1523500
2022-08-08,60276900,4854600,5382900.0,2283800,1604700,2202000,2050400,6038600,92606800,2784400,968900,52229000,1158100,13722000,3080700,11293200,33454300,8742500,490600,3965600,6010600,11594400,2655000,1246500,67345200,2392000,5039700,16754354,742100,4788100,1344100,3396800,15465600,4190200,5966900,3383400,953200,1580441,13025900,1472100,3130300,1585800,690100,479100,3600400,3128500,418500,1340600,3993300,75988100,15915700,1860200,9833442,5857600,2382000,17398800,19138300,1460000,5707100,2505100,2204440,3821200,1812200,41534600,2216200,4629800,10332500,1600100,9165200,1081700,3218900,814800,3040800,10173000,2477600,2253500,3131200,4928700,27299100,665500,3765606,4539300,4418300,8149400,5719700,18739200,11454300,7243200,10451100,109821000,6071600,614100,8184500,1891300,981859000,2033200,4733500,18132800,2846100,16071800,4486800,595800,2318800,3938300,1680200,5553300,7451000,715600,827200,4607400,4878400,4403900,1518600,6053100,4259600,1645700,872800,1319300,44042500,4694100,921400,3350600,98994000,4477600,3547300,1656400,2102500,4063400,2959600,803500,1686900,20597000,2063600,12879700,18175200,2044800,14458500,1231700
2022-08-09,63135500,3819700,4201200.0,3943500,1761100,1977300,1867100,10355800,89473700,2061600,1459800,40434700,826300,20072000,2997900,6064800,40196900,7495000,486200,3872100,5084500,9739300,2460000,988300,51552800,1690700,3254200,18717207,731500,7477700,1877300,5851700,12826200,5128800,5842200,2407200,1146300,1535321,8776500,1265900,2366400,1977400,757000,798800,4884300,2565600,405500,1170300,4920900,67676800,12976800,1934200,7581496,5153400,2758500,12752200,19086500,1587900,6534300,2607000,2420778,3496000,1597000,48202300,1532500,5532500,10233800,3194600,7910900,884200,2122900,747400,3914500,28792000,2467400,2315800,5182700,3475500,18655100,286200,3628066,4295700,4302900,13215500,4920100,23405200,33107200,5154000,8517800,61812000,7377600,667500,4916500,1530800,668263000,2577200,4243700,22286800,3228800,12095600,3977300,453300,2458000,1952500,2062300,6770800,6013500,469500,789100,3137500,3498400,3940000,2056700,7616100,3149600,1495700,1174700,1329400,33257500,5572400,767900,3469700,86244600,5966100,5306400,2147200,2022400,4596800,3535800,705300,1599800,14554000,2889100,10489500,19325100,1903600,19083400,1415200
2022-08-10,70170500,4075300,5529000.0,3960900,1474800,2634400,2311400,8599800,83416100,2628600,1350800,54773800,838600,19519000,3225400,7181700,61415800,11595000,822200,3705700,7066000,32416200,2304300,1274200,71504000,1400000,3480300,19661182,2305800,5625500,2336600,4179200,18935400,4203400,6145800,2758900,1136200,1726291,26398700,1673600,2907400,1640500,1162100,619800,3428600,2718500,446200,1595300,4986000,71607000,17104900,2185900,16331500,8275000,2681100,10663300,30930400,2459500,7760100,3863400,2800616,3664000,1779500,42243300,1943000,5603400,12847300,1755100,8857300,1246500,2351000,1409300,4094400,19799000,2443700,2967900,4192600,3597400,30262100,327800,3046212,4717200,4373800,8140200,7271700,24687800,17418400,5693300,8396800,92548000,6951800,711100,9159500,1668600,597422000,3214300,5258500,14200100,4041100,17355100,4641300,620400,2340300,3311100,2191600,6840000,9254300,682900,953100,3351300,5072300,6992600,2464800,13302600,3140900,1581500,2141000,1359700,50229500,5284900,991800,4069900,94918800,3167000,4276500,2291400,2791400,5746400,4384600,538800,1432500,16402700,2909100,14037600,25251000,2293600,18302000,1377100
2022-08-11,57149200,5972800,8110100.0,3281400,1570100,1756600,2214200,5555600,77516900,2686900,1260400,44867300,829400,14268000,1968200,4996800,50420800,9460000,692300,3144800,3981300,13450300,2538900,1315300,50079000,1844900,4932800,16072861,1970400,6481600,2340200,4175100,15849000,4004900,7888600,2695800,1718800,1823750,50375000,951600,2640900,1435400,1163800,894700,2929400,3264400,354100,1434900,4249000,61567000,14663700,2041600,14557872,5216500,2762600,10221400,24293700,2360800,8372000,2444100,2538655,3501900,1937400,35569700,1625000,9328700,11684900,1323800,8507800,1165400,2198800,949300,3337200,18041000,2609400,2007000,3732000,3636300,24079100,332400,2748767,4201600,4476100,7396800,8808100,20065900,18298500,7525800,7851200,87801000,5582100,690400,7409000,1607700,509327000,2899800,5554600,21762300,2743800,44048800,5954300,721100,1800700,3825500,2803200,6243200,7516700,468800,704600,3487900,5595700,16375600,1624800,13140900,3619600,1948600,1467700,1696900,40798900,4339900,1086700,2554000,70155000,2304300,3858300,3006200,2730600,6639600,3752300,619500,1160000,15407300,2985900,14038800,23854500,1930800,18797900,1367100
2022-08-12,68039400,5208700,5012500.0,2813300,1774400,2150400,3186600,6644700,72316300,3461100,1110000,47643500,893900,18399000,1942600,4345200,31821700,8242500,765900,3231300,4019700,15493600,1864800,1091000,39632900,4395400,3277500,18064737,1445700,6683800,1918200,3846200,16967600,5064400,7244700,1845300,1256500,2664223,21964800,1200500,3302700,1000300,888900,801300,2425600,2323800,316900,1318600,4872500,53182500,10878800,1680700,8273452,3997800,2409400,8905300,19096300,2369000,8558300,2273800,2395526,2766900,1971500,37675200,1744400,14606900,9906700,1137000,9489300,1149000,2305100,978000,3014100,12588000,2514200,1530800,4408200,4838300,21274000,277100,2806773,7351600,3605000,12317300,6259000,22619700,16194000,5262500,8332900,60985000,4407900,701600,8311000,1112600,478094000,3283900,6692300,11746100,3756200,25835500,5038700,420600,2609000,3068100,2795200,4967500,5768000,351300,472400,3652200,5154000,15009800,1479100,6642800,3152400,1491100,1257600,1084400,25822300,5058400,989000,3290300,79657200,1842600,4160900,1981000,1883100,6443700,2413100,572600,990800,15090900,1954800,10706000,26625000,1675100,15058200,1185200
2022-08-15,54091700,4513200,4884700.0,2949500,1125300,2503400,2056700,8342600,61327100,2659100,1329100,39014600,1115300,14329000,1852800,4734700,24908000,9440000,720500,2927200,2475400,11595200,1752400,1314200,34057500,1057100,4257600,20279082,972000,6585900,1848000,2768500,15456100,2892600,8975200,4459900,1196100,2392037,24628300,1057000,2163200,1133100,1118000,429900,2014300,2975300,332200,1123000,4595200,51779600,16050600,1575900,5467107,12381000,5688300,9626400,19494800,2045700,8387700,3917300,2448682,2791200,2548200,25400600,1384100,10072000,8456200,1303600,9863300,1263500,2795800,884900,4075500,9659000,2526300,2342700,4328700,4763700,15878700,400100,2796487,6194600,3352300,6339800,7348900,18085700,9689100,5032700,9029500,65274000,4279000,586100,4964500,1663800,457666000,3073400,3733500,16684700,3043100,15797800,6008000,486200,1973200,5789400,3082700,4502900,5048500,541700,603600,3376600,5601000,12471500,1333600,7639400,5578300,1989100,1471900,1468100,28845400,5306500,855500,2574100,89359200,2157400,2863400,1447300,1618200,5290600,3822600,497400,1814400,15713600,1249100,11070300,26516100,1389800,20755200,1243600
2022-08-16,56377100,3852300,4370700.0,2897400,1596000,2139500,2063200,4892400,60220700,2206100,1183500,59102900,879100,14782000,1876000,5259600,31870200,6592500,664300,3342600,4231000,14708000,1959300,779000,59639300,1491700,2905800,18823801,1376200,6924400,2498000,3835900,21153700,3398400,7218400,3642400,1431500,2245284,14607300,933800,2504400,2037000,1022600,567200,2817600,3105500,306000,1293600,5112400,54028900,11931700,2189400,9268610,7067800,6201300,13944400,19041200,1740900,9049900,10089800,1762533,4313600,2148600,25000200,1646900,7453600,9555000,872600,9569600,938400,2248000,851100,5892200,12301000,2448700,1828000,4169400,5257200,21156700,235500,5253430,6484000,3697500,5661200,5953800,18102900,9275400,5250600,4959400,51368000,6189800,500800,7162000,1034300,451240000,4727900,6185100,16662200,3395700,12874800,7093000,806200,1821700,3469200,3420100,5270800,7460200,607600,562800,5851000,4580800,11219100,1369200,9698300,4122900,1567600,1381700,1178600,34241000,7562200,798000,2925100,88136400,3772600,4541600,1773000,2296000,6564400,3353100,504300,1103700,14112800,1986300,12234100,91773300,1476900,14038200,2210700
2022-08-17,79542000,3605200,4336200.0,3053500,1505900,1894400,1877000,5495600,63735600,1882200,1059000,48149800,1169900,19022000,1804100,6533500,27125600,6410000,594100,2962600,6091600,13370800,1576200,789300,53063700,1107700,2128500,19683696,1451000,5346500,1835200,3181300,27975600,3865900,6741100,2124200,1722500,2422831,9140900,1270100,1894500,1601200,964100,459900,1966600,2539400,226000,1036700,5561400,57118300,12467000,1190600,6485057,6515300,2387800,10656700,22847000,1576300,12248100,3162600,1762533,3667600,1877100,29176100,1355000,7406600,8149300,1198400,8144000,912200,2747200,996500,8082100,14021000,2439900,1699100,6450200,4194600,20118100,284400,5832772,3868800,3652200,6486000,5499000,18253400,14728400,4178000,6209500,56272000,5108400,852000,4377000,1067600,446799000,3280200,5185100,14889800,2666200,13607200,4834600,924700,1453500,3041900,3063900,5169600,6184100,414900,834700,3311100,3831300,9084300,1419500,7703300,3602600,1579800,1078100,1018800,23772300,12745900,989400,2509500,68766000,2758200,6869000,1471700,1767300,4902500,4093900,672100,908600,11294400,1922600,13151700,41792100,1591100,13678000,1367200
2022-08-18,62290100,3525200,3373900.0,4143600,1386200,1402300,2151200,10062400,76059500,1888800,1139000,37458700,727000,23459000,1397700,4404600,23138300,5397500,785600,2783100,6058600,10573300,1750900,771500,47229500,1845000,2634300,30982372,1081000,5966500,1619200,2791600,39999900,6176800,6477500,1678400,1983500,2123686,7343900,1125200,1744300,1190500,831400,407700,2159000,5001300,278500,1104800,6845300,39414200,12556200,993900,6421014,5178100,2575600,7004100,17987700,1102200,11030400,2899600,1601261,3177700,2338200,24598200,1356700,8312100,9531800,1119200,6532000,1113600,2261600,866500,3011800,12763000,1934900,1591900,4246100,3596400,18844500,311600,6762543,3800500,3837600,6111600,4664800,17186200,11303900,5090700,6239300,52804000,4750200,592000,4908000,785900,415447000,2830300,4120500,16818000,3010600,18916300,3829000,698300,1750600,2566800,5466000,7808200,3676300,448000,436000,2694500,3428300,3790300,1262600,10758700,2867300,1146700,1633200,960800,33817400,6770700,761000,3177000,47500500,2723700,4390400,1486400,1913900,4516400,4531900,413100,956000,25957400,2531300,7885900,19197600,1865700,17770400,1297900
2022-08-19,70346300,4530700,5288800.0,5092700,1672500,2007700,2426200,12380900,67221700,2207500,2110700,47792800,932700,16923000,1895400,5736100,36485400,5907500,774900,4613100,5396800,14798800,2003600,980300,50379400,1162600,4663000,21011577,1868900,7067100,1617000,4346100,23130400,5114300,6834200,1904900,4242200,1808635,8702500,1061500,2091800,1220800,903700,711900,1880700,3827600,306800,1308500,7242600,48597200,13799000,1259200,5801930,5258900,2646200,23306500,21809500,1812300,8623200,3489100,2165183,3155800,4531000,31425500,2033100,8128500,13464500,1257300,8921100,1154000,3393100,1013600,3347300,20104000,1740700,1833800,4797100,5057100,26240800,512200,15204987,9093900,3237600,8828700,6264100,20570000,14050300,5542800,8273700,75047000,5967600,606600,4907000,1381500,441588000,4178100,4679000,79948100,3704000,15350200,6502500,516300,2493000,2947600,3167500,5400300,6228100,477700,425900,5024700,4597700,5133600,939900,12893900,3483400,1459700,2565700,915500,27161400,6078500,851100,2663200,61395300,1363400,4569500,2258000,2704300,4178800,2667500,534800,1091600,19485400,4554100,13142900,22918800,2406400,16128600,1223200
2022-08-22,69026800,4023500,6057400.0,3496800,1648100,2074600,2612400,6180100,61837300,3078300,946800,50461500,674000,18555000,1969300,5312300,31210300,11625000,675600,4713900,5436900,16749600,2008900,999400,35610400,1348800,4144100,22834013,1007900,6701700,1860900,5182900,20534100,5102900,9147000,2088700,2353600,1734413,11575800,1183200,2282400,1775000,919600,972300,2500100,2943600,422700,1737000,3908700,71321800,14027500,1867300,8143279,5224800,1742700,20921400,21456600,1723900,9124200,3144200,2745868,3093600,2312500,51006100,2130800,5462600,8967600,1338700,9087900,1966500,2488000,1086700,4136600,14652000,2312400,1986700,4842100,5429800,19499700,461700,12179346,7066600,5837000,6652100,6452800,25061100,13096800,5783400,6427300,86301000,5802900,607700,5096500,1759600,409593000,3956300,5757700,47928800,3385000,13601200,6380700,774800,2022100,3190900,2694600,6736800,7155200,534100,674600,5769600,5915200,3994900,1065400,9126300,2593600,1722100,1189900,784300,32057100,4734900,723100,3515600,55843200,1584200,4919000,1672900,3593500,5139500,2774200,682400,1126200,15031400,2459300,12391400,18667200,1978900,16019900,1606800
2022-08-23,54147100,3768100,5447200.0,4203000,1217900,1392200,1169500,4882300,52927000,2659700,971000,36252100,810300,9003000,2885200,3425200,26588000,8085000,403500,2592100,6864900,11126100,2444900,1244400,37301800,1255000,2567700,17611582,1092100,8253000,1359000,5076800,13764600,2909300,10354800,2002200,2389800,1566679,7180700,1729900,1489700,1124700,726100,577800,2562000,3191600,402800,824500,7160400,51289000,18021900,1021200,7642490,4723700,2400400,15394400,15870400,1538000,18146900,3317500,1705664,4141800,1498500,30687100,1912800,5566300,7607000,860200,8443800,1461600,2962000,915200,2533900,8103000,2240700,2211100,6817700,5409800,18111800,186300,18368646,5359300,3550300,5208800,7487700,17527400,12769100,3473600,8941100,52769000,4806700,451500,3951000,1440100,369986000,4441200,4432300,59618700,2575000,16248900,5268200,439200,2103700,3319500,3128000,4499300,5466800,406600,682300,2633900,4560400,3902800,1241300,15983600,2234100,1313900,2256800,907700,27298200,4163700,913300,1880300,63984900,1172700,3663900,2039600,2088000,3525500,3179400,453500,1407200,19014200,2562500,10475100,16955100,1521300,23764700,1320300
2022-08-24,53841500,5018900,3634000.0,4278200,1695500,1883900,1382500,4741200,56520400,2329200,1372900,38627000,568300,11883000,2029200,4211300,31389400,5727500,386000,3266100,4552900,11159300,2503200,1241900,37870300,1808400,2390900,18852076,987800,6286100,1145800,11438800,14946500,5140300,9468100,2859000,1566300,1805815,7840500,1209600,1796400,1426700,602900,664500,1423700,3551600,349600,1030400,8468100,39508700,10531400,1104200,7649392,3808000,2488400,12710300,17734600,1530800,10129100,2495600,1434260,2855400,2525700,25105700,1798800,5684300,9771300,938400,6844700,1439300,1827000,740200,2634300,6849000,2218400,1777200,4729900,5911400,20891500,228300,18454878,4250500,3601400,5553300,5262400,18137000,9961300,5669200,7787300,54263000,4769000,612600,4176500,1114100,522661000,3051600,3876400,39632300,3340600,15551500,5903200,480000,2644000,2423900,3200700,5113100,6559300,386500,791500,3065800,4386000,3712200,1464200,11498400,2508000,1070000,1777900,1530500,30647700,5563000,855300,4701700,57259800,1012800,3037800,1761200,2024000,4230800,3423800,722200,910000,17384400,2594200,11706700,15766500,1431100,17050300,1206400
2022-08-25,51218200,3301200,4021600.0,5249200,1722900,3062400,1466200,7645200,61016200,1725400,1367400,37496300,619600,17345000,1936300,4949400,40576700,6260000,363700,3463700,8953000,12569000,1888700,1331200,47824200,1443300,2660000,23016257,815100,5241000,1483300,24025600,23039300,3942600,8050700,2571400,1325400,1558783,6920900,938000,2612200,878500,832200,714300,1964100,2904900,412300,1090700,7465000,56401300,18058800,1163900,8349212,3784700,3132500,15211900,16956800,1763900,8741700,2529700,1731022,2706000,1855300,29799100,1302500,5678700,10758900,1285300,7913900,1332400,1977900,727600,2634700,9490000,2228500,1330400,3631600,4375200,15550500,190100,56637298,6926800,2869300,5884300,4943300,16583400,12171600,5595200,5495600,37669000,5433700,375300,5283500,1476100,770691000,2575400,3523400,22784600,3401800,14460000,5097600,472300,2572600,2358000,2766000,5618800,7858600,311300,491400,4257700,4236300,4297600,825300,12737900,2471000,1332100,2004100,725900,25198600,6919000,928000,2760200,53230000,1004800,4350000,1965800,1984400,4495000,4014700,469700,590600,14327600,1845800,11783200,19414500,1553600,15305700,1088800
2022-08-26,78961000,3838800,3778700.0,5440700,1701600,3600100,2004700,7757100,65552500,2969400,1227300,53322700,1064100,25682000,2373700,4957400,36152600,9595000,633200,5277200,3921500,20049700,2560400,1384500,46325500,1724100,3407600,23199034,1056400,6508800,1886800,11074700,20309800,2853200,7765800,2788000,1452800,1887821,7807400,1212900,3367000,9512600,660400,619700,2038300,2532600,364100,1743400,7581700,54517300,15736100,1547900,8628819,5501300,3846900,16179500,37245700,1703900,5724400,3315500,3010057,4185300,1684200,44851500,2475100,5667100,11276200,1604400,10089500,1782500,1858000,876200,3720500,15863000,1925000,2357800,5610700,7071900,24023600,238400,45907384,6931200,3545300,5695300,7911500,27549300,15754000,7990000,8324500,53498000,6203600,448500,4490000,1610300,769127000,3309700,4904100,20581100,5246600,16546700,6086600,964300,1626000,2938100,2750000,7918600,6261100,516200,485300,2805700,6674900,5369800,1184000,8944200,3091400,1538400,1358400,968300,30590700,4409900,771900,4347700,57163900,2724400,6583500,1906700,2203900,5060200,3077100,579000,1263800,16795700,1757200,13405200,21331800,2413300,15531400,1468000
2022-08-29,73314000,3835800,4620600.0,4229900,1662800,2410300,1663500,5609700,61142500,2113000,1577900,48101600,635700,16580000,2693600,4727600,34931000,8010000,379500,3098300,8609100,15103100,1996600,1069800,31611600,1158700,2273600,24853951,1160400,6479700,1579900,9329900,13425700,2998800,8462600,1865600,1323400,1763854,6882700,801500,1773300,2729300,584900,602300,2001800,2675600,237800,1223900,5045400,50416500,12645500,1213000,7868808,5220000,2704100,13408900,21191200,1835600,9402700,2711800,2223538,2783000,3118700,32976800,1871900,5259200,8117300,1319700,9115900,1456100,1697000,868100,3273800,10082000,2308200,2017500,3834200,5480900,20052700,461200,60436750,6253400,4563300,7850200,7505300,20338500,11607600,5827800,10252100,71094000,4132400,499500,4299500,1195500,496132000,3709700,4295500,29995000,4184500,13400500,5272100,798200,2136000,2293000,2576400,6852300,4580500,373100,489000,3799000,5035500,5363600,1255700,11663700,2714300,1771700,1250300,630300,25465400,4351400,704500,3082800,41864700,1848600,4625800,1594000,1928000,4476200,3336000,498700,1080700,15039500,1868700,12504900,17381700,2278200,23059200,1236900
2022-08-30,77906200,4337100,4507200.0,4629700,1661100,1835000,1826200,11623200,69087100,3673000,1211100,49203000,864500,18282000,2104500,6248600,48194900,8132500,486400,3213700,5274700,16735500,2691200,1043800,41537700,1235700,3095500,25290674,1610300,7746900,1872700,8079400,14279100,4896700,8814300,2783700,1622700,1807733,8060000,1004800,1919800,1943200,934700,984300,2147400,3297000,279900,1153700,4535700,66034400,19734800,1420400,6886330,5584600,2475600,15090600,27513300,1830300,9635300,2892400,2359664,2407900,2939700,40182500,1562900,6973300,10745400,1416600,8456800,1674300,1980300,976100,3906900,14187000,2618900,2051300,5726200,4850300,19567900,426600,41236286,7952000,6281700,6754000,8849400,22767100,12743700,7394200,8960800,57404000,5129500,573700,4802500,1924200,530181000,3989400,5099100,26152900,4026300,16303000,5203700,757600,2250000,2178400,2836400,6147400,5806500,393900,343800,3463000,6812500,6952100,1343600,12149300,3087000,1592700,1725500,733200,32481900,4707400,1058300,3358600,50541800,1208600,5343300,2013400,2238000,3918200,4032700,578800,849600,20705100,2084100,14365000,14468100,2538400,17086800,1918800
2022-08-31,87991100,5789600,6191600.0,7600700,2455000,3193900,3253700,8729700,64991700,4303900,2005100,53648700,1164900,32445000,3271600,4123500,44917600,9740000,651400,4999600,6723900,16582100,2656600,2380800,43196800,2452000,4054100,34654346,1769300,6775700,2179800,9166100,23006100,6145800,13582700,3381800,1500200,3519586,7353000,1814400,2890900,1860700,1173900,1350600,3576400,3538100,492900,2249900,8360400,52058200,19624100,1718200,10274200,8341600,4307200,15390300,28627000,2488000,11257000,4376200,2789687,3490400,3005400,44074500,1867000,8741700,10738300,1564800,14633600,2947800,3183500,909300,5145100,12324000,3129000,3119200,6793600,9945100,40953000,711300,37843952,6627300,6636100,11602000,9223100,24791800,14172200,6830900,13755400,86159000,8884800,725100,6980000,2333200,573710000,5103900,8612900,21579100,5597900,26416800,8406900,972100,3730100,3959700,2841700,8701100,5405000,785500,865300,4665700,6570100,7519000,1742500,12383000,4301400,2294500,1939700,1416300,46669900,6310100,1166600,6215000,52107300,1739100,6489900,2891300,2627700,6559000,4688000,736500,1442200,28368200,4030300,22609100,22460700,2811300,18340900,2149000
2022-09-01,74229900,4521000,5661500.0,4397900,2021400,2574400,2828600,9953700,94854700,2488200,1590500,56636100,918100,31930000,2425200,7652000,32848900,14422500,485400,3765000,6870700,14470900,2686200,1497900,43701600,1267800,5924100,24252056,1703100,6717300,2280600,9924000,16236400,3987000,8244400,2038400,1349900,2192832,7718700,1208300,1612200,1497700,884800,712300,2387800,2685500,313200,1538900,5398800,65299800,19731900,1582400,8002191,6269600,2695100,11370800,28360900,1575100,8294800,3742500,2379399,3396200,2713500,36440700,1500700,7509600,9979800,1870400,14939700,3096300,2939200,948800,3462200,18830000,2493200,2577800,5225300,7562500,30145700,423100,37093222,6864200,7520000,7528600,7830800,23263400,17594500,5896300,10440800,72929000,5590800,564100,7897000,2110200,1178865000,3476400,8139800,21504300,4846100,19947600,7446500,644200,3166500,3451400,4004200,8716300,5102800,479500,813600,6151900,7556800,5949300,1575000,10516700,3740300,2114600,1573000,874400,30623200,4530800,913900,4492900,54287000,1363200,5593800,2085300,2343300,5608300,4500700,781600,1106600,21641700,2017500,13173000,21741900,1803400,16423000,1839400
2022-09-02,76957800,3601600,4121700.0,4103200,1889400,2450500,2320800,6795400,84924400,2325100,1387400,57429800,1311700,40426000,2028500,5262800,44000800,8440000,502000,3793600,5919600,15568100,2185400,1584800,39677800,2035300,3111700,21437417,1511800,6096400,1901700,7315700,14720900,5535300,7526600,2682700,1141700,1722456,8465100,1565400,1496200,1346700,892400,741100,4156300,2355800,380100,1080200,6900600,64565400,13699900,1422700,6479760,6737300,3946500,10860500,24160700,2215400,9110400,2753600,2916052,3040600,2360700,34893300,1539800,5803700,10666600,1300700,11809800,2400600,2525400,869800,3165900,13680000,1936800,1791300,4490900,6262700,22634200,342900,14735438,8555000,4207500,6997500,9974400,22855400,12809700,5785700,10425900,81649000,7763800,512100,7788500,1087900,743157000,2563100,11027700,22793000,5801500,14667700,7077800,491500,2297400,4077600,2641600,6121400,4398100,464600,551200,4171600,10336800,6188300,1199100,11375100,3128300,1908300,1233600,862900,36489600,4055300,796900,4497100,50890100,1095400,4466200,1944200,2665100,4508100,3772200,537100,1121800,21155700,1679700,13025900,17234400,2148600,18206800,1529500
2022-09-06,73714800,4810600,4067100.0,4670400,2354500,2564400,2740800,5922500,68727300,2102600,1163700,43888600,1179100,24738000,2797600,5210500,40762400,8460000,656300,4362900,5416100,15544500,2141700,1610000,35375100,1242600,4137000,31841627,1667100,7270900,1933400,6373700,14366100,5804100,8550000,4410200,1092600,2289614,9537300,1367000,2037500,2205700,2436300,1013900,3096300,2395900,286300,1388300,5566700,58676700,14929200,2359200,6472859,7377500,5333600,19717300,25068300,1578100,7688700,4110000,2704383,3347100,2560500,46989600,1445500,7394600,9751900,1402800,12181800,2738500,2322200,962500,3128800,11633000,2043400,2645700,3780300,8906800,19339800,342200,36757386,12042000,4122700,8244300,10689300,21328200,12133300,11077100,11968700,74690000,9158900,569300,4799000,2076700,535751000,3910500,7090100,21676400,4900100,17153500,8217200,649700,2649300,4130500,2556200,6674200,5108300,662900,437400,4557400,11062800,4903600,1303000,10785100,4134200,1839900,1604400,1273400,57232600,4359200,1043300,3897500,55860000,1541800,5057000,2711900,3760600,4547800,2637600,570600,989300,23898600,1896300,14708700,21899700,2283500,19201500,1692000
2022-09-07,87449600,4141700,4619300.0,5100800,1899300,2385500,2845600,5567500,67891200,2127300,1095800,47900300,1037000,20440000,1766400,5298600,40742600,9877500,482700,3509900,5012000,15413900,2166900,1611000,38557200,2674900,4264500,35412450,1236500,6890900,1827900,6211400,18297400,4683800,9442100,3443700,913100,1905530,8193900,1153100,3324400,2355300,1852900,795800,4764800,3785500,317900,2112600,10215900,55087200,13627400,3098800,5494394,9626600,4348600,15832400,23167000,1496600,9500100,3016000,2487302,2401500,2281700,37329500,1732500,4590600,10647900,1604900,13290700,1313700,2228100,1255700,4086500,12013000,1998300,4185200,3703900,8278100,16831200,316700,44932165,10257100,4176200,6121700,7592700,24126700,17030600,11366600,8663400,81493000,7238300,512300,4409000,1389700,512657000,2662100,5792600,22488400,6074600,15378900,6609400,432600,2452900,3965000,2633200,5340100,5491600,741300,405600,5333100,9946800,5208000,1434500,11759900,5148100,2056900,1082200,1087400,55566600,4732800,1139800,4102800,50028900,1073900,5332400,2504400,2902300,4098300,3052800,478200,1053700,25548300,1435400,19475800,17058900,2805800,16274700,1506400
2022-09-08,84923800,3988300,4064000.0,8700700,1790700,2276800,2929900,5233000,89089300,2895800,1518700,43988500,549500,22535000,3399200,4949100,44361800,11545000,860100,3542300,9980900,18088800,2245700,1629700,41765200,1985300,5775200,41693772,983900,7147200,1600800,6659200,14231500,5445500,9232500,2871500,1227200,3775754,8443300,1026900,2390800,1719100,1234100,522000,2588000,3505400,263800,1716400,7210400,60075900,21393900,2474700,5810597,8278400,3620300,15754700,24238300,1755600,7873100,2703200,3720397,2964600,1902500,37359500,1827300,5838400,11435000,2258200,17193500,1510300,2212500,1112600,3564200,14205000,2114000,2448900,4178100,5605500,22530800,353600,30786714,8651100,4040100,8109200,8446700,20319900,18415300,8852500,9129100,67374000,5628300,584900,6056500,1489800,624873000,8201300,6897100,22052700,3888100,18271000,7380500,462600,3057300,3641700,2477400,6618800,6233700,3731500,441600,5758400,7721100,5304000,1179700,14681800,2684100,1868000,997300,2596400,49770900,4956800,1854800,4326000,53713100,1434200,5473200,1557500,2166300,4377600,2714200,718600,1189700,28753200,2306400,18500300,16956000,1882500,18759200,3039700
2022-09-09,68028800,4427000,5413300.0,5781200,2005100,2998900,2000000,5094300,68907700,2318000,880000,49387600,704800,23019000,3543500,5775800,37295100,13172500,536600,3125100,4423500,18711800,2279600,1555900,47276400,1362900,6405300,30190765,1637100,6085000,1930900,5642300,15499300,3888500,8261100,2595600,1240300,2430502,9563100,1020800,1456200,1651400,1554800,958500,2512800,2839400,215700,1636900,6476500,63328600,17883000,1739400,10795534,6497000,2436100,12912900,23197700,1445600,7863200,2769200,3087404,3291900,2077000,34069500,1900400,5500600,9299700,1655300,11855900,1679400,2177000,1284600,3176400,12933000,1815700,2007000,3564500,6341300,22086800,346500,31359240,7842200,3571700,7480100,5976200,22084700,13925600,5700400,7920300,66996000,5171500,704600,6960000,1636900,486612000,4143300,7762400,21708300,3662000,17501700,6434300,662300,3516100,3418600,2474400,5097300,7783100,2144400,1158200,4126800,7094600,6471700,1318300,9628600,3240400,1441400,1276200,3123800,55081300,4376300,1146600,5585400,54338100,2058700,5196200,2495500,1748000,4885600,2594400,723800,1464100,20259500,2547900,12875500,16140600,2572400,17158000,2453100
2022-09-12,104956000,4938400,6993300.0,4358100,2026400,2854800,1772500,5329300,71922500,6294600,946100,53826900,877000,18157000,4146300,5363100,30534000,10287500,756400,3407900,7514700,13506500,1937200,1273300,34324800,3001400,6390600,23240327,953800,6208600,1522400,6353400,17923000,3709300,8920800,3700500,1129200,1989454,7923400,1354800,1653700,1707800,1499100,883500,2038100,3460200,313800,1570700,7599000,52656500,12635900,2278900,11661482,18777900,2513900,16332900,22966800,1563200,11434200,3632900,2935469,3741100,2075000,38305500,1313600,6365300,8614600,1141300,13026900,1752700,2077400,1349700,3218700,9988000,2097800,2204300,3506800,5887200,23220400,272200,22690392,10683200,3233900,6351500,8030800,18747700,10711500,5573800,10767900,60474000,4836900,918500,5875000,1416100,484159000,3794600,15628900,26349100,5953300,13744800,5818700,636800,2534100,3675600,2454500,7081300,7679800,1063000,702900,5437000,9078900,4511700,1477800,8935200,3368300,1668300,1255900,2594900,43425000,3635000,1097200,4513100,48674600,1706600,5216800,2792000,2382600,3812300,2516400,776200,1706200,18553200,2309900,12127900,14284500,1897500,16118900,2129400
2022-09-13,122656600,6195900,7126500.0,5300800,1789200,4175100,3093400,8422200,80921200,4447200,1711400,72694000,831300,35136000,3519800,8724900,40959600,9900000,1239900,4582700,6253300,22148200,2207500,1551500,41934000,2276200,3988500,38369960,1927000,6977400,2881400,5463200,23028600,3501000,10308300,3051800,1085700,2137898,10504600,1676000,2387900,2829900,1516800,864800,1993700,3020800,381700,1297800,7948700,80842500,17693700,1589800,11574005,11799400,3344800,14841600,38172900,2242100,7105700,4797200,5154869,4565600,2586200,71417900,2375100,6726400,12904600,2326500,18532800,1752500,2272400,1621200,4441400,18942000,2316900,2604900,6528800,8652900,44444100,330100,9287538,17325800,4777400,7650000,7890700,33353300,22361800,5624800,10574800,80001000,5955600,836500,7248000,1705100,714956000,4210200,29476500,25446400,6926200,16603200,6350200,719600,3304000,3196400,3004000,9610900,8157800,1039900,556000,5867700,16033600,5310200,1084200,11124100,3211600,2172100,1638800,1502800,42274600,5416900,1642800,6206700,68229600,1363900,7928700,3172500,2382500,5217900,2936900,688100,1614700,21284500,2490200,21124900,17687400,3561100,18229100,2264400
2022-09-14,87965400,4673600,5690100.0,3264200,2397600,3004400,1430600,5828200,71483000,2715600,2087000,45316800,690100,20605000,2840200,8478000,32004400,7575000,831800,3718400,5768500,25701700,2295000,1574800,38845700,2454300,8077500,33878530,1856700,9457900,2007300,6037300,27551500,4686000,11160800,5389300,1121700,3354559,8610400,1417100,2309800,1750900,964700,1152100,2180500,3271800,335300,1461800,6671400,59571800,20529700,1510700,9968109,9113200,3604500,15239200,26395100,1953300,7892400,4194400,5251844,3819100,2443500,40767200,1490900,9555700,9345700,1803000,12881600,1325300,2002900,1004100,3963700,10615000,2657900,2745200,7273400,6543400,43064200,517800,6781918,11988200,5021400,9418700,8341100,23913000,19984900,7281500,10266900,82303000,4888700,1157400,5157500,5548600,588507000,4994900,21601400,28407000,5156900,17162500,6137800,584600,4065800,3498600,3872100,7509300,6103900,901200,951400,7737900,24320600,5270000,1360900,9958200,2905800,1961600,2616500,1394800,41000300,4648100,1139400,5726900,72628700,1906900,4792600,2648100,2608300,4632800,5043600,1064800,1354300,23152200,3786900,15067800,19934700,2669800,22655700,1785400
2022-09-15,90481100,6416900,6606100.0,4237000,2198700,27840200,3097500,7120300,81818000,2206100,1561400,52887200,706800,36574000,2371600,9792800,44863300,9522500,778000,3274500,6684500,16556900,1933100,1730900,59124100,2369400,4982400,39478467,1416000,9997500,1749600,7012200,18148600,5556500,9665000,4921000,970000,3632160,9739800,1971400,3103000,2314700,842500,736400,2220200,3534000,400200,1759700,5741800,61377000,13837400,3080200,7908775,7088500,4664700,15193900,34188300,1489400,6846800,3896100,3662678,5141700,1340800,39919100,2117500,7174500,10821400,1577500,11451900,1382600,2348100,1189200,3309700,11987000,2486800,2289500,4397100,6629600,34606300,381900,4847149,9786400,6585000,8006800,8883100,31530900,15620800,18681000,10461600,194541000,6598900,758000,9825000,3278300,523625000,7543300,12478100,24382100,5461000,15802000,5320700,501300,4861200,3661200,5077600,7459600,9175700,826200,685500,5054600,11052400,4910100,1100000,9945700,3976900,2019200,2074800,1661900,38637300,4366100,890400,4373800,64795500,1412900,6105400,3058100,4041800,6099300,6351600,752600,1028600,22763400,2928700,13173200,20189400,3664700,21092300,1641600
2022-09-16,162278800,13887500,13704400.0,8898200,3838900,14948100,5319700,10893600,75300200,4604100,3287400,115667800,1497600,59012000,6527200,10310700,54281800,19800000,2693900,7288900,10650800,19995600,5088300,2378500,47810800,4982700,5304400,55798232,1708800,14608000,3004800,9882300,32696100,8611600,43741600,14132100,2422600,6466486,15978800,3752500,4565300,5240600,1732100,1112800,5214600,5704200,819700,3415700,12995400,68454800,27657400,34201900,22966955,11766000,6718600,20899600,42797200,2946800,16844900,9535100,6809392,9839700,3136800,72748000,2800900,20201500,14844100,4219300,20493500,3278300,4380200,2023300,10187800,18613000,3650900,4304100,6229300,11923900,40122800,457100,8685113,28808600,18821700,14842500,20988900,39791800,24901700,19190700,18207600,189142000,8000800,1115500,10690500,3869800,670751000,12575400,23412000,57451400,12012600,30629500,9321500,1041400,9335500,10447000,6839900,13818500,8034800,1186800,1373800,8211100,11987600,12599100,2410700,16890300,8144500,2630700,3390000,2324000,69825900,6657200,1835500,9607100,87087800,2325600,13417800,3981700,12562000,9398200,10339900,1050200,2484400,45069300,7662000,21238800,41874300,7082900,37874700,2699000
2022-09-19,81474200,5042500,4715400.0,3816000,2165200,6593400,2873400,5260300,64966900,1981400,1249300,47279700,714900,17948000,2472500,5150700,29782000,6687500,566400,3291500,7854100,14716100,2923700,1443700,37564600,2042900,3646200,24976229,819900,6600600,1441300,4874800,13667500,4100600,6813800,2518500,1008700,2531570,7979500,2441700,1783400,1722300,705800,648600,2484700,2339200,718900,1372700,6484600,48696200,18022100,9425000,8045047,6162700,2907400,13267700,23036800,1652700,7382800,3047200,2563588,3981600,2252200,33151900,2076400,7380900,8201300,1417400,12596200,1144000,2515300,695500,3351900,9364000,2369700,2195800,4066300,7782700,22169500,406400,3815599,12656400,4202000,7748600,6011500,26826900,19251400,8821000,9830900,179124000,5162300,842900,4428000,1728100,569685000,4448700,8364000,19677400,3720900,16256200,6056000,605100,4493100,4048000,3124400,5922700,6233700,826000,521100,5587000,6287000,7608900,1159800,7377600,3977700,1288800,1543200,1090300,33805300,4047700,1072500,3709100,60231200,3071500,4929500,2130800,3018000,8133600,3491600,763100,1350300,18960900,2818400,11324100,16853100,1763900,15342100,1616100
2022-09-20,107689800,4532900,5610900.0,4617100,2390100,6548800,2273600,4435700,51129100,1745900,2093000,47698400,605900,17132000,1725900,6737600,33591100,7762500,561600,3275600,6257100,16650200,2512400,2107100,47008400,1768500,2738600,28407808,984100,5655400,1843100,5505700,16813900,3861900,8955200,2819400,1434000,2367785,6957400,2499700,1622400,1521700,789500,793800,3269800,2361600,926900,1621600,6440800,196340000,14182100,5372100,8379870,6958900,4802900,25401500,26517100,1569900,8066200,2940700,2630007,2837500,3095500,31129000,1627200,7143400,9619000,1162500,11984600,1589700,1816800,1112100,3650200,8927000,2769600,2140200,5180600,6295200,23217400,367300,4969619,6549300,3929900,5454800,8092300,26660300,19373800,6242000,9205200,160374000,10006600,875700,8290500,2324300,524818000,4382400,8624300,20264200,3872000,15369000,5589800,830300,5188300,3616700,3482700,5672700,6120600,769500,695300,3861500,6560000,7442400,1188000,9360500,2999100,1525400,1260700,1003200,36187500,4707100,1053800,4205200,61642800,2181500,5220200,2421700,2827400,5292500,4195800,814800,1130600,15561200,2249500,19503900,13963500,2397900,14712500,1991000
2022-09-21,101696800,5076100,6898700.0,4720500,2746500,4913100,2853200,6953400,82069700,2186300,1942400,58498900,573300,20669000,2599900,6244300,51667800,9315000,816600,3941800,6253200,18641800,4061900,1697100,67793100,1802100,2884500,39194858,1383100,5818000,2082600,6164400,21415900,3770600,6877000,3615600,1007100,2382336,9776400,2198000,1495600,1426400,1398700,725900,2235300,2540900,563000,1112700,6411200,94271600,18878100,5491600,10164733,8776600,14038700,20455600,31487300,1796700,6740100,3173500,2658229,3389500,3828400,39977300,1583300,8071200,12606300,1800700,14165300,1428600,2241200,2106400,2925700,10621000,2366300,2438800,3948400,8873000,38338600,311800,4468017,7925100,4218800,7190800,9707800,28625600,31117300,6706300,10081500,91668000,6279300,1246600,12609500,2553600,807679000,4966400,6768200,18597200,5134500,17505200,6413900,1346000,4640100,5183800,2872300,8123700,9610600,665100,802000,7047100,8806800,8087200,1197100,9153000,2458700,1790000,1307400,1000300,38815600,3093300,1268900,4542800,62555700,1453900,6639800,2427700,3162900,6705900,4301300,802400,1109800,25612100,2023300,19207100,24903600,2435300,17332400,1554900
2022-09-22,86652500,6161000,8399400.0,5567500,3462900,5657600,1939500,8558400,101436900,2081200,1446000,55229200,877600,23540000,3249400,6311800,47527500,14470000,854700,4120900,4690700,18443100,2508400,1786100,62079500,1176000,3452100,26870154,1244200,4971600,3133100,12405100,16691000,4513200,6981100,2964800,1006400,3267590,10953400,2999600,2324900,1385400,1016100,873200,2459500,3313400,524300,1871600,6492400,82004400,16103400,10265500,11345279,6111800,7096800,13519700,34298600,2239900,6881700,3515800,2365924,4046600,2653600,36092700,1907300,7401100,11684500,2290400,11657600,1537400,5918300,1409900,2864500,15202000,3176500,2300500,4300400,7005900,34418500,515100,4398888,7648900,3163100,12329700,8376300,31061200,21317000,6748700,7662000,100180000,9638800,1206800,12089500,2436900,759162000,4300400,7190700,20343200,4290600,18508100,5061600,900400,4918400,3802900,2963900,8753000,8499300,771000,1072800,4950300,9953000,8132800,2213900,12875000,2831100,2789000,2513900,1201100,37800400,5146200,1137500,4566500,70545400,1621700,5696200,2285600,5238500,6604700,3026800,647000,1408200,19806400,1982600,15499000,16744500,2437600,16139400,1937300
2022-09-23,96029900,5751600,6245600.0,6214600,3100000,4739300,2096800,7384500,87690000,2148600,1907000,65126700,1135000,29649000,3035600,8927900,55316100,15725000,978900,5175100,6221900,30918000,4047200,1587300,79394400,1892200,4471900,29287550,1265800,10157300,5377800,9175800,19067700,4647000,13919700,3493500,1717600,2288599,11976900,3348700,2297600,1825900,1109400,850400,3258200,5139300,932400,1726400,8677200,104043700,26058200,7195500,13124524,7603800,4795400,17888900,31625400,2918500,15514000,3527900,3397640,5195600,2980200,43491100,1918600,9598600,18138600,1839900,14824000,1947200,4572600,1874600,3382500,14622000,3245900,2672100,4725500,6145400,31710700,561800,4405705,12898400,8268000,9038500,9990500,34176000,24591700,6719700,11665100,112072000,9026500,877700,11061000,1982200,663309000,4557500,9282500,29654900,4565100,18871700,6523600,845200,5598800,5287900,5632400,10681300,10934200,815900,859200,6725900,7153200,7988600,1610600,17421000,3283500,3334500,2445300,1331900,46225600,4677700,1366300,6091300,63748400,2724300,6936100,2536900,4252800,10755800,5809100,763600,1353200,19439700,2723900,23316200,27195300,2695200,27738800,1626200
2022-09-26,93339400,5697800,5278800.0,6037800,2349800,6746200,3504700,7015800,82898700,2454000,2146900,62723300,1171700,19361000,3808700,7095100,40360200,11222500,692600,4929300,5123500,23684400,3213400,2134900,56042300,1994100,3797200,36436983,1195900,8719000,4001900,7862400,22694800,5106600,9444000,3212500,1331600,1778179,9760500,2157100,2812800,1726300,1140700,827700,2668300,4465400,658300,1674200,6173000,89300400,17105500,5698200,16780605,6141300,3561300,16777700,27072700,2308800,11477600,4181800,3471168,3987800,4205000,44786400,1751800,8735500,15753600,1476300,18670100,2174000,3760000,1208300,2938700,11251000,3635600,3179100,4642700,7200000,30497000,414300,4303088,10887300,5627300,8841000,8496000,27694200,19266800,7702900,8349800,82343000,8521600,657200,11886000,2078900,547343000,5015900,6897800,25390700,5326400,18680200,7396400,1351000,7135400,4482200,4717500,6424600,6800700,698000,673300,4843500,7583500,10467400,1783300,12006400,4095300,3618400,2722400,1103200,46841200,5108300,991900,5177500,58076900,2500700,4605800,2867400,4163600,9914600,4691700,779400,1583000,21345700,3006000,21420000,23011200,3115900,22043400,1631100
2022-09-27,84442700,5598000,5081000.0,6377800,2495800,6390900,2924100,6220000,94871800,2009800,1900800,60094700,1088500,17850000,2828700,6682300,43396600,10032500,769400,5767700,6491900,21255500,2753500,1622500,64007800,2295400,5260600,36665641,1781200,8779000,2412400,7046600,15027900,4606600,10121000,3817700,1180100,2529427,13360200,2320300,4027900,1268300,1154700,902800,2658800,4404200,498800,2236800,8304200,87044400,15322300,4466400,12596770,7125900,4108400,13541700,30072800,2007400,12769100,3701000,2856636,4117200,3650800,44121400,1815800,8686700,12793600,1364500,23829300,1947400,3019600,1051900,3866500,11831000,4073300,4193800,3425100,7415400,30826500,476400,3975863,8432700,3748600,6532100,6855400,27018700,17297500,9247000,7705500,77622000,9890300,1023800,10637000,1590300,553854000,6882500,9284800,28187500,5400700,21562700,7722200,1334800,6329300,7067800,4147800,5544400,7913400,663000,1108700,6119300,8628800,6557600,1538200,12712500,3975500,2611900,2833500,1444300,41183400,4400200,1166500,4239600,61925200,1462500,4261500,2583400,3371200,9799600,3256400,860600,1464700,20357700,2467200,17541400,17171700,3173400,17307300,1930900
2022-09-28,146691400,5226700,4518200.0,7206900,2552600,4985100,3419200,7992500,72389500,2782400,1988800,55763800,948500,27605000,5269500,10257200,38372900,9547500,885400,5941800,7736100,19818100,3694800,1958300,65649300,1561800,6450900,28175949,1811000,9207500,2419500,7908400,23217700,4303400,8279800,2956600,1292600,3230592,12895500,2423800,2338200,2091900,1533100,1120100,3851100,4199100,519700,2346100,10342300,72701600,14899300,4959200,10686228,7567500,3953700,12046200,32466300,2289700,11711400,5816600,3265546,4996400,3862200,40433400,1592700,8660900,12762600,1693300,21480100,1880200,9436300,1161500,5384900,10841000,5611400,4202400,4101700,6262700,32658500,584300,4398649,6647000,5233500,6840000,6693500,29029700,17784300,8713400,9165400,175797000,9423300,948300,7694000,1555200,542414000,8458700,8549900,22343900,5480900,16532600,10455100,1562600,7846600,8287300,5401100,11321200,6787800,737700,1125600,6066600,7850800,8273400,1579500,12205400,4003600,2864600,2659300,1349000,42670800,6416700,1866700,5573300,54664800,1908700,4881500,3027300,2958100,9751000,4073900,662200,1656300,20567400,1846500,16033500,16838400,2746500,19543300,2079200
2022-09-29,128138200,5509400,4259500.0,6698800,2559100,5155300,3429200,8542500,102552400,2335700,2096500,58969700,1114300,39997000,2280700,8905400,35220900,8620000,877300,5210700,7292100,20982200,3518100,2217300,57340600,1472300,4617200,30373756,1623400,5929800,1963900,8602500,19496400,5185200,8197600,5208300,1589500,2779618,9435100,2385700,3104500,1644600,1128500,1070400,2304400,2966500,546600,2711000,14031000,84534900,17580400,5199200,14124337,8431200,3515500,14825100,31047200,1930800,9360800,4518600,3307137,3817700,2430100,41831300,1719200,7008100,12713900,1784800,14570700,1463900,3743100,1127700,3622800,15439000,3439700,3053200,5469500,7336400,38985400,516200,2769697,5834700,2767700,6601300,5892700,27484200,25582100,8291300,8372500,189949000,19339200,910900,7487000,1425100,532763000,4837900,8882100,30091400,5167700,13559900,7128500,1312300,7320700,4301400,3118000,12125800,9656300,770600,743100,6989900,6881500,7057500,1100800,12191700,3994400,2924900,2213400,1107900,51308300,4500700,1074600,5602900,77620600,1854100,6699000,2392000,2494900,9105200,3152900,1629300,1341200,17806900,2844400,14811300,15241500,3852400,17896000,1642000
2022-09-30,124925300,15359000,4750600.0,6728400,2924400,4578800,5127200,9051000,81664100,2543400,2501700,59479600,1520600,27202000,3717200,8383000,42294100,12460000,851300,6057500,10030400,22266400,2963000,2517900,237674800,2327200,7510600,33524713,1641600,7172000,2436700,7575600,27989900,5395000,9402700,5927600,1697200,3008376,12094900,3053000,5163600,2189200,1307200,1120500,2768000,3329300,602500,2739800,9616900,71688200,16108400,3642600,12709126,8794700,4101000,16159900,32941500,1970800,9344900,4789100,4042728,5346100,3007700,43821000,2094000,8985200,15973400,1641400,16124600,2625100,4474100,1343700,6049000,19091000,3804200,3629300,4281800,14651500,33166400,712100,3722909,9121400,5011700,9035600,8090900,35694800,38917700,12854300,12612800,118486000,48176100,1134500,9128500,2251400,565638000,5621400,9794400,19494900,5971900,22962300,9431900,902100,18072100,7259200,3259300,7568100,20527500,800800,705300,6403900,7737500,7633200,1512200,15329800,7156100,3000300,2205100,1486000,63932700,8322100,1697200,6201000,67726600,1664300,6074700,3116000,2823300,9472300,3718500,950800,1914300,23523600,3208500,21182200,19602300,6182200,21357600,2437200
2022-10-03,114311700,7437500,6208900.0,4817600,1893900,3738100,6209900,9631500,83841600,2521700,2102200,50941900,1027500,21479000,2677100,7962400,34591700,9672500,948900,4901000,6290600,22001000,3444700,1688200,104262100,2315000,3840300,36646755,2023800,7701900,2338500,6819900,22203600,3935800,9597400,6405300,1536900,3416825,9468400,2256600,3786800,2602000,1610100,908400,2950600,4243300,425300,1903900,10537700,66198300,16515200,2701200,8721754,8094100,4069100,14697300,27982000,1938800,10265100,3580000,3585119,4261700,2187100,44096200,1644600,8657000,12248100,1869300,16277600,3081000,3340500,1273800,4346500,25300000,5285200,3286700,5170600,11676200,27723100,665500,3487536,9322200,3777800,9186900,8169200,28880400,24632400,8115200,12915400,86574000,19108200,910600,11638000,2398300,547478000,4283300,9661400,25451400,5093400,22834300,8477700,871200,4863700,4789500,3891800,7481700,10575700,1449000,812500,4303400,6739900,8144000,1606400,13978200,4279600,2247500,1479100,962800,59540500,5927700,2462900,5543900,98363500,1735000,6668500,2562400,3494500,8842300,3970400,912500,1795500,21495300,2560500,16827600,17574900,2931500,23881300,1580200
2022-10-04,87830100,6612300,4835000.0,5710800,3143700,4509200,5094100,7914900,77160500,2331000,2032800,62812600,1334500,27277000,2408800,7235700,39758700,11652500,778800,4633700,5953800,20660000,4008200,1724700,117870500,1838300,4066900,30071688,2061400,7582900,2175600,8017900,22889400,5598400,9520200,6024400,1639000,2917234,10229000,2010300,3105700,2039000,1393300,946200,2947400,3360400,519500,1996300,12357100,87629200,17325900,10089400,12441557,11966000,4093500,19811700,28850800,2399500,17512000,3641300,3916469,4566100,3751000,42427500,2079600,6236100,16013600,1549300,18861400,2425100,2622500,1060000,4139100,20566000,3949200,3685700,4514300,11281900,34670700,471300,3352029,8393900,5011100,7373000,7875000,34888400,24275500,8193700,10705200,139259000,15114800,985700,9894000,2198100,584182000,3868000,9892600,25152300,4596800,28198800,7211600,1262700,5980500,5483700,5402400,6637200,14696000,874900,792300,4432100,5982400,8491600,1704400,16268000,4521500,2520100,1507400,1091900,46876200,5831300,1195300,5648600,109578500,1606500,7233100,3189800,3414500,7081400,4324800,653700,1539700,25922500,4330900,18601300,16134300,2754400,22133700,1676300
2022-10-05,79471000,4777900,4008700.0,3803400,1843000,3469600,3296800,7608600,87127400,2060400,1518700,48217500,1097800,18493000,2073800,6268300,35791100,8757500,556600,3350400,4868500,15458500,3067400,1846500,82831500,1220400,3467800,23828991,1424900,10073000,1587700,4256200,14289700,3220800,10633100,4912500,1073700,2346917,7562800,2072800,3865500,1704900,1158500,855800,4965800,3967700,344800,2255400,9915300,87919100,13118100,7169300,9327837,5802300,2795200,18679400,22176900,1992800,14897500,2728000,3119552,3212900,2246000,30120000,1647300,4539400,10943500,1348800,14324900,1861400,2186100,828400,3196100,14070000,2845200,3033000,3603100,4901100,27979300,278800,3061880,6535900,4493400,6065700,5956500,20347100,20418300,5468700,9238800,108256000,12732700,620800,8859000,1612300,507131000,3357800,9201600,25491400,3538600,15673400,5071100,983300,5311400,4317100,5443400,7070300,8812500,569600,823800,3800400,7980800,6384300,1363200,28104400,4030500,2246500,1386400,764100,38250100,4066900,1167400,4454600,86982700,1316000,5262600,2281800,2811400,6119900,4207200,654900,1296700,17797900,3007100,15873400,14553900,3003000,34857700,1260200
2022-10-06,68402200,5124800,3446500.0,6348100,2336800,4884000,4211100,6686700,98325900,1523800,2908700,42253800,965400,17250000,2526000,4454700,40891900,9282500,566700,3394000,4657500,17738400,2415000,2627300,86819900,1673100,3383000,34686783,1875700,6388900,2430700,3853900,18198800,4171000,9498300,7388200,915100,2255436,6728200,3140600,4230800,1558300,923800,822100,3696900,5045700,585100,2381100,7820100,64531900,18258700,4254600,7953396,5622300,5449200,11435800,22324000,1367400,13545400,2641500,2757751,5074600,3296300,33985100,1502200,5890700,11521400,1317700,17192800,2182300,4299200,746700,3304900,13586000,2494400,2999200,3175200,6069700,36231100,301500,5176408,11154400,2396900,8055500,6434800,20239900,17149400,8374600,9552500,91889000,9951900,604900,8718000,2171800,644157000,3871700,6992000,23475300,4623400,22068200,5530800,774700,5068300,4963600,3237500,6238600,8792300,696700,599200,3192700,6893800,6276900,1178100,16403000,6649900,1596100,1267900,1052500,52923900,5122500,971700,4533500,69298400,2837600,4171000,2187300,2375000,5163000,2858000,538300,1132500,36663300,2802100,15634800,14200500,3788300,29124700,1324100
2022-10-07,85925600,4648800,3352700.0,8485900,1951200,3495900,3717000,10029900,163786300,2060000,3165300,54678000,1046900,28425000,2579600,5097400,52304600,11085000,625900,4270200,9642900,18101300,2759200,2436700,82260200,1956100,4316300,30783590,1950700,9373500,2568100,5956700,19055400,19715100,9972500,4691600,1351700,1779194,7051000,2572400,3162700,1999500,803200,708100,4655300,3655700,473400,1884600,7119500,56494500,12667300,7783500,6856315,6723200,3755700,11193900,27502800,1790100,17472200,2406000,3142258,4499700,3887300,57215500,1897100,6363500,11681100,2194400,11479800,1587900,2601600,1124700,3466800,20796000,2210800,2294300,6359500,6753300,33214800,318400,5138614,10524500,3114900,8837400,7180900,37769600,21977700,7697400,9018200,98061000,8554700,1097600,6177500,1923500,672478000,3287300,7137900,29085000,4779200,20095000,6095400,613000,5762300,3464600,3283500,8618500,7890000,670800,545300,4417500,6606400,8063000,1198900,15953800,4889300,1811700,2098300,1222100,53446900,5153100,976800,4945800,83916800,1507200,8306400,3273700,3491000,5610300,4557800,509000,1424700,31838700,2773300,17186700,17080500,6476400,24507600,2022600
2022-10-10,74899000,3830800,3945200.0,4044600,1526800,2906300,4127900,14211900,112241800,1630100,1992300,42339700,748700,33454000,2893400,6829900,37669100,6957500,512400,3106500,5682900,13768800,2633900,1854700,82505700,2891200,4756700,25163168,2172800,5883200,1616300,5497800,16628400,7429800,5904500,3888300,1366900,1853304,9532300,1781300,2982300,1080100,1139300,784800,4016800,2674300,487100,1860700,11501200,115548900,11617700,5310500,5764210,4328500,3245800,22996100,18225100,1309600,9532600,2115400,2049958,5990000,2320900,43409300,1635100,5315600,8931700,2097000,10239100,1207900,1956200,1112500,2449700,39506000,1783500,2668700,5129600,6944600,24024000,214700,3088550,11408600,2751500,14485000,5418000,29743600,17227400,6118000,5587800,99911000,7991200,1375700,8951500,1285000,698699000,3157200,6407200,24069200,4839200,17888000,6923300,711200,4587900,2717700,2786000,9512600,6049700,481900,355400,3645400,5092400,6192300,1621700,10380600,2943500,1425700,1551500,1030300,43852600,3169400,947900,3785800,67925000,1000700,6573600,2459100,3141700,4743800,3494700,374700,835000,21622200,3556200,10973700,11411700,3970400,16786100,1569000
2022-10-11,77033700,5675100,5696700.0,5304800,2261800,3209800,3921000,12441100,114054800,6256000,2463100,56432200,618100,28046000,2588700,8508400,58124000,7617500,932700,3442000,6475900,20176100,2542400,2596000,73379000,1815600,3974400,37072702,1696400,7602400,2341400,7415000,19386400,6898100,7533300,4155900,1457200,3671189,8900900,3022100,4892500,1578900,1365100,751400,4205900,3017700,556100,1566200,8315500,75173200,13833900,6045600,8500412,7154500,3173100,16763800,26507100,2392800,10885500,2771900,3085706,4043100,3677100,48134900,1663400,6212200,12739700,3561200,14303900,1092900,2598900,1013600,2766000,53132000,3554900,3169200,6887900,7976200,38481400,243400,3462898,14565500,3213400,9743500,6271100,30474000,32813700,9143100,7907300,152824000,11903200,836500,10214000,1655300,667482000,3625200,7376900,22465500,5222600,20981200,5516200,822200,6385500,5037300,2939500,10758800,7361900,644500,596000,4547700,5531300,9676100,1228300,10474800,3906900,2178100,1612500,1717900,49661500,4251400,1667200,4564800,77013200,1840200,9526900,2844500,2164600,6294500,2874900,536400,1261200,27708900,3054800,19135900,21276000,4232000,17804100,1583400
2022-10-12,70433700,4528000,5547500.0,4106200,1699400,3044100,2552800,7770200,89264200,2639800,2572500,45728700,893900,15046000,2397400,6393000,36137900,7270000,797100,3342400,5625600,20862200,2260800,2759300,97735700,2332900,2819400,31779528,2459200,6221600,2043900,5707100,17279900,4926500,4942000,6378000,1179400,2941034,6156200,2383200,4243000,1140800,1340400,706900,2565100,2540600,468000,2073400,7568400,59628500,15818400,2468100,8598323,6406000,3045600,10810300,21876400,1763800,8909200,2258200,2894408,3338800,2670400,39634100,1628400,4341700,13181000,2427400,18377400,1437300,1764700,921700,2353900,36663000,2646800,2709300,4850500,8280200,34605200,350400,3290196,10794500,3051900,8522200,6411600,21903900,18131900,9715100,6090500,129526000,8772900,972500,9183000,1316000,492590000,2931400,9008600,17647100,9795300,18803600,6823500,697000,5937100,3901200,2838800,6987900,11577800,507700,532800,5489100,5261900,8460000,1399100,11271700,5066300,1912200,1444900,1958100,46719600,4700900,1098900,6461300,66860700,1478800,4526100,2254300,2229200,4884300,4252300,664900,928500,23336800,2439500,16469900,16947600,4548400,12635800,1474200
2022-10-13,113224000,5066200,6172500.0,6250900,3435100,4737200,4047100,17560200,131159800,3288900,3518100,86868100,898900,27980000,5232300,7842300,67671000,11942500,2345300,5483400,9527500,27964900,3745900,2976100,81275600,2205200,4459900,37521909,2228900,7999100,3390900,6548600,26328300,6056300,10227500,6225700,1596600,3268718,11025400,3057400,7258400,1624700,1409900,1087800,4100000,2803800,622900,2423400,9324500,70487400,16285500,2993400,12818915,7690100,3396400,17199800,34574500,2724900,14018900,3881600,3419603,5837500,3026700,62447000,2067300,6465100,22398700,4588800,16220700,2124500,2657400,1012700,4851100,45293000,3322800,5026900,7910400,10000100,34325700,445300,5708149,11909400,3243900,9382800,11811500,42551800,27605000,13643700,7882600,175050000,9335000,922000,13700000,2177900,850103000,4441300,10147100,22618700,8412700,23135200,6910500,1357500,6307600,4495700,3690000,10455000,10501100,953600,637000,5049000,7616600,9491900,1797200,16364400,5246700,1788200,2799100,1197700,60354500,5318500,1737600,6342000,91483000,1910900,7913800,3999700,2574100,8426400,4495600,832400,1124500,33118100,2623000,23808700,20545500,6807300,22019100,1478200
2022-10-14,88598000,5290500,5001700.0,6087200,1723100,3563300,4001200,10453000,96959300,2864400,2466400,67737300,711200,22816000,3871900,6093900,58108500,9725000,1276400,4292300,7765300,28885100,2830200,2449100,63672500,2500600,4964800,29430528,1299200,7646000,2301600,5736300,19571000,5475500,7327900,4577700,1231700,2270326,8202100,2646500,4711100,1972600,1237000,872400,3237200,3230200,494900,1863500,6830000,55127700,13972100,2269800,9106174,7892200,2928700,11994100,25410700,2397600,11190100,2783100,3151488,3762400,2929700,48185400,2430100,5684600,33387100,2346000,15997900,1640000,2231400,1369100,4142800,30398000,3106300,2918300,4601400,7916400,23559400,405000,4137323,11226200,3055600,9847600,13658500,30198600,20403000,8735000,9793000,152934000,7811700,1642700,16005500,1978400,713432000,4153100,8044500,17836000,5937900,16980500,5516800,746000,4480000,3534100,3905200,7989800,6878300,879300,570500,4614600,6315200,13326300,1181000,11504700,5079900,2161700,1631600,1607300,47185600,4234800,1267500,5650100,94124500,1375000,7470600,5628900,1936400,6449400,3737800,603300,1028100,26019000,2731200,33954200,16641000,3595100,15222000,2625400
2022-10-17,85250900,4016200,5423900.0,7315800,2534800,4600600,3606400,10772300,76977600,2577100,3040900,62782000,728500,24120000,3139300,9073500,88896800,7970000,890900,4452100,6901200,20835400,2940000,2436000,52393700,2596100,4118000,31059303,1492500,6667000,2097500,6288200,27845200,5493900,5890400,4322000,1077100,2459942,7083800,2991300,3704400,1700300,1512900,868700,2649400,3558100,549500,1510100,7906000,59561700,13874400,3187000,8251944,5799600,3490400,10960500,28419200,3118600,7869200,3426700,3647612,5458600,3045100,39416500,2379900,6710800,22276300,2557300,13721400,1508200,2230000,1617200,3504800,51439000,3417600,2758200,4196500,7340600,29612200,391700,3592186,7872500,2340600,12139700,11412400,28142300,18261700,7563500,7143400,210578000,8451900,1122600,12858000,1473500,580774000,5014200,11368300,14839400,6401800,16678400,6664600,906000,5103500,3277100,3667600,7886400,5619600,627100,434000,4442000,6255300,20113300,1304500,10330300,4018700,3178200,1780500,1767600,44240700,5570900,1071100,5775300,79428800,1261300,5936100,3282300,2274700,13952100,3712400,529100,1108300,21962900,2579500,24507000,17812500,3782200,14283200,2180400
2022-10-18,99136600,3540400,5580000.0,8943900,2114500,5472000,2612300,10231000,103064500,2060000,3253400,65607400,823000,20341000,3963300,6146300,81937900,9185000,800600,4292700,7189800,21302100,2674000,3189400,116496300,2221800,10417100,31195239,1236600,6826200,1864000,16354800,18223300,5659000,5631200,2904600,1214800,2327402,8533500,2922800,3009900,1513600,1307100,1291800,2610700,4018000,449800,2003500,7505400,53603400,14492100,3136200,9806637,6802300,2655100,11144700,24060700,6428600,8804700,3166500,2099295,5120300,2829900,51126900,2957800,10883600,21539700,1763600,11823100,1692800,2087100,4588500,3804300,25077000,3096000,3123600,3179700,6349100,25445000,367600,3066544,7176200,2755300,9530400,9767800,26329600,19774800,6998500,6404200,257767000,7364700,1853200,10497000,1247700,659362000,4069500,6688600,15683800,4547400,18442800,7114200,904300,5311100,3480800,2756500,8908900,10644400,699600,504800,5779100,5484400,11732200,1270700,9734500,3841500,2307700,2270600,1771600,49420200,4674600,970400,4273000,75891900,1087700,4866600,2345500,2282500,5209200,4929400,598500,983500,27488600,2359900,24810400,16842300,3162000,14065400,2783100
2022-10-19,61758300,3333300,3408900.0,18525200,2412600,5529100,1806500,10579200,75704800,1883000,1824700,47198100,710200,12702000,2803900,6321900,43139900,7840000,815400,3213700,7064600,15142800,2088700,2576800,70897600,1548200,5301800,31036789,1139500,5500400,1207600,6220500,19071700,4004600,9766800,2415900,817800,4634839,11731000,3127000,2611700,1347700,1305200,1416300,3058100,4718800,386200,1845100,6263300,54130000,12703600,3433700,8408280,7058600,2282900,10311300,23811100,2363800,12343400,4323000,1790968,5906600,2198100,33882300,5873000,10044600,17072000,1991200,10182300,1186500,2419000,2623700,5362300,26915000,1914300,3021300,3498200,4619000,30691000,260200,3084006,5930300,3627200,8546100,7429600,19985700,14786100,8579600,7281400,466853000,5102000,1342700,6921000,2132600,523131000,3660400,5506000,17116000,5200200,23054700,9993700,662500,5924500,4874800,3343500,5620200,6150800,599400,534700,4573700,6473400,5917800,1046500,16869400,3158900,2128000,1399200,1610100,47349100,3190500,1947800,3916100,66571500,1273600,5060100,2500500,2129900,4927000,4692900,594000,928700,29563600,1709100,17876800,11339400,2582500,20921700,1983700
2022-10-20,64522000,3880100,3962200.0,12651200,1970100,3621600,3165500,13287900,79552600,2058000,2515600,48795100,716200,23402000,4319300,4331700,39549100,8627500,820800,3916600,4851800,15421600,2953900,4425600,59658500,1509500,3436100,24537906,1777300,6456100,1709500,9203400,16830500,4798500,8871500,3300000,788300,8528018,8212400,2081700,4057700,1360900,1323900,1946500,2547500,3902400,439700,2079300,10085500,55568100,26954400,3652100,9609852,6384200,3002800,13579800,25323200,2382300,11097400,3959500,2851438,13623100,2487800,33247700,3664900,5659900,12207400,1942400,16905100,1345100,1761200,1781300,4095600,58751000,2463800,2410700,3989100,5723200,26356300,244700,3758908,9710300,2733100,7626000,7638100,21811000,15711800,13023800,5802900,172071000,13500000,877900,8278500,3323800,652398000,3185100,17600500,15403000,4314000,17715000,8168000,861400,4282500,4846100,3033400,7736400,5341700,480900,768700,3663100,4540700,7761700,1704800,15915700,4098700,2096500,1628100,1332100,117495700,3985200,3267100,4800300,117798100,1435900,6506200,2390800,2832600,5706700,4177600,928000,1000900,35523700,1832500,17572700,12754800,6537600,17649000,2327200
2022-10-21,86548600,5419400,4146100.0,9859000,3206600,3659300,2278600,11569500,95366400,3531200,2078000,55660500,1157200,26980000,11755400,5451300,54870300,7672500,830800,4995400,8690800,18783600,3483800,5311200,57281000,1881200,5947100,32882806,3395300,5886200,2508400,8335500,25035000,4919100,7971300,3607000,1387500,7548350,10193400,1763700,2789000,1605700,2344400,1581800,3168200,4237200,528800,2346200,11674800,55132700,27259400,6074900,10352529,7814600,2907100,14094700,32458700,3545700,17571100,3429100,3140348,7201300,4954400,53058700,3142800,8487600,20593300,2067700,15034100,1610500,3274700,1620200,3583600,27665000,3599600,3254900,5010000,9719900,46348600,373300,3997630,7471100,3074900,10297200,8149000,26299700,20199200,11161300,10170400,248891000,7976300,1054300,7256500,3678600,609494000,3781500,15652600,16716000,5071500,36575700,6394600,1914000,3971600,6780800,3260100,7490100,5793100,1224100,1030300,5422900,9088800,6621300,2082600,35351400,5225600,2364600,1740800,1562800,81050700,5865200,2836900,4198600,75713800,1005500,7706200,2896000,3161000,7582500,3401900,832000,1467100,51671100,5553000,18632800,18134700,3776000,22814100,2354100
2022-10-24,75981900,5139700,4452800.0,8118000,2201900,4817400,2141900,12005000,76305400,2883200,1856400,49531500,1758000,25287000,4299600,5177800,33765600,7845000,948900,3860000,12287200,14392300,2919500,3355800,51101500,1875200,3500900,30569977,2400700,5734900,2366200,6259200,18785300,7183500,7007700,5847200,1059700,4112011,8221500,2599200,2318600,1344500,1222300,1502600,2274600,4000900,355200,1358500,5191800,64717700,19179500,2857600,10913990,7133100,3219100,18575100,27176400,2232600,17108500,2937100,3470531,5610900,2282000,43831600,2430500,6855500,12624200,1369000,17416700,4454300,3375900,2013600,3704900,20117000,3184100,4125100,3274400,6487800,63563400,358400,4059344,8428700,2691300,11414900,8143300,24911200,15293600,9989600,7132300,133264000,8847100,866600,8328500,2190600,517457000,4207300,11489400,12902800,5316500,24972000,6946000,916900,3377500,8413900,1996100,6525700,6739900,623900,611900,7727800,16499300,5456300,2003700,27296600,4327100,1470400,1870700,1078900,69196500,5044200,1818800,4176300,100446800,1103600,5467600,2627100,4471300,7299200,4596000,885700,1994000,28844800,3645700,16154300,18806700,4027800,17024200,1356600
2022-10-25,74732300,5229400,6278900.0,7114400,1701400,3814600,2580000,10349400,85501900,2548900,2495200,50934600,1350900,18246000,3889100,6515600,37132300,8120000,956000,3171000,12578200,20085700,2545000,5489800,52082000,1650900,3983300,27008651,3025500,7000800,2130900,5804500,19165200,13822400,7280600,4108700,1402500,3999888,7687500,2796300,2781000,1634500,1052500,1411300,2385500,4173200,478600,2782400,7483700,66391600,15134000,3077700,15445168,6711800,3389700,25537500,40611400,1837700,21453900,2791600,3084433,5957600,3096600,32205300,4646800,5661900,11289100,1775000,28829900,2999600,2513100,1537000,3245700,17499000,3012400,2689000,6425300,7080600,38433200,542200,5997581,8282100,3139200,8747900,8173600,34775500,17313000,9216900,8649200,151007000,8639900,763800,10662500,1844200,505482000,6585800,9137700,12413500,5220000,23127000,6776000,1028400,7074100,5243600,2627300,6205100,6711000,833800,514300,7561000,10674000,5144600,2812500,18932500,3752900,2379000,2973900,1352300,58235100,6383500,2382800,5738500,96507900,1309100,8611200,2411900,7698800,11907200,4396400,735600,1759700,25496500,2659900,16362200,15051300,2774300,15719800,2065600
2022-10-26,88194300,4727900,4263100.0,8290100,1772500,4207700,2197600,8989100,79761600,3008900,2512300,68802300,1242200,29291000,3559100,29406500,41104600,9390000,1069200,3294100,22187900,16516200,3546000,3500600,58695700,1770300,3624800,34201191,2171200,8139100,2088700,6617500,20051000,7619300,6865300,4203600,1157500,5127662,9203700,2587300,2938300,1357500,769500,1278600,2014700,3848500,424300,2057500,13319500,86833600,19799800,3733800,12975572,8763100,3082000,19638600,88114100,2176700,17036000,2615000,4459277,5139000,2842400,37111100,3699800,6123800,11667000,1958600,15831400,2597200,2373500,1554600,2567200,24178000,5278000,3582600,5347400,6620200,82791500,398700,5535088,12132000,2476300,10374700,7733400,82543200,23511300,6247100,9087600,157141000,8648200,940900,18000000,1867300,532953000,3814300,10693600,12722000,5136000,21407900,6612800,1088700,5076500,4749900,3171700,7342300,5954600,720800,385800,6668600,9987000,5788500,2100300,18232500,4312800,1650200,1956800,1555200,65157700,4420100,2446900,6662300,85012500,1435200,12964700,2863500,4819800,15450000,3306600,646300,1266100,20328200,3869900,15010800,20754300,3707700,17383800,2162300
2022-10-27,109180200,6850400,4594000.0,6610000,1927800,2870200,2740500,6822500,83871400,2260900,3414500,129605400,987100,18512000,2101300,13754900,35261900,9390000,943600,4273800,7599800,15687900,7872200,3095200,48689900,1422600,5128900,41570427,2033800,8948500,1576600,4987700,18102500,5610700,9177400,2762100,2043100,3711458,8673500,3087000,3367400,2233800,982800,904600,2412300,3300500,499100,2015100,9687800,88421500,14606700,1646700,10105505,8881200,4727900,13842600,60710900,1998800,14543000,3041500,5043994,3993200,2611600,56305100,2770200,5390900,10727600,2298700,16026100,2338500,2347600,1513700,2457600,22885000,4725800,4145700,7152200,7547500,232316600,348300,4444934,11332300,2518700,12218400,6466400,40424600,27335800,7163300,7619400,146126000,8617900,1689500,28129000,1551400,583113000,3401700,7053000,12754100,5424100,20377700,6676700,817800,4371100,7072200,3394200,8937200,3981900,498500,904400,6420800,9524600,16821900,1755000,18298200,7106500,1463800,2563100,1764300,53975500,5216700,2334800,7425300,61638800,1268800,7050500,2212100,3325300,7946700,3488600,556200,4090200,20268000,2349300,14655500,16602900,4295200,18214000,2343700
2022-10-28,164762400,10812200,4757300.0,5768100,2306300,3008400,2633900,6388600,78198600,2924100,2613600,223133400,921000,23094000,3383100,7941100,31659100,11517500,862600,4627600,11131100,13457900,5161000,2973300,42739400,1420000,5613100,36719738,1658300,7293200,2369300,5055400,17978300,6761600,10773900,3065500,1712300,3743042,7250900,1782200,3139200,2213800,1084000,777200,2499400,3016600,456100,2885100,7594400,55777900,13156900,2568600,8648081,27665700,2693800,10459800,43697300,1677100,10736500,3243100,5191155,5965500,1779500,91695700,2901600,6073900,11859500,2880200,12888900,2249300,2942100,2045300,3292200,18155000,3644400,4647600,11231000,6263700,95928300,241400,4559870,9253700,2552700,11228000,7816100,40647700,19171100,9123300,6940500,99605000,6022400,1316600,15611000,2051800,521040000,2980500,8758100,13814400,6715300,27854000,6996400,939800,4179900,4278800,3561000,9418700,4566200,690200,852600,6360800,8284900,11482000,1469300,15772800,4509800,1454000,1588600,1509100,55833900,6658900,2017100,13902800,69152400,1388200,6776100,2761900,4771600,8455600,3505100,729400,3260200,31824300,2167800,14990400,13648200,3874800,28169400,1615500
2022-10-31,97943200,8604800,10733800.0,5885600,2364500,3253200,4104000,6875400,73274100,3033600,2513500,99251400,1342200,19259000,3042900,6212200,32565500,8955000,1037400,4626400,8635800,15600400,3786100,3297200,49289000,1835800,6690600,27599769,1610200,7121000,2192200,4878100,17793700,7401400,13281000,7312800,1638400,3328051,8814800,2400200,3237600,2941200,2108100,1131700,6653600,4138000,540400,2773200,6293500,54676700,13138500,1911000,10585428,14674300,4106500,13957700,31675000,2224000,9793700,4210900,4703837,4915300,2007300,59507700,2704400,7810000,13295200,1364300,14016400,2016100,4258200,1288200,3550200,18772000,3157900,3336100,5515400,6840600,121361400,524500,5174135,7711600,3158500,11043800,9087400,28357300,15932500,8273700,7480300,75051000,6426400,1089000,9492500,2954700,486341000,6662200,12349000,13646400,4877200,29961700,8346300,991500,5411300,3473800,3581600,6870800,5400200,759500,912900,4933000,7401100,10450800,1666000,16663800,5054800,2144100,1845900,2690900,47573900,5887400,2875200,8396000,61554300,2593500,6298800,2770400,2908900,8674100,4265100,845000,1575200,26630600,2275500,14000000,22572000,3934100,26401800,1899000
2022-11-01,80379300,6351200,15979800.0,5249400,1537200,2467700,4169800,6105600,83806700,2062600,1907000,153370000,872600,16324000,2675500,5758600,29913200,8722500,771100,3837000,7741800,15505200,2717500,2768400,52041000,1713600,3716000,24896311,1559400,5875600,1586300,4545900,12088700,7009000,9185600,3780400,2269000,3382421,7955800,3877000,2889100,2576700,3674300,918500,4960400,3887500,590500,3128500,5368600,47454700,16684600,2199500,9174391,10553100,8683500,10840600,47161400,2316600,9626600,3309100,4643573,3590600,5011300,44418700,2277400,6985000,13386900,1666900,10659500,1891500,7013000,1229700,3260100,15682000,3660400,2740900,4695900,8507500,110189600,503400,2549633,4859200,5767300,11079300,8195600,30592300,11729700,5410300,7684100,69164000,7250700,1303100,6799500,1792800,432817000,3586600,7753000,13011800,4084500,30614500,6428300,856200,4599500,3485300,5810800,5749100,6661400,573000,910500,5217500,6219600,5430600,2148900,11932200,3196200,2451000,1476000,4290000,48025700,5222500,2112100,5502400,62688800,1943700,4972300,3338900,2454500,5919500,3974000,1469200,1192500,22968900,1806300,22409100,14814300,3912800,22213100,2286200
2022-11-02,93604600,5345000,29191400.0,5196700,1727200,3480000,3166600,10650300,142669400,2637300,2655500,135761800,1471500,21070000,2851600,20236100,57380600,15147500,1061500,4269000,12423900,20306800,3150000,2718500,52525000,2190200,3991800,26980055,2564600,7680400,2464400,7238200,15308800,15502000,8087500,3134100,1719300,5104313,9583200,3506100,3061200,4902200,2591800,1053600,6772100,5641000,677600,2908100,8601300,73673500,20061600,2281900,10230221,9785000,4252700,13324200,57038300,3221200,10202400,4426400,4978955,5360500,4570900,51956100,2708300,6877300,16546100,1846600,14549200,2587800,3774400,1291800,4539400,21731000,3074900,3069900,6138500,11491100,71821100,870100,3063793,9000600,3994900,9503500,10907500,38407000,17302700,7119000,14402400,103676000,7176600,1111900,8858500,1852000,672628000,4138300,7524300,16178400,4970600,25813100,7318100,1124200,5729100,4691500,3682200,13936300,6787700,735100,2240000,5326000,7653200,5139100,1777100,11892300,4289200,3161100,1855700,2410200,49201100,4432400,1803300,6342100,63070300,2104700,6923900,2696200,2824000,6985600,4053600,1377600,1492900,30648900,2287800,29246700,15522000,6364500,20654200,2638300
2022-11-03,97918500,3850700,10099300.0,4873400,3225500,4897100,4020800,6849700,95279900,2779500,1703800,136683300,2524600,23887000,3960500,16212600,30046500,18565000,717200,3122900,5802400,16025800,3570400,2224300,63837000,2902600,3001600,31133886,973300,13209100,2010400,5999400,17895600,8406400,6607800,3770400,1627400,4596713,8978400,2499800,3132300,2340800,3096100,735000,5364900,5368000,831200,3720700,14922000,58782600,15062200,6053200,13947456,8261100,3164800,12128600,61288000,2515600,8436500,4823900,4937576,4442400,3604500,39678200,2341300,4819900,12474400,1711700,9194000,2396100,2602500,1291100,4187500,16563000,2860900,3225400,5458200,8159800,60664000,481500,2400252,5705700,3042000,9912700,6447200,36633900,12769200,6920300,11497100,70574000,6550300,1200000,6895500,1364600,500065000,2826600,6761200,12815300,3753800,20124600,5204000,1807900,5625500,3331700,3073700,24706100,14431800,725100,1115200,4141600,8855100,5370400,1767600,15764600,4163200,1563000,1908700,1553500,41249400,3886500,1471500,4937500,56538800,1307500,4555400,2245300,2671800,8236200,3218900,1485100,936000,22329800,2578300,17140100,10976400,4247800,17103700,8065500
2022-11-04,140814800,4623700,9717400.0,4902800,2496300,5738300,3304300,8692700,84791300,3402000,1788100,129101300,2038000,28891000,3322100,9396200,39369400,10967500,707300,3925300,5918100,15204100,4973800,2136500,51717100,2230400,3947400,30902347,2069600,10663700,1987300,14265300,19648700,9416000,7491900,7620900,1548500,3380503,11035800,1847800,4813400,2231500,2665600,1109100,5107000,8057500,776800,2915600,12529700,61489100,30363400,1473800,11558435,9103300,2856500,15089600,51124900,3172700,12184700,4401600,4376625,4178000,3173700,43051900,1895900,5300900,14953200,1875800,9725900,2948000,3004600,1481100,4623400,24227000,3414000,3256500,11234100,7507300,55638100,428300,2775438,5512000,2748400,8877600,6929700,36789100,18882700,7758900,11062800,111247000,12543300,1242000,14191500,1740100,612576000,3706200,7219000,16034400,3922400,24528500,5555400,1580100,3541000,2990500,3059200,11977900,7142300,748600,1012000,4247800,20194300,9053600,1774000,16764500,3542500,1588700,1659100,2001500,39458700,4970400,1772200,7357000,98622200,2524700,6689900,3513100,2400900,9680100,3204000,944200,1180200,17599400,3314900,27082500,14669400,3470700,17541500,4314500
2022-11-07,83374600,4304000,7972700.0,4903700,2170000,3980700,3038600,7684200,62722500,2926700,1828800,77495700,1367800,17687000,2918000,10220300,37533700,10847500,798500,3522000,6261500,11792300,3405600,2454900,46375900,1566600,3052500,28448247,1738400,6882400,2036000,7379900,21383000,5595400,7578000,20566200,1186300,2752884,11355200,1480400,4501300,2714600,1818400,1041900,3754800,4494800,517600,2339700,11146200,48176900,12396400,1711900,12864178,8989300,2178400,11526900,34078900,2526900,9744300,3260200,2834674,4043100,2081700,34389800,2107900,6621000,12011200,1955500,8849700,1575900,2560300,944800,2715300,18842000,2742100,3029500,6304700,6480100,81987300,408600,2289503,8277000,4505800,8644500,4599600,33498000,11411300,7008500,6176700,79270000,9094500,804500,8592000,1599000,410061000,3316300,5394300,17469200,3246100,20304400,6746800,1019900,2963200,5069500,3226700,7570800,5505100,598900,764700,3295600,10190200,5633700,1343100,19928100,5010800,1522100,1040000,1715300,39985200,5189900,1340900,5150100,93916500,5450700,4928300,2540300,2624400,7821300,3767900,838700,1560100,19697600,2523900,17713300,11364000,3983100,16008000,3940800
2022-11-08,89908500,4637500,7829400.0,5708200,2444000,4230600,2959600,10067000,75938000,6911300,2071800,88703400,1406200,20743000,3846000,11274500,32664300,7942500,1084300,3562200,4950900,16737100,3676600,2581600,53290100,1349300,3291500,23344360,3225800,5039800,1709900,9101800,17503100,5650000,6308200,8069700,1360800,3632386,27130300,1956200,2876600,2554600,1711400,1262100,3714600,3982500,544500,1604100,11552300,52731900,18453300,3602700,10052376,9344400,2869400,10946400,30429000,3501300,9019000,3371800,2791809,5042800,2934900,36258000,1589700,5148400,9884100,1485500,10081600,1520000,3278600,1221000,2880800,22260000,2387500,2628800,6804400,6772100,52088300,314900,2182461,6889200,2108700,8503900,4850300,28192500,14190100,5518400,11896700,76838000,7017800,652600,7861500,1862100,595292000,2999300,9104200,16029700,3724700,18054500,5266200,604900,2438400,4176700,2488600,9383600,6970600,701800,763900,3927500,9675500,5142500,1273800,15249600,3346800,1848600,1210400,1414100,43210400,4279400,2003100,3246500,128803400,19320500,5112300,2797000,2715600,6943700,3736900,552200,1356600,17392700,5087400,14842700,15068400,2892100,14661000,2552400
2022-11-09,74917800,4573700,4650900.0,5339600,1831600,2778200,2932000,6864600,62940300,3469100,1530300,90796200,1100800,23695000,2425500,8893800,30164400,8987500,539200,2759300,6168700,13299000,6248300,1558200,41664900,1278000,3368700,22251538,1769100,7069500,1640500,5588500,19311700,5047100,8021700,11129900,2182800,2478442,62029800,1605300,2742400,2413000,1844400,873500,3517100,5018600,480100,1485500,11904400,74199200,14161900,2257200,7961743,10316500,3667700,10526200,31769100,3047200,9982200,3071400,3225864,4720000,1676800,30544800,1761500,6150000,9494000,1471000,10115200,1165500,2323700,1383200,3007200,17040000,3001200,2610800,5483000,5584400,107677300,297000,2131750,5348600,2882400,10602900,5200800,27852900,19952500,4940000,8827400,72660000,6550900,601600,5763000,1601800,454414000,2979900,6013700,24783400,4723600,15348100,5690700,1037400,4043600,3119500,4702300,9581300,4301900,1256400,486200,3478700,6271200,4194300,988200,21809000,3404700,1740100,1731500,1147600,41838400,3797900,1061000,4848900,127062700,3967800,4800400,2672600,2687100,7320200,4125900,544200,1321400,17574600,4330400,18318700,15932100,3760000,19522800,3186200
2022-11-10,118854000,5607700,7343000.0,5907400,3121400,5502900,4114900,11692800,107996300,4083200,2781200,173414900,1063800,33970000,4701600,12375000,45702800,12905000,1795700,5693100,7615700,27915500,4590800,3264000,84559500,2063000,3828200,33641550,2417900,7543900,3098300,8777900,27190100,6308100,6981500,8582900,2370900,3764249,36968100,2886600,3601900,2564900,1863400,969500,4138200,2988100,725600,2386300,8648400,75638500,21126200,3783100,13786304,9397300,6696300,20197600,51620100,3790400,7807000,7794000,4620231,5389000,2863700,62943900,3949800,7877500,16351600,2734100,16804800,2683400,2994000,1601000,4837200,37191000,3255000,4510900,10557300,8601500,80671000,558500,3779001,12330900,2875400,9556000,10013900,46268000,24982500,9315900,11839200,96673000,9361000,1220000,14567500,2287200,700819000,4617900,10437300,18619500,6704100,20480600,8068700,1142100,3705400,5452900,3457300,11673200,6429800,844800,814700,4764100,10408400,12947100,2699300,13088700,5143100,2990900,2569600,2117700,46482700,5848100,1937600,6440900,132703000,3100500,9898200,3426400,3338900,8048900,2916300,1095800,2112600,23049000,4430100,23091900,20310600,4592000,20146700,4381500
2022-11-11,93979700,6786400,6864400.0,7106900,2620500,4110100,3966700,11160000,111709500,3255100,1915700,111590500,1107500,26728000,3714600,8894300,35688700,11070000,1278600,6570200,10478700,26009200,3585400,2717700,69889400,5494500,3160000,26125388,2723600,8662000,2393500,7382500,25961800,9174900,8428300,5615100,1519200,3976087,22373300,2804400,3286300,2057800,1320800,2411400,4345200,3072000,664100,2361300,7487800,60187600,22053500,4436500,12490513,11413200,6176900,13035200,33090500,3409100,8436700,4945400,4484635,5871300,2450600,49826500,3188300,11074700,10704700,1665300,18972100,2133700,6646300,3061800,4272500,26080000,3734700,4742800,4963700,6384600,59961700,323300,4101443,9820300,3390200,13342800,9119100,34620200,17579400,5730900,6814600,95738000,12597500,2267400,10721500,2772800,655487000,3558000,7712900,20663600,7390500,20909800,7175200,819200,3258300,4019100,5586800,9433800,5152100,951900,1031200,6937600,8294400,12172300,1913100,14725000,4638900,1999000,2042600,2213100,52519500,5988600,2422500,7576700,114403600,4107000,6911900,7034300,3851400,9601000,4438000,920700,2182100,22981000,3011900,18076600,19270800,5005300,20518900,4129600
2022-11-14,73374100,7077100,4951400.0,5661600,2493000,3464500,3045700,7761700,108892800,2812800,1628000,99533100,1738700,21608000,3666500,5598300,35541400,10392500,1183000,4637600,7574900,19631600,3217700,2028100,70950200,1973300,3243300,30706233,2023700,6163400,1820200,6580100,21091300,5018600,9722400,15961400,2035700,2705508,20598000,1723700,4782300,2412900,1155800,1344500,3046900,2992200,413900,1938400,6592300,57691600,14006700,2999100,7906367,7665200,3980300,14968900,30179500,2609100,8572900,6394800,3261514,5293500,2817800,39395300,2283600,6581500,11085600,1263300,16361000,1908500,4717400,2286700,4165000,23472000,2348900,3357400,4908600,5870400,53395000,371900,3127899,8145800,2839000,8958200,4873400,31123300,13988200,7904000,6629600,179782000,7134900,2194500,7794500,2300500,527852000,3993600,7153000,15592000,5633000,26143000,8516200,828200,2967000,5715100,3977400,6971000,5712800,727800,1046100,4942400,8521100,12606400,2775900,9089200,5160600,1551600,1363600,1356300,37316500,6371000,1458400,6535800,92226600,2824000,5447300,5238400,3082500,5796100,4593700,590000,1393700,23028500,2378400,13929900,37525800,4087700,20858300,2492800
2022-11-15,89868300,5909500,5357400.0,5262900,1960700,2948600,4912300,9438600,108946300,2763200,2152200,111336300,942200,23315000,2916900,7207900,46082800,10280000,851300,4372400,4696500,19839400,3371000,2057400,106425900,2121100,3495900,27835896,2024700,8300600,2502200,8116100,19318000,6569400,7747300,5575900,1701100,2886665,15801900,2038500,4625600,2266700,1144300,1922500,3685700,2786000,474500,1485400,6885600,61835700,15132100,5216900,7913108,7121000,3278100,12390000,41640800,3192400,8484700,9290400,2511811,4727100,2745400,40933200,2068400,9351000,14038300,1742700,13295800,1865500,4180700,3272800,5127800,22206000,2983600,5429100,4947800,5930900,50670500,324500,3008060,9262900,3580700,7965900,7336100,31390100,16325000,5594900,9158800,146269000,7242900,1902800,9238000,2402800,545876000,4436700,7618500,17099100,5153600,25440500,7732400,1160800,3110000,4242700,3785700,12470200,6670500,650500,752000,7506500,6410000,6709500,1799200,9513400,5905900,1692200,1413400,1596800,49339300,9634900,1531400,6421400,91293800,2545800,6601000,5103800,3105000,7316100,4765800,743100,1309100,25074100,2800200,19076000,76548600,4576300,19373800,2916100
2022-11-16,64218300,7358700,3681800.0,3292800,1607900,2123200,3294700,12082500,79968000,2443500,2400800,87958800,807400,25405000,2635300,4438600,23813000,7562500,806400,2970600,5250700,18052100,3062000,2472500,124544100,1375000,2799000,20782706,2684800,7365600,1833600,6454700,24939600,6940000,7941100,4158900,1101600,2493331,11137700,1699400,3645300,1464600,1366600,1862100,2820600,2505300,492500,1498500,5964000,47484200,12620100,2388400,7629328,6280300,3954300,12032500,29105200,2303700,5940900,5249500,2596161,3445200,2261700,35582800,1619900,5500900,7893400,2455700,14199500,1418500,3563800,1022600,8173100,30079000,2579600,4132700,6007400,4711100,33287800,279300,3837127,9891900,2758500,8757700,4368600,24093300,25901900,8444900,5144000,80386000,5998700,1066900,5841500,1321200,649547000,3569100,6011900,13155000,4701100,15822200,6193700,668200,3512600,2820200,3021700,9561700,4978700,523500,690400,4813000,5348900,6278100,1539900,13414600,5338500,1832500,1390800,944700,32155400,12943900,1133700,4687300,66567600,2506000,7664800,3430800,2713500,6125300,4649700,1256900,874300,18962200,2600100,14713300,32593200,3859900,13591000,2358500
2022-11-17,80389400,5069500,5181200.0,3332900,1555400,2740400,2587800,10682800,82320800,2172000,2144600,82617900,721400,20375000,2769600,4878600,23689700,12372500,781200,3062200,3875100,11962700,3256900,1950400,45732600,1616400,4618500,27760779,2399700,5735800,1902500,7357900,38887800,6427200,6550500,3660600,1284100,2439638,12306400,1983200,2755500,1437900,1198800,1868300,2742800,2745200,331000,1523300,5340700,54317900,13618400,1641100,7466411,5757500,2493500,26006900,26052600,2297600,7607200,3642100,2853347,3954000,2354200,31983300,1981400,4464100,8820200,987500,11212600,1520600,2929700,1401900,3507800,15369000,2004500,2467400,3296600,5152200,35093800,257100,2689804,7834000,3196800,8496800,4967300,23123500,14212300,8333900,5938800,98382000,5252900,950800,7628000,1206400,710894000,3087800,5717300,11624400,3920300,13231100,5186300,866700,3384300,2803000,2446000,7273700,5593900,538200,833400,3256300,5245600,6787200,1521100,9868200,4464500,1817200,1288400,1557500,36007800,9709100,1281800,6115200,64336000,1710900,5339800,4246300,2517400,5385600,2897600,569700,1048200,18780400,2407500,11350900,24791400,2881200,12425900,2816800
2022-11-18,74829600,5691100,5913100.0,3931800,1322900,3421700,4318800,10921100,73223200,2371700,2360400,72428200,1328200,14536000,2631300,4693200,32041800,7652500,626800,3395500,4943700,12884300,2868700,1874300,38882000,1909700,4060900,22841589,2074100,5727200,1584400,7555700,30843200,7294000,7661500,7368300,1590800,3062971,10011700,1244800,3680500,1648500,1133300,1585900,4213500,3567300,382500,1870100,7599100,37101900,9136200,1845900,6555521,7276400,2981100,22849200,28342300,2384500,9446600,3559300,3156157,4661700,1590600,27122200,1579000,6555700,9468500,1121600,10415600,1257400,2420900,2160300,2912500,17363000,2737700,2699200,2763700,4973200,33357700,315500,3798616,9640900,3783500,11626300,5450700,27613500,9703700,6664400,6156000,84001000,5498900,863500,6026500,1600100,492072000,2991800,6107000,16252800,4498100,20666500,5671400,732400,3336800,3833900,3696400,6436600,3996100,496600,705500,4073300,5964800,7540900,1394800,12140200,5202900,1507700,1962900,1447100,34211300,6860200,1228400,3756500,76048900,1992900,5474800,3566000,3003000,8028500,3388300,652900,1172400,17821700,3805000,10515300,18987000,2922000,15415000,2410500
2022-11-21,58724100,6492100,5145700.0,4148800,1308100,3219900,3150700,9282400,51536300,2795100,1682400,84330300,735300,18622000,2003500,3501800,27935700,6997500,656800,2862000,4082200,9884100,2522600,2105800,38776300,1930700,4228200,21108354,2520100,6573200,1268300,8015900,17049500,4842300,8432900,5112200,1326000,1762387,70273500,1571700,3314500,1846900,1421900,1460500,3054200,4734700,415000,1227100,5784300,34087100,10425300,1385200,5247691,6347900,3096600,12281900,21647400,1877500,14297100,4069000,2489637,3476200,1994700,36086800,1805100,5706600,7800500,1082600,15399400,1065700,1999200,1730500,2326400,9349000,1965100,2974200,4204400,5824700,24351100,307400,2575586,7644700,5107400,8899300,4667100,26394700,9968400,6593800,4503400,72565000,4774800,861500,6676000,2644800,404739000,2831100,5235400,21673000,4397600,14736000,6377200,508900,2992000,3271900,3047200,8204200,3324500,447100,502900,3271700,4499200,5858500,1583000,18814400,4837600,1315200,1830600,1263500,31911400,5493300,1329600,5312700,92882700,1955100,4702700,3349600,2465600,10450900,3927500,366600,1149300,19184200,2266900,11656800,21157200,2876400,20973000,1998900
2022-11-22,51804100,5351100,5951600.0,4511700,1417500,2573800,3286800,8497200,55450200,3636000,1562400,62192000,1412700,18920000,2124600,4370600,23499300,8177500,605500,3172000,5299300,13132000,2523300,2331500,36685900,1519300,4288800,27532228,1558500,5604200,1809100,7017700,16367800,4904600,9018000,3578800,2195200,2042582,25753700,1799300,2334000,1509400,2038700,955600,2571500,3386300,427900,1568900,7653600,28738800,11848000,1457300,6797569,7357700,2718000,8394400,23438500,2019400,14076500,6054700,2669900,7062100,1518600,25584100,1369100,4707900,9185700,1380300,12319600,1010400,2460400,838400,2845700,14115000,2510700,2770400,5455100,4077900,29029000,266300,2101492,6068600,4314000,8295700,3804100,19665700,8955700,4105500,6372200,62451000,5313200,635300,6877500,2507200,472866000,3128700,8796200,15944400,4109600,16358600,5372900,677700,2306100,2862900,3494100,7010200,2827100,406300,459100,3031500,5398600,6901000,2046800,8969800,3760800,1541600,1405100,982300,33771000,8887400,1503600,3234700,78452300,1714200,4673500,2567400,2210300,5273100,3134400,567000,1461100,19809500,1885700,11684900,16898400,2625200,17719100,1628500
2022-11-23,58301400,3221100,4337600.0,4617500,1229100,2240800,3323000,4077500,81623600,2875600,1210500,59414700,1150800,13964000,1404400,3523500,18934700,6360000,489000,2684900,3264300,22863300,2311300,1273100,44422600,1542800,3861400,19089057,2087100,7482600,1288200,5558900,12065600,3359600,5831200,3608800,5080300,1747723,15503200,1207300,2726000,1574800,1274200,656500,2901000,2342000,284700,1401600,6215600,25974200,8632400,1758000,5867738,4680500,2379300,9097000,18868100,1865400,7527400,4243400,2850589,3658200,1347000,23143900,1532200,5389200,7316200,1401000,8990400,954500,1993000,1020200,2593800,8235000,1937300,2514800,5039200,3235800,21343100,263400,2810241,5192400,3941400,5749600,4961400,19508500,8996800,4259700,6395600,59190000,3873100,553600,5204000,1233200,427241000,3283300,6347900,12375500,2511000,10710800,4296000,801500,1585300,2979700,2662300,5481500,2242500,406200,376900,2172300,5944900,4386400,1380500,10463200,3900000,1116000,2137500,1095600,21486000,6499000,823600,3026700,109536700,1170700,3939100,2238300,1583500,3807300,2878200,333600,1042800,14170000,1577400,10878500,16920600,1947100,11546700,1445900
2022-11-25,35195900,1661900,2245100.0,2558100,677900,1197800,1252000,3012500,26018900,1220700,566500,35088600,299700,7455000,665800,3476900,16118500,4220000,301600,1844900,1313200,6823600,1034800,1003500,23780800,921400,1388800,11535230,1086700,2547800,744200,3023700,8492600,2464800,2796400,1702100,1135500,979442,6664300,431800,1275700,781300,553400,464000,1324800,1430800,130500,628900,3381200,12980900,5219800,445300,3040207,4028700,1319900,4615300,9701400,1129300,2930400,3393500,1188214,2075200,817700,11314900,788100,3058600,3220500,624400,5165500,458500,1039100,321500,975700,3789000,944400,1596600,1753400,2212200,12007600,103900,1055350,2734800,1588500,3163700,2450100,9200800,4360500,3622200,2673200,32360000,3426100,254400,2007000,578000,167934000,1691200,2754900,5426500,1837000,6760200,2411100,344400,1341300,1299000,1409400,3153800,1075800,229200,287700,1313200,2320000,1683400,403900,4951900,1435600,548200,763500,413000,13782700,2454100,549200,1481200,50672700,939700,1586400,1419200,912400,1993500,998200,170400,713700,7725700,956600,4913300,8777400,1193300,7136000,889500
2022-11-28,69246000,3902800,5133900.0,4149700,1253100,2314800,4529100,6382700,45383800,2375900,1367200,74943100,932100,23505000,1782900,5355500,35428300,8285000,480100,4230700,3661300,18987100,2862100,2629100,32078200,1989800,2511800,20547539,2296500,5648600,1684300,7931700,14976600,4585100,9365500,6469000,1974800,2643242,13660000,1818200,2283800,1332000,1200500,722400,3934600,3581300,595600,1723100,10027700,35249700,10420000,2656900,6876058,9253800,2930900,19395400,26237500,2232200,8653200,4733700,2803799,3538100,2261300,28267900,1406500,6183100,9906900,1413600,12267500,2881100,2481300,939000,2202300,11824000,2226200,3160500,4810500,3755200,23309400,252700,3317106,6760100,3413400,9524500,6147700,24778200,15512600,6464200,9250700,47034000,6967400,490600,5231500,1735300,303741000,7739200,5112200,13366300,6411400,20704000,6628200,1345500,3910600,3623700,3598700,7087500,2537600,570700,461800,4662300,5257300,5833900,817000,15397500,4907700,1735800,1946400,994700,27780200,5328900,1822700,4909000,92905200,1387600,5358800,2699900,2043000,10229400,3393000,658200,1113500,21560900,3256700,12492600,17674800,2197600,23015500,1633300
2022-11-29,83763800,3689000,3694000.0,4832300,1055000,2392600,2044500,3450400,51846400,2135300,1848100,65567300,954600,12694000,2655700,5077800,27048800,7117500,698400,3740100,5548500,12224700,2277900,1789500,46085800,2131500,2499800,17636230,2123500,4909700,1685700,6398100,13779300,3428900,6985400,3895500,1643100,2438059,13205300,1422100,2127400,1330200,1059300,894300,3414700,3974900,401500,1073400,7992500,28380800,8912700,1662900,7205262,6155600,2936100,10582400,20061700,1746900,8222100,3505600,2229904,2754700,1414100,24361500,1497600,6700500,7925300,813200,10969600,1888300,2207000,802600,1980900,9030000,1724200,2873500,2624500,3673500,23899200,213700,2228268,6897200,2921500,9352400,5307100,17956300,12874200,5398200,5953400,57869000,8494400,385500,5098000,1459400,298384000,5291900,4928200,12701700,4375400,17160900,5634200,1115900,2635100,2859700,3854100,6277600,2676200,515100,384400,2916100,4423900,6043100,1239100,10809300,4408600,1765200,1676300,881800,24088000,4771300,1195600,5339000,83357100,1522700,3134000,3751000,3671400,8986900,4075800,501800,1380400,14008800,2401800,13344900,13841700,1873400,14453200,1767100
2022-11-30,111380900,12342500,8387500.0,12737300,2767100,4979800,4346800,11167000,88468400,5776200,3889200,102805800,1901100,47349000,3914700,6778700,51747900,11102500,2757000,7919700,9665300,23993100,3850000,5632400,65648500,4833900,5816100,38620812,3865100,8484500,3601800,14591500,29919700,7858200,10936700,9257300,2397200,6479458,15368100,2598100,6052200,2809700,4354900,2586500,4132900,4615000,781600,2788400,13045600,61537300,23334200,5014500,11654259,14657500,15812000,14805900,43647500,2964100,13149100,15106500,4960175,6377600,3504400,72072500,3377200,13288000,14761200,2795100,30433900,3115200,5556400,1470000,4701600,22328000,4252300,5196500,7850300,8415200,43348600,673200,6973398,11309500,7568400,20305800,10520600,47594200,31461400,9739200,13739100,160701000,16251000,786500,10441000,3562100,565298000,7034600,9610300,13850000,7915600,35572700,12396800,1660500,8839700,5873600,3987300,12776700,4226600,1824600,1266500,6191200,15000800,10237600,2873600,19230300,8262100,2503100,6468900,1819000,59293400,10392200,3132200,7464500,109186400,4514100,9780300,9688900,7146900,13918100,8274300,860800,6633400,31358800,9642500,26417000,31338000,4911400,23158100,4194100
2022-12-01,71250400,5827800,5040300.0,5076200,1767200,3365200,2846500,6976200,59833400,2914600,1708700,68488000,995300,23006000,2670300,4517500,46213200,7297500,1103900,4351600,6277900,19797600,2504700,1718700,52863100,2181500,3507100,22598420,3246400,5285100,6970400,33721500,18559500,5047600,5217400,6435300,1747400,2243818,13855700,1564400,3329800,1806200,1593600,900700,2893200,2956900,474200,1486900,7897000,45335100,12098000,1562500,6806718,8220500,3802900,12335100,28687100,1706300,6426200,3830100,4233814,4495900,1745100,38896300,1870200,6282600,8858500,1838000,12001400,1420000,2516100,913600,2735100,13779000,3374700,2599600,4118200,5846500,36551400,348600,3156005,9115900,3243600,10110500,7310400,26041500,21764200,5830700,10497300,146649000,7822900,568100,8899000,1409100,470977000,3923000,6127200,9247400,4683300,23592600,6927400,1028000,2784300,7797700,3214200,7924800,4022300,670000,650900,4084200,7452300,6122000,1061000,8152900,4807100,1848600,2677900,1978900,31615500,6758800,1423900,3812600,80046200,1586900,5479900,2997800,3934700,11261500,4563400,638400,1549100,26276600,3345700,15980300,22732200,2520300,14398300,2367800
2022-12-02,65447400,4304900,4128600.0,4944100,1744500,2741800,3492000,3903300,64377200,2267000,1354400,72496400,1314200,19320000,2285400,10563800,42295300,6760000,1142800,3025700,7148100,12745400,2218300,1734400,48326900,1301200,2797000,27538203,3193400,4879700,3632100,15086700,12325100,4478900,6852300,4440700,1471200,2042357,12608100,1610600,2097700,1233200,1703600,630300,3736500,3932500,524500,1861700,5736200,42417400,15008700,2060300,7191459,6730400,3125800,9224100,21480700,1932300,7488500,3644100,2328152,2900000,1171800,31546000,1629100,5823900,8931900,921300,13643500,1200800,1925600,1744400,3242300,11022000,2015500,2807500,4036700,3798400,39950500,298600,2178992,7653700,3889000,6943600,5197800,21528500,15946500,6316900,8205500,126906000,5892000,843500,6224500,2277000,371389000,3357300,4798900,9092400,3547700,16881600,4938300,893700,3014000,5847300,2676000,6122200,2948500,441400,887400,4339700,7916900,4227000,1769300,9378600,4003500,1738100,2026400,1192100,33479600,4776700,1014400,3046600,73645900,1857800,3822900,2346200,3661500,5132800,5488000,528700,1094800,21677100,2195100,29820400,20733000,2811700,15248400,1946100
2022-12-05,68826400,4859400,3601500.0,4687100,1800300,2542300,2496000,4692500,47022200,3274700,1454200,71535500,1192300,18548000,3013100,10456300,71386600,6975000,1100300,3835800,5236100,20397500,2064500,2051200,52424100,1476900,3160000,34945530,2937200,5478700,2455300,20294600,13795900,3645300,8162200,5548200,1467600,2464906,10764500,1475000,2212500,1745200,1083000,714100,3202400,3817500,345200,1313000,8675600,39714500,12200500,1560700,7568656,6811400,3119000,7633200,24405100,2329600,10768400,5057300,3265546,2784600,1841600,34040400,1504900,5120600,10154500,1236400,9185100,2145000,2296500,1357200,3308400,10886000,2202500,2586900,3433600,4190000,35474900,426200,2563148,7451700,4945600,6961900,8272500,23435300,13806900,5511700,7320500,84230000,6220100,671100,8584000,1786600,352255000,5078700,9102900,15275500,4083200,17959800,5402500,659700,3170000,17092500,3015200,6091600,3809600,531100,741900,4532000,9285800,4943200,1431600,12047000,4281000,1455800,2143900,1028200,28698000,4443500,1824100,3103800,93122700,2042200,4875300,2424800,5004700,9006300,5081200,591700,812900,27561000,2978900,32574600,23608200,2151400,19287700,2087400
2022-12-06,64727200,5480400,8380900.0,4175700,1920300,2182200,4255100,4571700,64965200,2608800,1672200,75503600,1295700,19655000,3285100,8236900,84085700,6570000,841000,3877400,4515400,22160800,3633800,1691200,50508400,1300500,3020100,24498747,2485500,6498400,2995900,16981800,15443800,4060200,8765000,9698900,1015900,1928880,11492400,1199100,2828800,1943900,1268500,1380600,3281200,5031900,377800,1567700,19809300,39996000,14971800,2064100,9444207,6760500,3194800,12775500,24910700,3081900,10399600,3341500,2672022,2847600,1871100,27701200,1477800,7943500,13966700,1171300,10099500,1242100,1971000,1076500,3627500,9253000,2353300,3573000,3428900,4819600,43689200,258300,2295722,7721500,5049300,7458700,10424700,22463700,17988000,5027700,5537500,71954000,7086100,576600,7368000,1644800,352694000,5584400,7656100,13006900,5835100,21787100,6866700,701500,3256000,7233700,3627000,5968000,4813900,502000,638100,3809700,8383000,4989600,1150600,12311000,6586400,2218400,1538400,968200,45858100,4864100,1969700,3161700,92150800,2180400,4417900,3097700,5598200,5986000,4494800,484300,1064400,26293700,3516500,25961400,20625600,2526600,21197000,1964800
2022-12-07,69721100,4637800,12640500.0,3592400,1861600,2055900,6140700,6383600,59180100,2492600,1624800,68086900,1130700,16524000,2879800,5871200,49234100,10385000,877800,4130800,5077100,20233400,3044000,1947500,52196200,1951700,4032600,24214498,2441100,6099100,2072600,12915900,15171700,4824500,6936300,6346400,1433800,2225657,10353400,1352200,2635600,1489700,1210200,1634300,4378700,4510300,346800,1798000,14466700,36609800,12273600,1500200,7801715,8861700,4279600,11613800,31045400,2128200,15603700,4038200,3165494,3971300,3043800,28239900,1195600,5702600,11739400,828000,12307600,1849300,1629100,999800,3999300,11129000,2454300,2766400,3014200,7222700,29461100,227500,3230994,6189800,5190200,8270400,7066700,20481500,11367300,5108800,7350100,78216000,5751500,583000,5061500,1829900,372388000,5196200,5105500,11757800,4241700,15929900,6175500,685700,3381700,7894400,2817100,5427100,3118400,565800,847600,3220500,4194300,5911100,1285700,9700900,4855000,2318300,1770000,1170800,45381000,5222800,952000,4646100,84213300,1885700,3242800,2849100,5124300,7923800,4990400,603500,871200,23065900,10394800,24114900,17550300,2659400,20061700,2444100
2022-12-08,62128300,4274400,6115700.0,4607700,2046000,2065800,3735000,5493200,56734100,1769800,2465300,73305900,1059100,27514000,1632400,6707700,45491100,7852500,625800,2351700,5930100,15622200,2189400,1914300,37881700,1039500,2672300,19201199,1769400,7720400,2901000,15156900,16015800,4063500,8076600,5615000,1200200,1974451,9351200,2221300,2065900,2259600,1059500,604500,2718800,4767200,360500,1323200,9186700,32376300,12677600,2229500,10334231,6392200,2912800,8622500,32213300,1967800,8834000,3483600,2301840,2665700,2133300,28486100,1431600,4798500,8907300,1130000,9946200,966900,2090900,762200,3150200,12370000,1998600,3022700,3677400,5929800,30619400,312800,4527219,5850400,4547400,7354800,6141400,22611800,13609100,4281700,4621500,72053000,6192800,378700,5162000,1298300,515456000,3862500,5918700,13268600,3800800,26116800,5187100,537700,4759700,5086400,2899700,7347600,2194800,588900,542200,2780100,5465100,3898800,1153900,9367800,3668000,1976400,1160400,1993800,45761100,6358500,1160400,7332400,97624500,1558500,3902700,2272300,3109600,4896500,4984300,559500,1147900,19549100,3756800,17161400,13512600,2160600,21128800,2267500
2022-12-09,76097000,4644800,4405800.0,5346400,1827200,1969200,2552300,4705700,59058300,2205700,1646800,67398500,1150000,37028000,1761200,6359000,36985500,6050000,549000,3326000,7863600,14030600,2257000,2415400,37684100,1323600,2516700,19224032,2474300,6385700,4211100,10287500,14303200,4383000,10754300,7960300,1340400,1913652,10111900,1294000,1998200,1985500,1282300,873100,2579600,4152400,423700,1069000,5334200,41553600,10601800,1475000,8899117,8276300,3100900,8865500,28225400,1588800,12705900,3738800,2397860,3047600,2155200,25641300,2102900,4561000,7957800,1380300,13914900,1262900,2787200,856400,3226900,9542000,2301100,1677400,3210400,4819200,26033400,230400,2792540,6183800,5379700,9667800,6488300,20609700,9932200,4460300,9182000,143640000,5677700,589600,4192500,1239700,465338000,4418000,6850800,11979500,3116100,19933500,5868200,504800,2515900,5723600,3212200,6036000,2024400,508500,663800,3328400,7999600,5098400,972700,16079900,3466000,1162600,1502800,1251900,29815600,6594700,1157100,6986800,104872300,1656600,3966700,2852400,3487100,4928400,4975100,911800,1007700,20671200,2779500,16023700,27929400,3793100,21298200,3274900
2022-12-12,70462700,4109400,4664100.0,4752500,2429900,2914700,2132700,4831400,60968300,3427400,1847700,61999800,1163000,23416000,2773900,8098400,41060500,8375000,701300,4366700,6350500,19045100,2709200,3033400,44353700,1566500,4774600,31123430,2438500,5636500,2276400,11852400,15425300,4724200,9364900,7001200,1591700,2310031,14140700,1953800,2734900,1666800,1511100,769500,2869500,4307700,336100,1518000,5326100,35473800,9557200,2461600,7480054,5968400,3372200,13873200,29420000,1750400,11083600,4900200,3551167,4032800,2226700,35117900,1887600,4882400,8841600,1555800,11647900,1246900,2639200,1129200,2719800,12138000,2427100,3230500,4293000,6225000,24747100,389400,4637849,5527600,5812600,10956600,7496200,30665100,13250600,5348900,6633600,101486000,6426000,540500,7379500,1266100,457328000,4943900,15807600,12659500,4691400,18532200,6142400,754800,2467900,7695600,3692400,9008400,3139400,843100,676300,4578700,5796000,6803900,1402700,11416900,5793900,1698000,1814000,1079700,31333500,5570200,1163000,4053900,109794500,1770500,5347000,2714100,3214500,5941700,5807300,679300,1401800,19629600,3023800,18428900,19432200,1967300,20413200,1851800
2022-12-13,93886200,5050400,7378900.0,6246000,3516800,3428000,4842800,9557300,72458000,3871300,2179100,100212000,1075400,40414000,3110500,10975300,54804800,10472500,949800,5042800,8670700,25655400,2945200,2895400,62156900,2003900,3760500,30258306,1680400,6285200,2626700,12579800,22705900,6061800,7838800,6679100,1675500,2943516,22882100,2243300,5581400,2416600,1073900,1059400,4060700,4376100,618700,2038900,8747600,57872100,12513200,2754300,12391318,8462200,3818600,12154500,40593700,3062600,14566200,5787700,3660238,8811500,2295000,58546800,2938200,9177500,10025400,2221900,17521600,1969400,5032600,1730900,4168600,15369000,3072200,3390100,5413200,6992100,44701100,862300,3895252,14083500,4260300,15836900,10330500,42196900,14210500,7179500,8143600,107564000,8655300,853700,9725000,2056000,656589000,4250200,22812200,13408900,5634900,29461800,7680600,1047300,3754500,8753300,2984000,9712700,3967200,671200,1354400,7098700,7066000,10448800,1312700,11659700,4377400,2386400,1961200,1716700,54142100,5808900,1867300,10037600,175862700,2530700,6951000,3369700,3863700,14585000,3828800,922200,2006200,30176800,4433500,31496000,23408100,3171000,24305300,3655900
2022-12-14,82291200,4485400,6737800.0,5614900,2552200,3236500,3048300,6429300,67278000,3795000,1902800,70298000,1191700,35218000,3556200,5814900,48819500,10037500,549200,4056900,7322100,16587500,3513800,3730900,57877700,1217900,3692000,36185598,2426500,5927000,2145000,9611800,19050400,5129900,7045500,7844400,1767500,2940358,11505400,4600700,4468700,1477000,1148700,874400,4101200,3721800,553600,1616100,7271200,51199900,11163700,1611700,12271899,8643500,4062800,11964600,28733600,2519700,9942200,4546000,2701200,4205900,2237600,37141100,2945100,9533600,9966100,1557000,12826700,1824800,5095500,1071800,3727700,12108000,2587200,2660900,3707500,7986500,36922000,659600,3702457,8636300,4257800,10788300,7704600,35410900,11235300,6111600,7553900,75433000,7528500,575900,7478500,2064600,496888000,4750200,11183100,13390400,5392500,36260300,7385600,697000,4141400,7866400,2646800,9444100,4581300,563200,1014500,4939100,5624000,8753100,1742900,10212200,5043500,1779900,1711400,1207300,44027700,4749300,2079900,7511800,140682300,1675100,5114600,2654600,3188900,7001700,3607800,837200,1402500,23329800,3234400,22044400,20334600,2551600,17597300,2182000
2022-12-15,98931900,5268300,5332000.0,4947800,2870000,5498700,6069100,6773500,58557000,3200400,1693100,84802900,1014800,36876000,4282200,5343200,49027600,8557500,566500,5103900,8374400,20201900,2953200,2844800,52117200,2013400,4021200,29568277,1721900,6400900,3437700,10807300,19372500,7073200,7272900,6976800,1561900,3418968,15957700,2626900,3631400,1686500,1375900,1250200,4251500,3565400,583400,1892400,6088400,55725300,11046700,1802600,15598294,9898600,4681400,11293600,40107000,3163700,7296900,5056900,3417905,6687000,2023900,45682700,2590300,7602400,12087800,2091600,12212300,1882800,3437100,1067300,3373900,15531000,2774900,2735300,6190000,7717300,34531000,383600,3990454,8019700,4255900,9871400,8795200,35560400,17785000,6469100,7637300,177246000,7500700,483200,5811000,3334800,478542000,4543800,8196800,10737500,6127800,21627100,7117200,740800,4284500,4969000,2445400,10207800,3974000,622400,685500,4843000,7244400,7854500,1324600,11048100,6068900,1928300,2007800,1421100,47277400,5929500,1366900,6130400,122334500,1775900,6007300,2963800,3478300,10831800,3233600,611000,1008900,33007200,2512500,16766600,17514000,3265700,15365100,1947400
2022-12-16,160156900,18905500,6830200.0,7976100,6532500,11940700,6084100,12925700,62438600,8789000,3724100,146144100,2425800,49549000,4510600,7906800,61795200,20197500,1697100,8305700,12154700,26955400,7610700,4387700,43358200,3188400,9426200,73475967,3124500,17422600,4909200,15464700,66125400,11126600,23876000,16155700,3097300,5657822,26383900,5083600,10623600,4312600,2270500,2903800,5704700,13516600,1426500,3378400,18680200,118345700,29060700,3383700,15978540,28313000,8126400,27530500,58011800,5008800,12321000,9615000,7563339,9834400,6124800,81104200,5296800,18841800,21133700,2360900,33631500,3857600,6612200,2590600,9543500,17715000,5947100,5932500,9412500,17584900,67064000,557000,9089361,15186000,14691100,29465900,17262000,86102000,22951400,16949300,11664700,140800000,14083600,1429000,9362500,6122200,478232000,10962300,19200700,19373100,15708100,65689500,19966400,1201300,13002600,11412000,7235200,12733900,3820600,1803000,1460600,7610800,13862300,13857700,2295300,22945200,18469900,3919600,4511700,3604000,76412500,12375900,2336400,15119400,139032200,3206400,10423600,7109100,8241400,12472900,6945900,963300,3091400,62763800,8289900,29836200,40343100,6745300,54596600,5216000
2022-12-19,79592600,4033400,4717100.0,4352000,4147500,4086300,3337000,6162500,46246900,2679800,1401700,83531500,835300,25092000,2546000,6605400,38374100,6962500,606700,3842200,6134700,18019100,2622400,1842100,41998400,1041400,3440300,25314575,1366900,4991400,1939200,9441400,17986300,5159100,7131600,7089700,1327700,2898960,19225300,2022400,3628800,1606700,1141300,783000,3527500,2410400,409800,1466000,6261000,88062500,9245700,2783800,7061125,5834800,4570400,12248000,29493000,1646700,5394100,3000600,3278278,5282900,1674100,37662500,2004200,5736000,9017200,1122800,10919700,1254700,2658400,929700,2442400,10645000,2457300,2160800,5084800,7117200,29769900,407100,2918360,7887600,3408900,6949500,5129600,29696400,16470000,5681100,6277700,61637000,10620300,783700,6984000,1676100,354039000,3610900,7738800,10057700,4447800,16081900,5881800,676200,3339900,4467700,2451200,7720200,3762600,502000,564600,4732700,5771100,6478200,1026100,7447000,4358400,1368100,1476500,1377100,62216900,3914200,1053400,5643700,139390600,3426100,4507000,1808100,3690200,4893600,3260800,655000,1658200,26127200,2413200,17454200,15067500,2150300,13611100,1833700
2022-12-20,77432800,4221000,7325800.0,3673000,3102500,3873600,1975400,4761800,52431300,1609100,1307500,74348300,779100,29831000,1607800,6156800,35561100,6132500,590100,3090700,4403200,14412700,2649900,2315600,49501000,983600,2831900,34072511,1770400,5538700,1993700,8455500,15086200,5301200,6199100,5518300,985200,2862187,14918400,2170600,2394300,1181100,1340700,675000,3678300,2381100,422900,1441200,7406600,82057900,7608100,5451400,11196647,10999000,8326500,10934300,23453800,1623000,9059000,2632200,1990330,5156500,1639300,31863300,2056600,6174700,8549900,903400,10286500,1312900,2276000,1014300,2372200,9097000,1895900,1785600,2666600,5718300,28742500,304400,3471988,8395300,3520700,8022000,5206800,25150800,16942000,4811900,6202500,69181000,17147900,642000,4774000,1727800,403260000,4438400,6390200,9925600,3249000,12433800,5646100,554400,2738400,4261400,2442300,6260200,3424500,551400,473100,3907000,4533500,7110700,952800,11496100,4940700,1146300,1288200,1345400,40922700,3953200,988600,3925300,159563300,2379000,3777600,2086100,3062200,5024900,3156200,683000,1287700,24147300,2380600,25415400,17009400,2208800,14680000,2045900
2022-12-21,85928000,3707200,5594800.0,3228600,3580100,2583000,2399200,4889100,44167600,2057000,1410200,59267200,860600,25619000,2107100,9175400,32544000,6275000,652200,3264600,6220000,22492300,4143600,2338300,77709700,1283200,3025200,24542387,1871700,5433000,1462400,9313200,15599400,6278400,5479400,3962500,1220500,1852402,11004800,1623400,2269400,1615100,1039200,721300,3541900,2687600,343000,1331100,4721800,49256000,7266700,7904800,12127441,5320700,4221800,9959900,24745600,1923100,7662700,2610400,2785337,3793700,2415700,28100900,1626000,5472000,8051700,1125000,10411300,1723800,2211200,988300,2345400,9464000,2087000,2366800,3209500,5608500,20392800,369900,3083408,8372400,3226000,6640900,5422400,23690600,20400800,5356200,6265000,63762000,32777300,518600,4816000,1888300,325025000,3845700,5932400,11611900,4236900,12925000,5024700,569400,3482500,5615900,2471800,5843800,4706000,532500,642900,3610000,5566300,7123500,1046500,9019500,6730000,1335300,1229300,1113600,42316200,4109900,1208300,4327400,145417400,1657000,3632100,2182000,2833000,4086900,3040100,637200,1539400,24504300,1777300,20170800,13726500,1774600,13565400,1647500
2022-12-22,77852100,3606000,5643100.0,3311100,2276200,2319300,3310100,11326600,73917700,1979100,2212200,81431300,953500,27553000,2901100,6924800,30234400,6317500,623200,3560100,4236600,24476100,3129900,2563300,64849100,888500,2548400,33027171,1900200,5295400,1906100,9968600,23118500,5384100,5755000,4147400,1223600,2079017,15487400,1957300,2312200,1335300,1019800,652400,4534200,3011700,350600,1124900,6052400,75158700,11351300,5122100,9730074,4698800,2735800,20227800,27658300,1528900,8713200,3064400,2355420,3337100,2160400,47478300,2015500,5709100,8648200,2075700,9666700,1202200,1958100,1520700,2414800,31757000,2276100,2366700,7644500,4856700,23618100,489600,2617326,6709700,2699600,8373700,5635200,28651700,40959600,4491000,4673600,78562000,17147600,434600,6415000,1369400,565045000,3204100,8181400,12991200,4304700,14822300,5904900,623700,2467600,3112500,2287700,12051400,4268400,506300,449800,3165000,4756900,6124600,934200,7574500,3546000,1081600,1455300,992800,32615000,3962100,1103300,4692300,210090300,1856500,7188700,1851600,2626400,5690300,3035800,660100,1189200,26865300,1737900,17382700,13082400,1870600,13213000,1541800
2022-12-23,63814900,2685100,3057700.0,2618400,1213300,1629800,1406200,4753500,45923000,1465500,1146700,57433700,544200,13761000,1671800,3983600,21378600,3945000,363200,2460400,4026200,15143800,1959900,978400,39623700,618900,1488500,13213408,1312000,5001500,1229500,5821300,9554400,7307000,6079100,2855200,735600,1236739,11171600,833600,1803300,844700,1025100,711000,2977700,1678400,214300,908000,3317900,38200700,6598000,3035900,5286213,3955400,1477500,10619100,23003000,1062000,6041500,2064900,1380043,2092500,1321200,23600900,1042000,3683400,5091900,892000,6463300,636600,1030300,661600,1469200,10546000,1914500,1269000,2501200,3365200,17796600,221200,3120723,6759700,2388000,4547400,3316100,21207000,17425700,3254700,4600000,42511000,6603700,475700,4283000,960100,349326000,1848300,4129100,11828800,2197800,10666500,3401800,325200,1521900,2493500,2216300,5356700,2390000,358600,297500,2119300,3944500,4756400,605000,8082300,2981700,680200,740000,584100,25164100,2318300,621400,1857900,166989700,1154000,2597000,1292300,1897600,3246000,3270300,413100,701100,16918300,1148100,10167500,9547500,1201300,11539400,1017900
2022-12-27,69007800,2669200,3982400.0,2927400,1009600,1464300,1327300,6121400,36086000,1604700,1550000,57284000,1438000,16677000,1858500,5014800,22776100,5787500,325100,2730900,2836500,14777800,3381500,1131400,37674800,563600,3078600,16339611,1951700,3849400,1230800,8300800,12066200,3977400,5168000,2955900,713800,1275091,11561400,1124700,1698500,823500,787400,641500,3330000,2258000,189800,1337600,6136100,44837400,10559300,1936600,6804792,3455900,2017400,9984400,20097300,1035000,6278200,1610200,1550121,2742400,2693500,29548100,957400,3067300,5411000,988700,7320700,682800,1372100,788800,2076600,11120000,1637700,1674700,3642200,3139400,21392300,272500,2166195,7957200,2420000,5125800,7064700,16688600,15159100,4726500,5575300,57781000,6661100,454500,4144500,1074500,464902000,4073900,4290700,9026100,3045000,12033800,4215100,378200,1683300,5468100,2474900,6158100,2568400,548600,290800,2600200,4402500,5346500,653300,6200900,3682900,1234200,739900,667600,30382500,3351500,1050000,2784400,208643400,1225100,3535600,1596700,1294200,2904900,3484400,330400,671100,25315900,1758000,10297400,10044600,1580600,11962100,957900
2022-12-28,85438400,2944500,4931700.0,3265200,1387000,1672100,1391800,4274000,39526500,1349500,1411700,58228600,439700,15410000,1490200,4426300,30541000,6022500,457700,2628200,3662700,12882200,2270000,1317700,34112400,553500,1918700,15311557,1209800,3856400,1324100,6249800,9847400,3807000,4494400,2869800,821700,1558332,12399500,2197800,1687600,898300,714600,576900,2222800,2490300,303400,724700,3852600,49375400,8305500,1705200,6210907,3285900,1707300,9550900,19523200,1117200,6178600,1568200,1705345,2539500,1587300,26176900,855600,2645400,8827700,610400,7159400,908900,996000,810300,1419900,8731000,1854100,1427800,2674300,3499200,19612500,133800,2345356,5848000,2650600,5107800,3714900,17457100,12518700,3536400,5282900,59644000,5437800,718100,3860500,1154600,351066000,3155200,3794000,10347000,2694300,10053900,4197500,314300,2623600,2393500,1910700,5395600,2592100,359500,400800,2418700,3491500,3382700,861100,7192700,2282600,983700,840100,795800,26632300,3052500,826800,2628300,221070500,1928800,2998600,1694200,1455900,3139200,3856300,270800,842500,21793200,1648300,11889400,15246300,1513700,10702100,1443900
2022-12-29,75703700,3112500,4031300.0,3047800,1516800,1793100,1415900,5071800,41428500,1446400,1323900,54995900,564400,18176000,1758500,4518900,22252900,5165000,395300,2846200,3282400,14124100,1652500,1612400,38092700,583500,1954200,13420939,1351700,2921600,1465000,7628800,11396500,3297200,4142100,3121000,835300,1357322,13045100,1149100,1444600,1222800,896400,301700,1830000,1744700,283900,874800,3207500,53550300,6455800,1362900,7088733,3464100,2473100,11634900,23333500,1273600,4544400,1559100,1994574,2337200,993800,30944800,814800,2828800,6585200,787200,7169300,872300,1077900,764000,1270900,12309000,1459800,1393900,3825200,3277700,22366200,183100,2464717,4270300,2054100,4467200,3461700,19770700,13204300,3378300,3899700,95885000,4588600,487100,4602500,836500,354923000,2462900,3867800,7338700,2549200,8971300,3809100,542500,3043100,2361400,1827300,6668600,3246300,432100,299400,2940600,3976100,3378500,605200,5200000,2367300,972800,988800,638800,23765900,2569600,1027400,2617300,221923300,1526400,4081600,1379700,1369200,3675500,2456800,326300,894800,17347000,1422000,11597100,9171900,1398000,10534000,1298900
2022-12-30,77034200,3680400,3372500.0,3471000,1339500,1740900,1405300,3407000,37127000,1622000,1450400,62401200,534700,14376000,2247200,4007400,28198900,4917500,413000,3298300,3223800,11802800,1521100,1401500,30690600,699700,2238600,16416969,1045300,4220500,1803200,5630200,13199800,3568500,5005100,3553600,760200,1701926,23231000,1200300,2055600,1164400,828100,468200,1422900,2179400,268500,826800,6185300,39232200,6820100,1558300,6625342,3831000,2477000,11807400,23986300,1031400,5227000,2581600,1697600,2858000,1175500,31030100,871100,4216600,9292500,669300,7650200,1238000,1388000,910000,2154600,7321000,1617600,1720100,2438200,4335300,19583800,211500,2506816,5025200,2370800,5498600,4455600,21938500,11989800,4266900,3921900,75669000,4355500,564700,3496500,1138400,310490000,2374100,5375700,8182000,3136200,11396200,4532000,324100,2138400,2858700,2088900,5642300,2015800,364100,301500,2984100,3988900,5058400,877700,4629800,2910900,1265300,1104200,690300,26204200,3074100,686000,2565400,157777300,1749700,3249000,1849600,1670900,4159400,2043500,449100,1030700,44007200,1189700,10021500,11505900,1597000,11799600,1249500
2023-01-03,112117500,4937500,3901200.0,4171900,2250100,2229100,1870500,5921500,46851800,2594800,1812400,76706000,1020300,20173000,2762200,8624600,35221500,6672500,540800,3549900,6282700,19564000,2651900,1994700,33965200,1560400,2920200,24728045,2483800,5424400,1978100,8196400,17718900,6543500,7565400,6226200,1166300,3019318,14997100,2410100,2688900,1677800,1069200,1075600,2519100,2994900,371700,1185400,5156700,45809000,8576100,2193900,10280781,6050600,3036500,11793300,28131200,1589700,6941200,2822400,2354677,3338600,1919700,31308000,1391900,6344900,11054800,764100,12180500,2374200,2006700,1657200,2602000,13249000,2933600,2743800,3536800,6545300,35528500,405300,3124909,5127800,4363900,8062500,5108900,25740000,12422800,5535400,8431400,67640000,8124800,615200,5440000,1653300,401277000,4483600,8997500,13104000,5137400,15603800,6447300,638800,2170100,2730000,2877200,8110400,2963000,508500,725000,3532300,6607700,7443200,1006100,8487800,3761200,1313800,1212900,1083200,42149200,4264700,1785800,8245300,231402800,1668600,4294100,3525600,2206500,4202800,3671600,591900,1100400,31330700,3086400,15944300,17249700,2684500,15146200,1840600
2023-01-04,89113600,4440400,4817100.0,4395500,2052400,2186800,1963500,6289500,47477100,1773800,1796000,68885100,966000,17074000,2620400,9746900,41998500,9202500,710200,5121200,6197600,21507200,2387900,2150200,52046600,2482800,3976800,25680236,2237300,4837600,2097300,14322600,18339800,7330400,7684500,7016700,1050800,2465244,14957200,2492500,2819900,1498100,905600,1632500,3965500,2469700,433800,1396400,4379600,53429700,10415600,2286000,21031104,5713900,3445900,11326300,34854800,1881000,7446900,3560900,4095778,3869200,1527100,37665200,1435400,9788800,11687600,1187600,13387900,2088900,1886200,1391300,2507400,10525000,2661000,2584100,5214600,6086900,32397100,358900,3312561,7907300,3664600,8698600,7726800,50623400,25077300,4831100,11532000,93451000,8550700,939800,7024500,2183100,431324000,3887200,7836200,12238000,4771300,21808400,7313400,757800,3059500,5895500,2959100,7614200,4585900,517200,792700,5635100,8166600,6199100,790100,9069800,3857500,1808700,1393800,1368300,43926800,4262700,1935800,6900800,180389000,1474800,6285300,5070400,1965100,6606200,3283700,606400,1137400,28779500,2263700,18943600,13338300,2265900,18058400,1796100
2023-01-05,80962700,3516000,3419000.0,4896900,2477100,2081600,2374200,4557100,46159500,2056000,1495000,67930800,1715500,16277000,2505700,6913300,34177000,9400000,686700,3416300,6346200,12314900,2355900,2230500,35689900,1949800,2295600,28776563,1501400,5177700,2169300,8493500,17372100,8441600,6088200,5700700,1485000,4158710,11622600,2218100,1920600,929600,995800,1845500,2480000,3560200,267200,1494700,8060600,50785600,12341000,2441600,16001061,5710700,2934100,11932000,27194400,1397800,8773400,2935100,4305008,2866600,1223500,33552600,1803700,6255300,8381300,924900,9814700,3133700,2008500,1210100,1942300,9834000,2608500,1945600,4026000,5353400,25447100,242400,3117494,7648300,4093600,9578900,5339900,39585600,18030900,5472600,7037000,83284000,6046700,766600,8950000,1712300,389168000,3783000,7643800,10692800,3647100,20057400,5373800,722300,3079500,3590200,3348400,7546000,4466700,499800,616000,4967200,5575100,4562400,1601800,6622100,4098700,1390600,1148000,1408500,31081800,4762600,2220000,9254700,157986300,1218400,6876800,5497100,2736800,5246000,4974600,432400,1187000,29987200,1761800,12380700,13274400,2104500,15946600,1560900
2023-01-06,87754700,5099100,4348400.0,3800400,1587000,2216600,2287500,7241700,70161300,2887800,1980200,83303400,873400,35261000,3077400,11256400,34068700,8760000,1215700,3647900,8980900,16736300,3945100,1923800,40099600,3554000,2274500,20038260,1950700,4442300,5174500,9145700,20823000,8957500,7191200,7520000,1042200,6586956,9828100,2015500,2157300,2781900,1023000,2329400,2610900,2595700,391400,1732500,6971900,53089100,16483800,2039400,13018044,5939400,2290900,9783500,41381500,3097800,8136800,4022500,4303734,3574000,1594500,31788600,1659500,5706000,10029100,1423400,9990000,2538900,2131300,1969200,3121400,14810000,4432800,2855400,4858400,5845500,27584500,285400,2890732,7031300,3102800,8632300,5710900,43613600,21069800,5235300,7424900,89598000,10080700,1084600,13383500,2092500,405044000,4261600,8641600,9832700,3713200,29635900,7882200,1135000,3995900,5815700,3101300,10259300,3117900,602400,550800,6411700,9644100,6462600,1400000,10171800,4040800,1501000,1781000,1402100,36050300,4673100,2938100,6539600,220911100,2602800,6725900,4841300,3690100,6829700,4818800,700300,943400,26010400,1685000,15247000,21231900,2976200,16348100,1761200
2023-01-09,70790800,7833000,4319400.0,7277700,2181500,3133800,2561400,6212300,69741300,2160700,1727200,65266100,1436500,37739000,3219400,9005600,43818800,6790000,1102800,4397400,7688400,16745500,3417100,2208600,44454500,2531400,2826000,24380843,2177600,5403200,2384800,13679700,13938000,10415900,8385600,6622000,1200300,3325570,11675800,2859100,2358300,1685700,1043400,1254700,3147700,3160300,584100,1235900,9541700,50865500,17009500,2894300,9488844,5435700,3010700,11617900,29003900,1989000,13191700,3466300,2787671,3987700,3975500,37493200,1509000,7925300,8482300,1955400,9442600,2471300,2980600,2377000,2748500,14079000,3913500,2654600,3398400,4132700,26649100,372900,3434075,6881200,3716700,12858800,5039700,27369800,15715900,4749000,7561800,67666000,9397900,1853000,10439000,1670800,504231000,3885800,7519700,12519800,3319200,30839100,5727000,878100,2504400,4864200,4707400,10291800,5368400,1664400,692500,6377300,10124800,8036900,1047400,12104300,3168300,1474900,1699800,2396600,51981100,5960800,1871200,4977100,190284000,2185800,5733900,3702800,3214600,6294500,4438500,806100,1299200,23062200,2207200,21225600,17756700,2707800,17964600,1700500
2023-01-10,63896200,5936200,4165600.0,5591700,1853000,1670200,3975900,4638800,41149600,1783400,1691300,67756600,608400,44635000,2198400,8183200,35096000,5417500,758900,3049100,5892300,12429900,3011900,1555400,38995500,1393300,3397200,16812719,1378700,4042700,1649900,6527700,12474400,10828300,8307000,6264500,1079200,3036238,6914600,1448300,2244500,1819600,1049700,855300,2929300,2575200,547000,1709300,4502800,47065500,16052500,1694400,11597142,5034500,2470100,10280400,30467800,1610100,7755900,2111300,1884018,2152100,1468100,23008100,1316900,5047500,9048700,979000,10134600,1613400,2465200,1003400,2200800,10676000,3485900,1718400,2744500,3560600,28684400,329300,1971128,6962900,2752200,12122800,4536600,27033900,10571300,4921100,4132300,130723000,5899900,902200,5323000,2801100,384101000,3121500,5703300,6613500,3817300,29212000,4716400,983000,3097800,4275100,3259200,6384800,4299900,793200,542300,4701900,4183600,3986600,865800,7080300,3215000,1329100,927700,2092600,32869500,3914400,2102800,3779400,167642500,1313800,4267700,3164000,2324200,10857000,3518100,671900,1038900,16695300,2091100,18348800,11970600,3027500,15104600,2639100
2023-01-11,69458900,7492000,7718900.0,5350300,2382400,2344400,5187300,5532600,44470100,2044400,1893900,103126200,835100,22502000,3113600,7190700,36783700,7247500,788000,2999500,11767200,17143700,2402400,2499900,33668900,1608300,9122200,14241249,1396500,4569900,1576400,13595000,12530900,10221100,6962600,5578900,1130000,3389866,8757300,1857000,2358800,2745400,1039200,1240200,2718800,2771100,414500,1557400,5144200,51911600,18910300,1913000,12729603,5947100,3113000,15190300,26862000,2127000,9881200,2864800,3097590,3268700,2651600,30375400,3506800,6494800,8703700,1230800,10823000,1928000,2602800,1056400,2781000,15429000,3370200,2391400,3997500,4928700,25423000,542100,2408146,6740400,2976900,8626500,6122600,28669300,12143000,6153500,6124700,95797000,6989200,944000,6292000,2274500,353285000,5024500,8359700,7613900,4369900,23022200,8691300,866100,3084500,4561600,3551100,7374400,4078600,592600,881900,4518700,5634400,10252000,1459100,8856900,2965400,1660600,1597200,1590500,30010200,6035000,2013500,4451500,183810800,1715700,5013900,4274200,2674700,5408200,4172500,679700,1630300,20674800,2144700,18272100,14834700,2883700,16710400,3270800
2023-01-12,71379600,7665100,7695200.0,4697700,2482500,2121800,2505500,5330900,70066200,1454100,2364700,85254800,1194800,19514000,3322400,8208100,44230400,7302500,938600,3070300,10165500,16287800,3881500,2337200,48425800,1278600,6059000,21741939,1956600,5072500,1628200,11678000,14241700,10466200,6891400,3715100,1205500,1828037,19764300,1547000,2350100,1999500,854300,1386600,2524600,4005400,336800,1656100,6937200,58113700,12834900,1560600,14407871,6013300,3928400,15318500,30258100,2103100,10369600,2481800,3145016,2715900,2816200,28963900,1925100,4269400,11001700,1505300,13907300,1277500,2019700,936600,2690200,14299000,3291200,1933000,3370500,4945800,30757700,305800,2200042,5671500,3091300,8914800,7895600,27269500,14888100,4648600,6115600,108562000,8366400,1097800,11570000,1698600,551409000,3525800,6071100,12351900,4246600,23345300,7801600,711500,2608500,4109100,2231600,9527600,7654400,538800,733900,4221400,4882000,8211600,1077600,12857100,5082000,2304200,1186800,938700,31740400,5268800,1635200,4269400,169400900,1775700,4324900,3726800,1832200,4264400,3269400,633700,1801100,16980300,2403200,20940400,12472800,3099400,15357300,2540900
2023-01-13,57809700,6019300,6529000.0,5348700,2226800,2581900,3709700,5641600,45757400,1696800,2007100,85549400,787900,19647000,2391300,6213200,89667800,7267500,984100,2773000,6060100,28037000,3067800,1513900,41626900,1524900,3800100,15104132,1070500,4360200,1405900,8378100,12649300,10209500,5726300,3581600,985700,1971293,12230200,1056000,2722900,1469500,728100,1007900,2229200,2111400,210700,1589900,5776500,96444000,11109600,1343800,13843395,5305700,3442800,21242800,26329200,3310200,6660300,2798600,2118923,2455700,1726300,31361900,1715900,6088000,20200000,1615200,13986400,1882800,1690900,2208600,3875900,12025000,4261000,2168900,4004200,4712700,22423800,382800,2025306,6283500,2780500,5757800,8414600,21333300,12520600,4943200,6547300,82868000,4856500,2608900,5590500,1330300,447287000,2148700,5090800,7200100,4720400,18737500,5535800,567500,2283300,2772100,2133200,8040400,4459800,489500,525000,4968000,5529700,9309500,827100,7345000,3637100,1560400,1447100,752100,25480000,4649900,2040500,6543800,180714100,1437700,3736700,5390100,2078100,4283200,2604000,479500,1448300,17229800,1376800,41649700,13699800,2624200,12011400,2466800
2023-01-17,63646600,8507000,5496200.0,5711000,2863700,2512700,2575400,4848100,42621300,2472800,2204500,72755000,1252900,15835000,3073400,6150700,56458400,8600000,823800,3478900,6707500,28193500,4100100,2245600,48197800,1813000,5615100,19584038,1762500,5228500,1539900,9407600,19290800,12365300,10697700,5112800,1767700,3020784,14914200,1801700,3552700,1999300,1754700,967800,8797700,3127700,376500,1823300,4599700,60774900,12644000,1853500,10640727,5959800,3880300,13916100,32602400,14448300,9622100,3988900,3481459,2986500,2424000,34759100,1595300,6053300,14292900,1046200,18327800,1714700,2435200,1753100,2943800,9474000,2814500,3640200,3030000,6245300,21147600,309100,4199036,7214400,3746900,10241100,27914300,29831300,10962700,8410200,7040800,92470000,6172200,1934700,6743500,2028900,511102000,3192800,6550400,7503300,5032600,29391400,9611800,691600,3057000,4283900,2600800,6179500,4217000,641000,739000,3959000,7477200,9365000,1379100,8467200,3601900,2021200,1237500,1294100,38801000,5283100,2086300,5482000,186477000,1438900,5659400,4495600,2703300,6101100,2781100,442300,2070700,28697000,1583000,25473900,15122400,2838600,16542200,3349900
2023-01-18,69672800,6190800,6062200.0,4288500,2192700,2079800,3775900,5374100,39538700,2218100,2213000,79570400,793200,15703000,2762400,5403100,54517800,7677500,728800,3406000,6572500,18952000,3361400,2382300,57513800,1106000,3996300,19421107,1877500,5138700,1925500,7812600,19882200,9495000,8899200,4663700,1390800,2363498,11384500,1834000,3152600,1831000,1048600,1003600,6030300,3737400,447800,1737000,4586900,48774400,19797400,1337800,9816378,6374800,6451600,11322700,29116700,5585200,11739800,2952200,5412585,6445600,2399800,44199600,1641600,7047800,13392600,1183900,19679400,2945700,2302300,1645100,3575000,11939000,2747100,3276500,4412700,6751700,20215500,406200,5093166,13300700,3709300,8799500,14134800,30028700,10035300,6107700,8275900,78141000,6828800,1927400,8633500,1769800,439624000,2505400,6397700,13922500,5032600,33835000,10461200,863200,4245300,4271700,2908000,10960400,4063700,487500,729600,5321800,5725800,14026500,1382100,11332700,3494900,1483900,1760500,2007100,38023700,4448800,1749700,4543400,195680300,1274500,5874300,4398200,3085100,6558000,3564400,458200,2264900,22976500,2985100,20278000,22674300,2860100,16399700,2738100
2023-01-19,58280400,7169900,4996700.0,6157700,2212500,2467000,1778500,5325100,47189900,2090500,1864300,69002700,889000,22692000,3852300,5813500,42707100,7105000,650700,3614600,7546100,14869100,4885200,2135800,44119300,1207600,4436400,17082990,1884700,5049100,1919500,7070100,19118600,11430400,5907200,3748000,2241000,2129664,10973600,1901800,3025900,1723200,1134200,941000,4789600,2449600,289900,3001900,5570900,52918500,13731200,1321200,13045860,6922500,3865500,11403600,37000400,3100400,9945900,5359300,4826595,4833900,2182400,36886600,1758500,6939500,13303400,1409800,14894500,2703600,2658300,1469900,3508800,10887000,3111200,2845400,4882300,5933700,28625200,330400,5955721,8093500,2475500,6772900,13457100,28623000,12034200,7099700,6940000,180082000,5273500,1376600,13394500,1389400,452932000,2709300,5597000,10038400,4720400,26614900,12683700,824700,3875800,4645400,2696800,8716200,4072500,583800,876700,4641500,5115800,23537100,1435400,15283700,3967500,1274300,1150900,1038100,40180800,5280800,1636000,5345700,170291900,1164000,5995700,4549600,2711600,4853100,3224800,498900,1551500,24812600,2002200,18565300,17342100,2117400,12928000,2907700
2023-01-20,80223600,7059000,5104000.0,5078300,3306600,3149400,3154200,5078500,47757600,2574100,2990400,67481500,1197900,22950000,3954800,5475400,45004400,7592500,724300,3770100,5414400,19957300,2964100,2159900,39941600,1118300,11899800,24112173,2329600,5101400,2588600,10127100,21847200,13008000,10477900,4146700,2781500,3406334,14549900,1636300,3968400,2729800,1277900,987600,6212400,2476900,355900,1947800,5209700,44349200,12365100,1595900,10351409,16678600,3961800,17187200,63191100,11247200,8615200,3725100,4220128,7153300,1688900,35158500,1968300,8620600,13092500,923300,14237700,1792700,5391900,1410000,3517600,12599000,3863400,2588600,3925400,7524300,28688600,317600,5230706,8401500,2882000,9216500,10785000,35389800,13826400,9429200,4858400,284303000,5673200,2130900,7613500,1564600,564967000,3038300,5567300,12439900,5779100,25197600,8603300,864700,3281100,4806500,2986400,8895000,3567900,939800,862100,8216200,6543500,11544500,1648400,19204800,3963000,1651900,3077400,1157100,37836600,10633100,2394700,5878200,138858100,1458400,7569900,3525900,2296400,5211000,3709800,819600,1466200,23377900,1843700,23237200,29543100,2821100,16515600,4856000
2023-01-23,81760300,7616400,4442700.0,6115300,2593300,3187100,2157400,7669300,84293200,2025000,2723600,76501100,881700,23429000,3608700,5481900,33683300,8522500,730200,3086700,5085100,18531200,2610200,2038200,34611400,1482000,2463400,32383770,1688600,3963200,2709400,19922900,15180500,14720100,8381300,4109600,1390500,2381998,11479100,1214500,3326700,2105600,1182500,926200,5340500,2695200,290100,1513800,4702700,49688000,11735800,1642200,13729748,5673100,2750000,17001900,40005100,4915700,10789900,3237900,2970482,5898400,1964000,38795800,2008600,8425400,10487100,1459400,12613400,1931100,3403100,1739600,3473500,16545000,2743900,2434000,4608800,6108900,27470100,274400,4080991,7585300,3963400,8998800,8735300,31934000,20175400,6864300,4695400,156469000,5581600,1054900,9031500,1246100,655163000,2676500,7390200,9891500,5440400,19398600,7473100,994000,3011200,4815900,3070100,13419500,3254300,569900,582200,5686600,6320500,8610500,1110900,15090600,3502400,1097900,1192000,1493800,32890800,6463900,2307200,5306400,203119200,1939600,7847600,3418700,2240100,5501500,3908300,719900,1810700,34249300,2051200,19692000,13149900,2553100,16584400,2724900
2023-01-24,66435100,5171400,3514700.0,4662000,2205300,2466400,2225300,3504700,60822600,1596900,1991900,66929500,745000,13825000,2348500,4753700,26716700,5927500,558200,2234300,6100900,13303200,3505100,1658300,33317400,1296700,4219100,25809983,1551400,4216900,1510200,6390200,14872700,14708600,5989000,4898200,1319700,5876993,8606700,1668300,3048200,1301800,699100,1269700,2805700,2313100,248600,1589800,3871400,41537400,9720800,1238900,16767395,4776400,3959400,12072100,33078500,2372000,11912100,2127900,3413449,4407600,2516200,24855100,3127200,10541800,6945000,852700,10103300,1625900,2242500,2865000,2862500,9723000,2756200,2517100,3233500,5025000,21970200,345900,12290694,4989500,3782200,7424200,4801600,40234400,10183200,6652300,4508800,117965000,5486200,1119100,7077000,1688300,496204000,1904100,7004600,8519100,4125600,18853100,6822500,680700,2142800,3604500,2360500,7952400,3012900,326400,688400,8308000,5517200,6555600,1133300,8784400,3444200,1353500,917000,941500,32858500,7853700,2102600,3851700,158699100,1245900,5351600,3036300,1958400,5274900,3142400,571000,932300,32143900,1528100,13697200,13669200,2030600,13583000,2361800
2023-01-25,65799300,5744300,5169300.0,6070800,2576300,2239100,2302700,5957600,49932600,1910600,1985100,94261600,707300,13766000,2916500,16106500,28859700,7607500,1070300,2299800,5050300,20719000,2424900,1669700,29042400,1193300,3142700,26188875,2621500,3984700,1329800,9390500,14638700,18389700,6727500,3118100,1002000,4918870,10008000,1636000,2066600,1099800,754300,2059500,3455900,2576300,378800,1341100,5448600,37739000,18821700,1020400,10652380,3892800,3287800,13715600,42330000,1985200,10474700,2060400,2286137,7347500,2384100,28268000,5863600,7099800,8967000,1276300,11265800,1887200,2503300,2352500,2283400,17697000,3501900,3097400,3697000,4505600,26622000,213900,7167867,8034400,3671600,6168000,5891000,66526600,10787200,28527400,6053700,77669000,5933700,1141700,17240500,1552600,449537000,4140100,5896800,10053300,3852800,20828000,6902600,447400,2436800,12289900,2889100,6880300,2537300,584300,814100,5967300,5416900,7206500,1608800,9053000,3796000,1016900,1048600,1178600,73582100,5111900,1238300,4352500,192734300,1821200,6720700,3037300,1722000,4729600,2955900,625500,1315100,26527000,1502800,17285300,12491700,2527600,11914700,1804400
2023-01-26,54105100,4577800,5196600.0,4159500,1942600,2350500,2262900,5813000,49583900,2522100,1126100,68523600,733600,24525000,3640300,7288100,30035500,5950000,488700,2856600,4858300,22393300,2677200,1608100,32096200,1051100,3744000,23805944,2437700,5807400,1576400,13354600,12952700,9263400,14307800,2718000,1191100,4417135,9204400,1365100,2093500,1196100,968200,1267900,3293900,2617800,359200,1363100,3704400,48970900,15945700,1045800,8158534,3670900,3376000,19559000,30114000,1919200,8879700,3555300,2044865,17548500,1339900,56088100,1788300,6946100,7487600,1646300,11884800,1587100,2576200,2168900,3426100,24658000,3718400,2222500,4797600,5051500,25482100,502100,5532218,9449100,4005300,9672700,6085100,33454500,12219500,18508700,5633600,82568000,5838800,3119200,31754500,4133200,489535000,2294800,7302800,12564400,4558400,38465500,5398600,569000,2071900,4156200,2723600,7413600,2552400,346400,1505200,4302900,6324100,11540300,7703000,8581500,3235500,1205800,1526600,1099000,47400900,5161200,1210800,3808400,234815100,1252900,6287900,3005000,1627000,7043400,4708100,743100,1302000,19568100,1274800,16724600,15819000,3699800,21019700,1530700
2023-01-27,70555800,4591500,9548500.0,4860600,2101100,2615600,1647700,8705700,58118600,2109900,1360200,87775600,876600,19344000,13997300,5237900,29964900,7475000,489400,3031200,7336500,18294000,2783000,1581400,50631600,1217000,13482900,22168739,1582200,4857500,2034100,9872300,13414800,7480900,19654700,2375500,1324500,2796199,10249700,1663000,2277000,1786200,764100,1145300,3657400,3035600,268400,1283700,4773100,62114600,10871300,1435900,9760244,4108300,4273400,21995400,33879800,2427400,10399200,2761200,2251866,8143100,3466400,148548200,1568500,6058100,7489900,2385500,14087000,1819800,2363600,1587700,2907900,17116000,3405600,2203200,4450200,7141800,35771900,246000,4920942,9247000,3400600,7784900,7990800,26498900,15895800,13243200,5690200,67035000,5730000,2143600,11756500,2383400,542142000,3979800,5676800,8761000,5451400,23798600,6870800,835300,2824100,4133400,2506700,6581900,3024400,417600,1027900,3365800,6851100,19831100,2871700,7669500,2904300,1480600,1509700,1041000,37094000,3920800,1110000,4061700,306590600,1864900,6074900,3177100,2831600,11382600,3638500,869000,1288600,17254000,2091600,18161800,18412800,3497200,15179200,1831700
2023-01-30,64015300,4573400,5469900.0,4434800,1732900,2663600,2866700,7351700,48105200,2042800,1422200,70691900,846000,16984000,10240700,6066800,27353500,7930000,458300,3474600,7455800,11126200,3426900,1767200,35766600,1551200,9191600,20288685,2075200,5246300,1855900,8169800,19261900,8540000,11476000,3799700,1376100,2432758,8548500,2074200,2470900,2446900,758600,818100,2965300,2927000,234400,1157700,3836300,64512600,8850300,2091600,7175806,7283000,3117600,23596800,27226200,3184500,8922400,2643100,2700988,5375700,1966300,55145800,1643000,23259100,6729300,1446000,15632000,2163800,2647700,1642000,2786300,15608000,2688600,2862400,4574100,7920700,28040100,240600,7059868,6868500,4152300,6476600,5870100,25867400,16169000,10669600,4590700,51276000,6494600,1531200,11596000,1592100,488611000,2652000,6255300,9515100,5191500,24402200,6369300,786700,2538100,5358300,3110000,9854300,2638400,499500,861700,4607300,6880700,14849100,2315700,6181100,3498400,1429900,1202800,1209700,37246000,4289000,1221500,4485200,230878800,1368800,5048900,3606900,4593300,5677400,2991300,710900,2261800,22272600,2349600,19427400,15897600,3088200,18672100,1950600
2023-01-31,65874500,5628700,3867200.0,5698300,1841800,2572400,3339000,6577100,71669100,3418300,1548500,66527300,1911700,23719000,5170900,5163000,38917400,8452500,572000,3653400,10902500,34823400,10992100,3946300,30246300,1583500,5890100,27748295,1850300,5200100,1924100,6421300,16821600,8189900,14481300,8194000,1269800,2937763,8251700,4887400,3722600,3067700,1321100,1293900,3698400,4043200,542700,2146900,5133800,83093300,10931900,2423200,8625026,9621800,4144900,47396300,29870700,2311500,7549600,3526800,2439027,7206400,2150500,52621600,1782600,11612500,9188700,1113300,14344400,2330300,2406700,2062000,3415800,18132000,3137400,5477900,9737400,5938700,29842100,343100,6065155,7584900,5408700,7938900,7182100,26541100,23856300,19020400,7919700,56607000,7686900,1320500,10181000,3212700,498017000,5001200,6200400,10315300,4665500,49722500,9373400,1056700,4350100,3540400,7890100,7125100,2566700,816400,1059100,4099500,5816300,12526800,2244400,5951900,5420900,3802900,1662100,1727700,36575900,4795500,1799800,6073000,196813500,1346700,5852400,5567000,6872100,11294200,5427300,687600,1352900,18665200,2601900,22840400,14103600,2908900,27861800,2692000
2023-02-01,77663600,5439900,4053600.0,4532300,1797000,3362000,3290400,9886400,152548200,5344700,2601500,80450100,1357900,26553000,3725200,8462100,44438700,10280000,702200,3518300,15305000,22111900,6022000,1801700,47240000,1253700,3722200,19008712,1953900,7282300,2080200,8853900,19639400,7420300,11526400,5232900,1112100,4098137,9975500,2309000,3054300,14492300,834100,1242500,3742500,4991700,414000,1757800,6373800,70641000,13159900,5262100,9112192,6673600,4141600,25569500,35531100,2889400,13876700,3076500,5721124,5428900,2438300,63330600,1646600,9865300,8841800,1727800,12535400,1879500,2990900,1242500,3363900,24886000,2951900,3557700,7167000,8004500,55661000,377900,3708557,14734800,5189900,10103200,9815200,31259900,20902200,15188700,6598200,80052000,6387900,901300,11307500,2397900,660477000,3303200,6141300,12695000,4147700,24482300,7207900,1188100,2845600,3791700,4467800,10500600,3822200,802100,831700,5155100,5841200,9718100,1818100,10454000,5792400,1467100,1465300,4669300,40172500,5355400,2627500,7111300,213806300,3239500,7835800,3451200,4005200,5792700,4159200,560900,1237700,19542000,2266400,21874600,12849300,2995400,19464900,2878400
2023-02-02,118339000,6160800,7166900.0,5051800,2715900,4020000,2533600,11206500,97762100,5489100,2195800,158154200,2988400,24188000,6895500,6513400,33729100,8650000,1101700,4421400,12435000,22331700,6130300,1624600,61194400,2146000,5024700,22882562,2569900,11531300,2287400,10667100,17883800,11244300,10463400,6472600,2551300,2843011,13093200,2962900,3796600,6355600,1653600,1704700,4925300,3928600,442500,2637900,9351000,102579800,14696200,3836500,10391129,10933800,7882500,28757000,69883800,2619600,13518000,4776600,7621694,6107800,3469000,62230700,2197300,10099000,11822100,1343100,16947200,2524000,13036600,2104700,4156800,20193000,2761600,3735600,8886200,6776200,150475700,392200,5880971,9920800,6275700,16229900,11118900,39940400,15877600,18604100,7244600,78570000,5214500,1236700,11498500,2181000,564276000,3235300,8269200,13098500,5653800,35279200,6444300,1711900,3111700,4378700,4668700,17673200,4233300,935200,999300,6035700,9852900,13198100,1678000,17007600,4820500,2066900,1266500,2020400,34968800,9315300,2312500,8665700,217448300,2889800,11667100,11169900,4995900,7190000,4171100,1056800,1944000,18443800,1930800,19058000,17806800,3074400,24562100,2620200
2023-02-03,154357300,6553000,6130700.0,3754500,2168000,2695400,2593300,6156900,66557800,3073000,2485700,144374800,2876300,19093000,5305100,5400300,37411700,7182500,1201800,5385700,13028800,20050600,4134700,2617000,35978400,2842000,3861200,21771495,3078900,13504200,1844100,6481700,17980000,7256700,8404900,7882500,2295500,1891205,12472500,2045200,4331100,4393500,1129800,1172000,3266300,4205800,425800,1753200,6980200,165500200,13162800,2255100,7240085,12852400,5555700,18566700,65309300,2243100,12724000,3389700,4729620,3755700,2314100,57603100,1691300,6868500,11501200,1080500,15404400,2663000,5670700,1302900,3047900,12684000,2739600,3008500,8935100,6271300,76809700,272800,3208150,10245900,3255100,11210800,6948600,29077300,12187100,11671500,9743900,94020000,4930200,1388300,8753500,2211500,429366000,3637600,5671800,17851500,5308200,23742000,5993100,2096600,3303400,3530500,3525100,13187300,3062900,1448500,534800,3844300,15200500,9523200,1691900,10737000,3888200,1391800,1554500,1535300,31599900,9091000,1283200,5557500,232662000,3255300,5732200,5440100,2766300,5243600,3027300,526800,1621300,18314400,1648700,17346900,17155500,2938300,20226600,1994400
2023-02-06,69858300,4297000,3204100.0,4145600,1262400,2369600,2657000,5331000,53008900,2196900,1797800,81945200,1259900,18709000,3397800,3903000,29463200,6152500,691500,2973100,6015500,16152000,3528800,1882000,33494900,2245600,4186900,15210725,2681500,11516300,1740100,4310600,13991600,8319400,7659500,4223500,1378100,2602860,11956500,1145800,3050300,4208700,890000,977700,3252800,2486600,251100,1681800,6949200,77262800,11026500,1890000,5425114,7611100,4531400,14285700,31999600,1816200,7887400,2229700,3028306,4841300,2097400,48726400,1329100,7021000,8406200,855500,11330900,2322900,3055700,1393500,2380600,10082000,2068300,2863900,5810300,4852700,42483800,263300,2974811,5911500,4190100,9054500,4737700,22518000,11484300,9343400,15273600,49949000,4666400,1321300,12298500,1999300,452197000,2489100,4097200,11803100,5640000,18071200,6108100,1053900,2539700,2888700,2666300,6830500,3973000,1064700,482900,5243000,6392200,7816300,1342400,6482100,3000200,1379600,1028400,1790000,30929800,4855100,1119500,6314200,186188100,5255700,4385700,4174200,2243300,3402400,4401800,682800,1295600,15530700,1987100,15948900,17454000,1964500,13855200,1929600
2023-02-07,83322600,5401900,4397700.0,3401600,1401100,2476200,3160800,4935300,65291900,2408000,1834400,119501300,1329200,24025000,3526300,7311200,44100200,10705000,730300,3786700,5284000,14361000,3467900,1478400,70218900,2078500,3755100,19130243,1846600,7370600,1927300,6179200,16675200,15264800,10256500,4446200,1313100,2772286,10844000,1725600,2672600,4637500,1140500,1007800,3241500,2524800,346600,2222400,5374200,70671100,12585600,1822300,5891982,7298600,3276700,11542500,49010200,2205500,6368300,3865500,3127616,3737600,2043700,50780800,1359500,7310800,10447900,1435300,14922700,5990100,2464100,1334800,2552300,12541000,2309100,2514000,6388600,8080500,47080700,305400,2610509,6920800,5361900,7904700,5060700,50841400,12713100,10855800,8022700,62894000,5288900,1098500,6713000,2108100,664150000,3609200,9226000,12969300,6044700,22999500,6278300,1154800,3638600,3939200,3628400,7664200,15165700,885900,631900,3814500,6207500,5974400,2156600,9109700,3226000,2443100,859300,1851500,36534400,5448400,1171100,4952100,186010300,5481600,4799900,3394600,2037800,4042600,3591400,785600,1300600,21668500,2332500,21764800,16341300,2909700,16013300,1755200
2023-02-08,64120100,5753800,3605400.0,4222300,1381800,2668100,2901700,6460500,54140400,2761200,1936100,75878300,1349700,15290000,2926500,4229800,28032800,8765000,517600,3370000,6169500,13242300,2300300,1507500,38275600,2000200,3230100,21008270,2702000,6713200,2062900,7694500,18905500,17068700,9784700,9473600,1061500,2616960,27719900,1541800,3328600,2159800,936000,1010600,6672100,4107700,264000,3937600,6619000,62028400,6826000,1425900,4269472,7376600,2415500,12318500,94743500,1893200,6181500,2777200,3779494,4593700,2338300,36479100,1318900,6054700,6958000,937700,11012000,3429500,2399400,865000,2421100,11435000,2193600,2801800,4189100,4792500,36139100,317900,3003993,5736500,3005500,8596300,4705200,54686000,9510500,9082200,5396900,62532000,5877800,961400,7829500,1369100,559651000,2520800,7624400,7668300,5687300,19362300,7123800,1500300,1980000,3875000,3683600,7151700,8118300,617500,663400,3789500,5557500,7128600,1268400,7939900,2619600,1614400,1151900,1368200,29805200,6417800,907200,4014500,180673600,2675500,5657600,3466400,1970000,4978600,4991100,712700,2168600,14080200,1650200,18070500,11691300,2276000,18459700,2031900
2023-02-09,56007100,12216900,4508700.0,3912700,1752000,2265200,2779800,5512200,46525400,3056200,1220000,64622500,945400,18837000,3557900,5018900,35257100,8725000,723700,3461200,4633100,16794900,2464900,1654800,34305000,1781200,3740400,21762639,2252900,5768300,1517300,11512300,18598400,10703400,10123400,7762300,1262700,3947436,46137200,1013800,4403000,3079000,1858700,948100,6777200,2487200,348800,3273600,6727800,78667100,9417800,1245400,4838334,6656800,3308700,20848900,119455000,2052500,13780700,3063300,3197111,3918800,3564500,43906400,1425900,7949500,6443100,1231800,12515300,2655700,3072800,799000,2386700,10732000,2287600,3534600,4792300,4150000,37118800,253600,4307872,5838900,2788400,7976800,4983800,42375100,10094700,13163500,6220500,69011000,5929000,951700,7613500,1649900,523876000,2395300,4960300,6738800,9619400,20809200,6547400,1446000,2467300,4108300,2897400,5717500,5147600,524500,536300,3670900,5608400,6292800,1228200,7116500,3243000,1750000,1483300,1132100,28320900,4560900,960800,4146600,215431400,1919800,5572000,3664600,2135600,5238400,3822400,829200,1798700,17485700,2483500,17362100,13064400,2926500,17439300,1868400
2023-02-10,57450700,8956700,6463500.0,4186300,1347600,1846300,2053100,4374400,49332600,2687200,1929800,52740100,859500,21035000,2586200,4862900,32898900,14190000,626000,2808000,5400500,16519900,2820300,1630100,39694500,1267600,3524300,17178807,1714800,10779200,1536800,11273700,17397300,7718500,11602400,5022800,1357000,3164266,15566000,1554000,2633200,2904800,1411000,656600,4813600,4041000,279500,2256100,8818000,68205200,8030400,1286700,4373095,5522200,2466700,11447400,54980700,1933400,8129400,2768800,3067033,5049600,1592900,31232500,1199400,7028000,6582900,910500,14420700,2515900,1980000,1436300,1836300,10364000,2270700,3049900,6291200,5509500,33433600,364800,2720302,6899100,3467600,7609600,5224900,25818500,11429700,9883000,4672300,72911000,5195500,967900,8278000,1481700,550737000,2123500,5318400,13530700,6176000,18619600,8108900,991400,2303600,3692500,3003300,5319200,4147300,606800,549500,5291000,6298600,4809400,1451800,9410700,2592400,1171500,1324700,1061100,24931200,3547300,763700,3558000,204754100,1535100,5466400,3418100,2533900,4509700,4815400,793900,1342100,15398500,2016700,18929000,15002700,2015200,24918600,2338200
2023-02-13,62199000,5602600,7657200.0,3711000,1284500,1877300,3107200,4198200,45400000,2321900,1352800,52841500,698000,19847000,3102400,5193300,29163900,6725000,583100,3261500,6177100,11626900,3068100,1605600,28988700,1232500,3664300,19610073,1645700,6018200,1452600,8820300,19422100,7818900,9442900,5977800,1428400,2891402,12341500,1195100,1931400,2552800,1907000,880800,3210000,2936800,247700,2501600,5163700,64201900,8600600,1159500,5114245,5801700,2425700,12854800,50076100,1570600,6827500,2432500,3154565,4403000,1572900,32347500,1276800,6414700,7134600,1250800,16191800,1782700,2291600,1203100,2364000,8892000,2286400,2418300,4421600,5588200,31463200,361600,2688130,5370800,3499800,7383100,4910300,44630900,11466200,8114200,5201900,71344000,5689800,922200,5892000,1722400,474919000,2237800,5560900,7835100,5205100,17878000,5081600,946700,1755600,3787900,2608800,5550400,2959100,494800,670300,5238600,5192400,5760000,1575700,8964200,2345000,1338400,1458000,1087600,21668700,5669600,997600,3547900,172475500,1400500,3443200,2589000,2481400,4946700,3072300,609200,1053300,14486000,1298700,16451700,16015800,1970500,14536200,2349200
2023-02-14,61707600,4662800,17145000.0,4244000,1821100,2479700,1989700,4870700,55979700,2015900,1017300,56202900,1689100,17571000,2325900,10033100,33625200,6590000,466700,2907100,5390000,16283300,2512900,1512000,34073000,1347500,2382500,19213256,1225500,7308100,1257300,8393100,19134400,7497400,8077300,5495200,1503000,2278222,10768100,1471000,2190700,2662600,2512400,670300,2910400,2190200,336500,1244800,8258600,75352900,9376200,1101900,6726731,7206200,2863500,13012400,54726100,2155500,5844500,3380800,3182363,3202200,1959400,27928900,1799200,6316000,9249400,1353000,20505700,2175000,2028900,875600,2316600,9487000,1841400,2202100,4553700,5053000,24034600,455000,2944911,6397500,3174500,6983900,7679500,37047900,12496200,7089400,8593200,46248000,4845900,1252900,4889500,1878000,675474000,3228300,7484800,12410300,5203000,17506900,5253500,650500,1859100,3251400,2267500,5579900,3517700,486000,610600,3699700,5109400,4482200,1246200,7437300,2705300,1387900,1418100,799000,23195200,3736300,850100,4195500,216455700,1511700,4179200,2072600,1876400,4829400,3030100,890300,1190400,12292400,1735600,16844400,13831200,2455600,12079000,3532400
2023-02-15,65573800,5648100,32481900.0,4060300,1890200,2088200,1687500,4980000,46430200,1783300,1381500,47957600,2623500,12683000,1501200,4846800,23500100,7482500,479200,2410700,4057000,9216600,2398200,1831000,34244000,1760200,4399200,17869796,1144800,7203700,1422600,4997000,27071200,6435700,8885700,4260900,1424800,2106653,8156000,1425200,3276800,1602800,1703200,769400,3136600,4344500,383400,1037600,8479400,65850000,10787200,953100,7305617,5614900,2264100,11660100,50169000,1687200,7489500,2585500,2686664,2506700,1429900,23359400,1340800,12621800,6728300,940400,13171400,2493000,3600700,927100,1849900,8541000,2203300,1862000,4016600,3746400,25308900,1036400,3022651,4893300,3048800,6416600,6464200,28922400,10457400,9344300,8630900,39660000,5687900,828100,5279500,1354100,420575000,2425900,4329900,17780100,4125500,18994700,5530300,1001600,1733800,3035600,2626400,3501100,2610800,341100,758800,2551000,4059100,4184800,1906700,7077200,3758800,859700,1011600,999400,31145400,3389300,1038400,5334700,181006400,1855200,3879700,2242500,1750000,4407300,3976900,2026100,899800,11265200,1865000,12854000,14674200,2810200,13663400,2510800
2023-02-16,68167900,3757500,18705800.0,3299000,1899200,2917000,2054600,9117600,57755200,3291800,1719700,56339200,650800,17449000,1899100,4388000,22681100,8530000,492600,2801700,6152200,9398000,1934900,1649200,30227800,1525500,4701800,25511437,1556400,6531900,1456000,7483500,48125300,8317900,6727500,5425200,2122500,2224303,9479900,1484100,2150000,2742100,1353200,640100,2096000,2877200,669500,1497500,6338900,64145500,11010300,1278500,5645893,5760600,2649700,14549600,42462600,1947800,8013200,3169200,2922949,2965500,2219900,28972500,1615200,11177000,8165300,1334600,16538300,3209100,3654200,1939500,2479000,10906000,2792700,2785400,4760500,6419600,25827500,997300,3223340,5422300,2595100,5959300,6051800,29603600,12683400,7795600,7494700,52157000,4722200,968200,5752500,1372900,412026000,2447500,5942500,12173900,4973200,17832000,7595700,1061400,1782200,2934300,2876500,5788400,3212900,555300,400400,3524300,4596800,4665100,1712400,5089700,5312200,959500,967600,1009700,35161100,4739800,1173700,4689200,229586500,1349300,4212400,2611500,2633000,3865900,2589800,2402700,1039300,16625900,2938100,12631700,16312200,2870600,11360600,1951100
2023-02-17,59144100,4562400,11386700.0,3564100,2722400,2985700,3127600,9287100,47826600,2978100,1793500,60029400,1141000,14215000,2355300,4985700,28562700,7175000,519200,2720500,7973300,12297700,3759300,1659100,31103300,2116900,5019100,14930318,1662500,11294500,1340400,8084500,25321400,7320800,9612100,3907200,4888700,1898311,9492200,3369700,3041300,3370500,1045700,798700,2528900,6201900,428000,1682700,9366900,54401000,11621300,993300,5543523,6306200,3978700,13034100,34284100,1857300,9565100,4985500,3024274,3466200,1700100,32086200,1595600,12401900,7948800,991200,16814700,3231600,3695600,1184200,3462000,13841000,2718900,3055600,4733500,7339800,24171300,522900,3381929,7825200,3275900,9474600,8133000,30000100,10874900,9436100,8575200,52947000,5161500,830100,9820500,1229600,465888000,2891900,6398400,20380400,3952100,18293400,8034700,822700,2623200,4433400,3537600,6022500,2019400,492700,614800,6507500,6876400,4764700,1594900,9162900,5356500,1292400,1206300,851100,29997500,4926200,1182400,4617700,213738500,1355300,4060800,3891500,2510100,4520200,3380200,1122400,1278000,15029200,2544000,13463800,24770700,2308000,20758300,1954500
2023-02-21,58867200,8466100,6618700.0,5204300,2446200,3002700,2834600,7583900,44045600,2524100,1888300,56580400,880900,22737000,2713300,4663800,37068900,5630000,646400,4131100,8177300,22899200,3105900,1640900,20923500,1191900,4098100,20022255,1674500,7200600,1811800,5210800,25100500,7245900,7259700,3668300,1936300,2958631,10648200,2382800,3262600,2656400,1285100,1422100,4196700,4582000,463600,1484000,6675900,77724200,15233000,1715900,5101965,6085600,7926300,12320100,33629300,2403000,6049000,10891800,3003585,4257200,2639800,63668400,1852000,9423900,9996300,1161000,14278300,3245700,2515600,1379400,3942900,12458000,2730900,2824300,6795100,6742100,34592600,486200,4651364,8236200,3988000,6741500,6556000,28397400,12667500,11915600,6856900,57103000,5110300,1272800,5492500,1333600,410015000,2603800,5260300,11314600,5797300,17356600,6899500,926200,2448600,3871000,2569200,8164400,2982800,411700,680000,3853000,5438000,5828300,2326000,7422100,3088400,1612400,1206500,1022000,28220300,7122600,1395200,5648800,180018600,1800900,7030300,2877300,3994800,7276100,3343400,910400,1125300,17805500,2300900,13652700,54393900,2664000,14469400,1791300
2023-02-22,51011300,6041700,5759000.0,8900900,1823800,2599300,3583000,5089200,50286800,2187600,3564500,59534100,1148600,23475000,2468800,2920000,38550400,4150000,937900,2899500,10653600,14431500,3145200,1727700,25605800,1865300,3645600,17725111,1336700,7929500,1332000,4343700,20301900,5614400,6205900,3605600,1356300,3133697,9885100,1781600,2070500,2270200,1047800,783000,3932200,3772400,354500,1555400,6907200,52844700,9818800,2388900,10829053,4986800,4089900,9870000,30884000,2203800,7377700,5922100,3144061,3200200,2323800,89195300,1456200,9820200,11107500,884500,12409600,3595100,2379800,900300,2667400,10418000,2109300,2192000,3997500,5358300,22433200,378300,3175380,6908300,3142800,7213900,5072400,22491100,12260300,9351200,9596600,45462000,5022000,1289100,6185500,1411000,513184000,3501900,5840100,17198700,5299500,17394200,6126300,497000,2526300,3518000,2087700,5517800,2044600,415500,419800,4489800,7523700,5389100,2339200,9181100,3523600,1399500,1674500,1086400,25308800,10844400,1705300,3540100,191828500,1634800,4577400,2982800,2376900,4621800,3245400,608300,1010800,15086800,2199800,13402900,29844000,2080600,13973800,2103800
2023-02-23,48394200,5993300,7013500.0,4611100,1885500,3154500,3829200,7136100,76391300,2211600,3234000,48467000,1377300,18939000,2575300,4139400,28488000,10490000,614800,2736400,7734000,12550700,3219000,1697400,28657500,2163300,3008600,18885046,1382800,6095800,1546300,4679400,14066200,7283000,6445500,4171400,1086900,2504160,10974800,1201900,1889400,2459500,1157900,766400,3054000,3846400,227000,1286500,5860900,57952800,12760600,1345000,10120732,5344800,2991900,19930700,41206400,1931400,5403300,4354500,2595843,3725600,2729300,56473200,1427100,9385100,8068000,1121100,12222800,3836400,2229500,917400,2332200,12271000,1975500,4217000,4841300,4637300,20017800,354600,3520785,6284600,2893600,6922800,5916100,29219100,16094600,9049900,7718100,132387000,4101900,995300,4734000,1140400,1117995000,3560100,8637100,12734600,3801400,21104300,5835400,636300,1844100,4327000,2738000,6440200,2066600,553300,683600,3227800,6857900,5260800,1718500,6324500,7870800,1053000,1245800,1036700,24845800,6463800,1160200,5563000,146360000,1190600,4856600,2511800,2341200,5533800,2620300,567200,750700,16738200,1680500,14783600,22021200,2415800,11289400,1769000
2023-02-24,55469600,5621100,5119800.0,5476800,1735000,8444500,3248100,5808400,46700000,1853900,2727000,57053800,1507900,15353000,1667400,9658700,27046600,14092500,553500,3656200,8910900,14547300,2105500,2045600,32077800,1473800,3115000,19375866,1640600,5617900,1587600,6569900,17251600,9271000,5330200,4915800,1031200,2042582,8523000,1203200,2320800,1997000,730300,1145400,2863200,8752100,286200,1708100,7671700,50631600,11207300,1387600,8704340,6290000,2786500,12929600,36585100,2428600,8757500,3713300,3507136,3015800,2765700,44089900,1416900,8689700,9126900,726400,9736200,14737800,2594600,1009300,2163500,10353000,2016100,2645300,4280200,5240300,19791300,251800,3424028,5704900,3218600,5787900,5414200,24990900,9867400,9127800,7342300,68307000,4693000,629300,5430000,1316200,589716000,3220400,7659200,13116300,2959100,16806100,5260700,587900,2517900,3561600,3005800,7357200,2875100,525900,293900,3915000,6019700,6470400,1423100,8458700,5468100,1047600,1071600,1603900,29138100,6312100,852600,4593600,142228100,1218300,4118300,2940400,2674400,4414400,3012900,630300,1085100,16431500,1927600,16040300,20623500,2293000,14351000,1843200
2023-02-27,44998500,6828800,5011400.0,4489800,1512900,3500600,2931400,5362700,45617300,1723000,2348100,47470300,1017900,18321000,1909000,4318900,30137500,9072500,560000,3652200,7524600,14190200,1720900,1854000,23336700,1275200,3434600,18688078,1435200,7429300,1501700,6891200,14776400,7933300,6386800,6682500,920200,2467838,6641200,1481900,2416300,2300100,880600,947500,2910100,4772200,458400,1927900,5390100,60378100,8130300,1324200,8007297,4930000,2672700,17310600,27502300,2842400,7597200,3238300,3568249,2761300,4052200,37657000,1421500,7267100,10014700,756200,8849800,3708600,3043500,1149000,2764800,7905000,2200800,2024800,3175600,3328900,19277000,278800,4252976,9168800,3057500,5654800,5645000,21190000,8514000,7029700,8277800,61426000,4239800,681400,7410500,1272000,452994000,3981100,6748800,17984600,3208500,26370300,5820900,687400,2439300,3862700,2699500,7787200,2459700,557100,441100,2986700,5235100,7722100,1173900,6287000,4839900,1330200,1383900,787800,22981100,5270000,1110600,5287900,161028300,1204200,3310100,3006200,2925400,4255300,2901900,768500,856100,14210900,1199700,15468200,16647300,1820300,11710500,1183700
2023-02-28,50547000,7561700,7317100.0,7877000,2160400,2714200,3593800,13010900,44220100,2615700,2741400,43959300,1038200,27822000,2301400,3589900,32620600,8500000,859100,4736800,7207200,12932400,2647700,1687200,39800000,1753500,3614300,26114078,2140500,8771800,1918200,6912600,16622400,9559100,10854200,6158100,1465200,4017936,8233700,2178200,3155500,2900400,1394600,1533900,3177400,4907100,572900,2288500,22622100,59796800,11700900,1464100,11441143,5808900,3862900,17166700,30142000,4945600,11298100,3949500,3299816,5143100,4180100,50255300,1366600,9062300,11019800,1189900,16082200,3274400,3966900,1155500,4391400,10899000,2732900,2853400,3719400,5597000,46051100,299100,4043078,8018500,5774400,10209900,6745300,22491000,10493300,11276700,9074800,36761000,8414100,764400,7343500,2330700,455963000,5975000,7468000,34364400,4317100,31086900,6709900,712800,5780900,4976500,4104500,6491800,3662300,622700,752300,4470000,5186500,9474800,1675400,10634200,4751200,2118700,2046800,1321700,34154800,5626300,1188800,5648900,153144900,1418300,3674500,3902100,3703000,5385400,5428000,612800,1510500,16685300,4664400,18627200,18054000,3297700,18107000,2935200
2023-03-01,55479000,5485800,4645000.0,3963500,1700500,2377700,2997900,6756800,44266000,2441300,3261000,52299500,1038100,15484000,2566500,4402300,29281600,8222500,635000,3397200,7522400,15966000,4117700,2021800,26906600,1557000,2880800,18438187,1713800,6064700,1759300,15841200,13449300,7444400,7470400,7611300,1354000,3254731,7898300,2351800,3373100,2012700,886800,807700,2960200,4942200,443000,1676600,7707800,85328800,14042800,1179800,7512988,5269700,3584600,14164800,31111200,2717400,6128600,5905100,3428834,3760700,2864200,47823400,1290800,6767000,7139200,731600,13275800,3474000,3580800,957700,9814300,8566000,1968100,2058900,3383600,5115900,30998400,277300,5877981,8102200,4295300,6099000,5429600,27565300,9141400,11809200,6486800,49113000,4120500,588800,4587500,1805000,460026000,3625700,5119800,14414200,5359100,21104400,7101800,862800,3757800,4220200,4581100,5530600,2326900,586000,495100,3739900,5382200,7389500,1515300,7166500,5571900,1655500,1194100,746100,23339900,5512900,1126000,4353800,156852800,1011700,4649800,2996900,2307500,4792700,5042000,708400,1056400,18411700,2665900,13382200,14180100,3197400,13200000,1594200
2023-03-02,52238100,4567800,4087300.0,5209900,2278300,3845800,2549200,6502200,60108600,1777100,1884900,55509400,1092800,27525000,1795000,5451500,44607200,8217500,490200,3152100,4591800,18104500,2676500,1971500,22463300,1498700,2916000,14539262,1345600,5458600,2379200,37712500,18281800,10094700,5582000,5276400,959800,2236034,7776600,2259800,2589000,2349200,1078700,887000,2186500,5850900,471000,1442200,8843800,78214100,9786500,1092500,8546337,3459400,2374500,12908600,32204400,3259800,6917400,4103700,4513812,3340100,5821600,48309300,1153000,8762500,11106800,864600,11758300,2266600,2885200,835700,4096900,8731000,2526000,2385900,3395100,6635100,17352000,333600,9076803,7355100,3054000,5097500,4632400,24808200,16625500,16066500,5550700,49110000,4443200,549000,5783000,1445500,389415000,3244700,5293600,13858700,4476300,19110600,5924600,649100,2591400,3316400,4644000,5258900,2315800,425200,484200,4134400,4777600,8579900,1350100,5668300,5766100,1277700,1175900,1395100,24184800,4878500,941200,4621300,181500700,4321600,4551100,2188800,2334500,5539300,3473400,910600,766600,18818900,1677800,19115000,14785500,2443200,10339900,1606700
2023-03-03,70732300,4851200,5499400.0,4982400,1596100,3725500,2715600,7232400,54536200,2214500,2044800,55759600,929100,46088000,2875600,7496800,39109100,10477500,812200,4493000,8236800,15879900,2314700,2064100,29919900,2179000,2532600,17900952,1416300,7075100,5354200,12087200,15969900,12145900,6007500,5971100,1097400,2192719,7434300,2673800,4061800,1600400,892500,1236000,3807100,4824800,403000,1546500,7547100,80080200,10232200,1612300,9618780,4915300,2540000,13429700,35160100,2396200,5885800,4036700,3306607,2860300,2938200,36744900,1458300,5747200,9513100,782800,13101800,2940200,3002800,1060500,3483200,16844000,2174900,2725800,5001500,5641200,45877700,246600,3636797,5755400,3651800,6124300,6504000,30760100,13769200,10724800,5671000,59533000,3871800,726800,4957500,2106400,412393000,3574000,5498500,17088900,3627100,20922000,5259400,596300,2529400,2465700,3755700,7052100,3100600,604800,719900,5072800,4882100,5845600,1297500,6726500,4965500,1060900,1045100,1383400,23501500,3864100,1153600,4250300,154193300,2119600,4379200,2863300,2499600,6055400,3703700,730900,1060300,23407500,1979800,14947200,16888800,2790100,13006700,1663200
2023-03-06,87558000,4051900,5292500.0,5005100,1649100,3060300,1735400,5775700,54541300,2591000,1788900,52112400,631100,24983000,2730700,7004400,36646700,11200000,543300,4889800,6288900,12693300,2317100,1603900,32128800,1316300,3001600,13254381,1455100,6200900,3104700,10770300,13878400,10156100,7703600,4681200,1007500,2414822,6773300,1447300,2709100,1860100,876000,1517300,5398500,3893100,179600,1386100,6484400,50571200,8697800,2148000,8084105,4500400,2676900,9810000,32639300,1614200,5164100,3763200,2887830,3131200,2383000,37879800,1204900,8148200,9261300,773200,16282700,3846400,2673700,905700,3160900,9731000,2789400,2217600,3443100,3878900,33209400,256900,3373677,7112300,3271300,17776600,5215200,24109800,14472200,6888900,5775400,56607000,5183800,761200,5470000,1842100,437429000,3483800,7424800,12890800,3611400,19434800,4943100,699700,1961600,3524800,4000200,7031300,3288000,469500,622000,5064700,5237100,6969900,1861500,6116600,4832700,779000,1612700,714800,24072100,5819900,1163100,4498100,128100100,1461500,4090100,3812700,2419500,5737600,3413900,692300,1026400,22925600,2880800,14236000,16720800,2328200,14347400,1489500
2023-03-07,56182000,4606900,5590800.0,6349000,2219300,2252800,3381000,5225900,70959000,2362200,1907000,49100700,893300,19334000,2906400,4619700,52855300,7430000,417200,3609700,7311500,30953800,3018400,2368200,24794000,1234600,6423000,21414797,1696800,4973200,2659100,9024300,17506600,9669600,7393000,4625900,1181500,3195624,6951300,1571100,2817000,1871700,1031100,1221900,3938500,3020700,275800,1605700,8039500,46540400,16238900,1526900,8643445,6112600,2287800,12126900,27835500,2048500,5195800,4512400,2950641,3530400,4810300,43164600,1680400,7457700,11747600,693400,13961200,2218100,2620800,1137900,3320200,9382000,1660800,2766600,4364800,4850700,36701500,325400,4033869,7032200,3592500,13805300,5461400,21473200,13278300,7308900,9080600,45531000,5345700,923200,6076000,1358600,515154000,3548000,5382400,12547300,4094900,23205800,5606800,1077100,2242200,3682900,3119900,8879700,2220800,757900,549600,5139300,3976300,6377900,1310100,6908500,4115000,1376100,1463900,897800,27944000,5224700,1012800,4682100,148125800,2273500,3844100,2589200,2822300,4386800,3577600,597000,1057900,23713500,4827600,24056800,17387400,3223400,11525300,1287600
2023-03-08,47204800,5860100,3290800.0,6252600,1462700,2518900,2108300,4474900,69529800,1842200,1603000,44899100,695600,20912000,2101400,2406900,40045600,5285000,554800,2701600,5738600,12847700,2068600,2650100,29901000,1317800,2942800,18619150,1271700,4576800,1548500,6749100,12055500,6657000,5435800,3424100,1365900,3353318,5668700,1546300,2450000,1205200,1128300,1346400,3129300,2807500,366900,1975500,4665600,46421000,9938600,1073900,7598067,3859700,2017000,10674800,34103300,1584600,5565200,4680300,2190859,2778800,2651700,36071900,661800,6230500,10002500,962300,10851600,2222800,2313200,1252900,2670400,10541000,1634400,2314000,5563200,3015400,19432400,425900,4107901,5304700,3516700,8440800,4121300,17340200,11515700,5913600,6672700,34795000,4175200,1089000,4088000,1125600,513573000,2807300,5159200,22947000,2920200,16756100,5518800,770900,2018700,3533100,3876200,7633900,2950800,670300,587400,4299000,4225500,5371900,1035000,7555000,3238900,1244200,1177800,677500,31510300,3811600,1453000,4393100,151897800,820100,3805400,3036600,2277900,4194900,5029800,607600,676700,20295600,1732700,14852000,19090800,2825500,13509800,960100
2023-03-09,53833600,5350200,6147700.0,5146000,1949800,3798300,2006500,5701400,79496700,1736900,1463600,56218700,756700,21775000,4349400,4284000,112457900,8157500,787100,3929500,6083600,29460100,2518800,1901400,37505400,1807200,4893200,15230145,1645000,5191600,1629400,7102400,12497700,11040400,6214700,4231100,2082000,2708554,8275600,1867500,2750800,2344700,1179300,1061400,2802500,4649300,428600,2014000,5046400,65423500,11896900,1954600,35826152,7500000,2251300,15604100,28813500,3177800,7695600,3248000,3383105,5478300,3507900,54886100,1181600,7439400,25888100,959800,13900900,2489100,3920300,1035000,2440300,13287000,2414700,2339300,4814500,4065900,26582800,397600,4142585,6671700,3370600,5842500,9162400,26653400,10200000,7678100,5196900,74434000,5635900,834900,7347000,1322600,501257000,3414300,10572300,13331000,4042100,18585100,4467200,1011600,2491300,3775300,5194700,8055500,4249400,600000,773000,4912700,5732300,40220100,1502500,8844300,3564800,1054200,1427400,1869200,24711100,7948600,1013200,5816500,170023800,1283700,4651200,2780400,2497400,5066700,4912700,726300,1000000,26506900,4593000,33599800,15415800,3239100,12961200,1527500
2023-03-10,68572400,6825500,5254800.0,7042400,2924600,4148200,2660400,7009600,70273600,2661800,2357800,69827500,860900,26098000,5104300,8547100,165330900,9590000,960900,5294800,7840300,29770800,5767500,2215900,46525200,2599900,3694600,21782272,2024500,5313100,2123000,14109000,16338200,7852500,7385800,4088800,2354300,3399228,13978800,2405000,2629100,2898200,1467600,1282900,3784800,4313000,477100,2754200,6166200,73897400,18172000,2537900,23152683,6203800,2663900,14139400,35941000,4559700,8529500,4730900,3890793,5990900,5375100,65187000,1778500,8504300,37599700,1142600,13745800,1534100,4597300,1335000,2986800,11804000,3176400,3093100,4727100,5744800,25665000,497400,4417904,7987400,3746700,9738500,16206500,28333900,14180700,10167100,7774300,57593000,5979600,772200,9421000,2466400,474866000,5725400,16029300,14715800,4129900,26328100,5928000,1480000,3717100,3970800,4367100,6884500,5226800,505300,552200,6340100,6641900,88882900,1678600,8608400,3892600,2845600,2448900,1610300,32018500,4880200,1081700,6332200,191488900,1429600,5929700,3787500,3442600,6638900,3856000,1003600,1459300,23940700,4106300,55435400,20065200,3111700,15795700,3326400
2023-03-13,84457100,7653800,5282000.0,6553000,3232100,4203500,4420600,8221300,65269100,3146000,2325200,72397100,980700,22364000,6123200,6671200,218403300,10455000,997600,4993000,10575700,50709200,4885100,2447700,50015700,1404300,5949900,23668301,3158700,8789700,1799600,9154800,20280800,7165400,10106100,5463400,2000700,2691634,11915300,2979900,4542700,2662500,1234700,944600,3225900,4301400,435800,2337900,10910900,119167600,18949400,2267900,14201502,6845700,3946800,21584200,37335600,5660700,11090100,3892100,3420240,8188400,5413900,50977000,1539200,10799600,42901100,1246400,21956000,2228900,5275600,1701000,3116300,9427000,3308200,3552400,5788100,11336500,24728000,331700,5036476,10962400,4107500,10687100,15175400,33339700,17365200,8388800,16698400,62924000,6038200,1237200,8422500,1968500,421890000,6428000,10299800,19574500,8265100,35299400,8337100,1054200,3314600,7568800,6037700,7673700,5875600,505200,985900,7757700,6408200,148476900,1727300,10914700,5202200,2279900,2248000,1430200,39835000,5484600,1405800,6706400,167790300,1215400,5453400,2971600,4435900,6810800,5199200,910700,1355000,21834500,2710300,78806900,28142100,4978500,20745600,2772100
2023-03-14,73695900,6644100,5416400.0,5093900,2925600,3850900,2926900,8322400,66616300,3227100,2461600,60912700,1814500,25893000,5284000,8245700,154255800,9472500,928600,5251500,10208300,42165900,3754900,2765000,45033700,1731200,5098000,29261515,2340300,7090800,2422900,10138100,17679600,8180500,10035200,3980000,1636600,2577480,10323600,2170100,3778300,2144400,1168600,1610800,3453900,4556500,500800,2462300,7436100,93844200,17198000,2582700,14218418,5499100,2983100,18938200,36050200,3785900,8145700,5116000,5149245,8114800,3523500,47689800,2109500,8421200,29648100,1362800,19496900,2580100,4214300,1761400,3909000,13106000,3413300,3194400,5799200,7653600,41642600,446100,5707312,9327900,4528100,9806900,11089300,33620300,14657000,8635800,11233500,59567000,6050800,1782800,5682000,1652000,474910000,5061000,8732200,16825700,6480800,24583600,9219700,1612300,4342500,6141300,3521200,8312100,4137100,535500,794600,6407400,6248800,112494900,1472000,10345900,5092400,2467000,1953200,2193300,32076200,4303800,1409800,6487700,143717900,1267400,5034600,3258200,4892100,7985600,4717300,953000,1095200,22433200,2347200,52855100,25542600,3794100,18263500,1911300
2023-03-15,77167900,6304600,6305100.0,5712100,4508000,4627100,4085000,9517700,86177400,3092300,3117500,70731800,1293200,22963000,6100800,10894200,131104400,10640000,1130000,7162800,10654300,41832800,5471700,2746700,54438600,1585000,5993500,24189103,2785400,10661200,2226300,7716900,17354900,7989900,14063100,5175400,1964100,3047292,9543800,3288600,3856800,2803200,1375100,1136400,4213600,6558500,492100,4526100,10791200,108909300,26465400,2674300,15107797,4875400,3315700,17992100,50622100,6596700,23463100,4835500,4165804,5989300,4261300,49322800,1594000,7757700,34280600,1013400,21089900,3395300,4743500,2273300,3794100,12145000,3082600,3419400,6068800,8512800,42123600,596200,5850473,8897600,6669100,10942700,14814000,46028000,14643600,12030300,14169500,92153000,6599200,1513200,5934000,3214200,524486000,5503300,11463000,30722100,7099800,25498400,8823500,2064800,4416000,7110400,6810300,8596900,5749100,499300,1125400,5755300,6603300,87012300,1425700,18103300,6256400,2499900,2068500,1535000,34436400,6420700,1918900,7801500,145995600,1086900,4918300,3770200,4306700,8372200,8770700,1081500,839100,21722200,2623800,47324600,33133500,4601300,25733800,1824100
2023-03-16,76161100,6331200,7691900.0,5289100,4119600,6946600,4169200,6787700,115839200,2326000,2622400,84446900,900000,31716000,4737300,6747300,108348800,8440000,726200,6325700,7845500,28877300,3555000,2261900,51497900,1473000,4256400,23735522,2176600,10111500,1979600,8369500,21425100,6639100,12849600,4467700,1621800,3028567,9931700,4055000,4859300,2110500,1329800,1230100,3420600,6637900,531400,3451800,8506700,74017200,25292000,5068500,10183883,7274500,2402000,23883900,65492000,4399100,15457400,4400200,4087184,6438700,3963200,75779500,2072100,7605500,24558500,1355700,15658300,1750100,3498200,1633000,3153900,17754000,3768100,3097900,6275800,7079900,50447100,392800,4356550,13617300,6170000,9441500,15342400,54768800,14791800,8895800,10056300,79037000,5658700,1074800,10371500,2848700,583253000,4573500,10148100,22719100,4734400,21095900,7063400,1513500,4409600,7200300,5801500,11207800,4607100,1023900,977400,4635500,8188600,66199500,1390400,16769500,6737200,2496700,1351300,1092500,31731800,5314400,1135800,8213900,121136800,1516500,5028500,2940500,4710200,13674600,7040500,1026800,1120700,29164400,2916400,40388800,28905600,4175400,27465200,2040500
2023-03-17,98944600,42756400,5513600.0,10848100,6470800,6725400,8072300,13761500,94080800,7817000,3456900,87300200,1545600,79303000,7447200,9858900,130665500,19970000,2701500,15609400,10689300,37130200,7203000,3556700,53049200,3738100,9106100,55189188,5039500,17056000,3959300,10493300,47642700,16807800,33161800,9392100,3124500,3911002,12943200,5200600,5914300,3077500,2548300,1743100,9040100,11147800,841400,6000400,28178200,249885100,18290700,12660500,12765689,16828100,8367800,27743500,61028500,6369800,17666200,8342000,7834106,37400200,6094000,80628500,2304600,20540700,38396000,3033500,27351200,5702300,8679800,6525100,7271200,17026000,8426800,5075300,8782500,13634200,50141100,579200,13617297,32421700,13118700,26402100,19935800,69527400,26655200,14137400,27337100,69188000,12868900,1599300,14587000,5407600,848547000,7068400,13065800,21005700,8854600,57457800,16018800,1809500,6508900,18801400,10256800,12304100,4867300,893600,1274500,8157800,10189700,64528800,1756500,20723800,10618900,3489000,3418200,2433400,58728600,7790200,1947900,9163900,133197100,2835200,12963300,5290000,20535900,18801200,13800900,1296700,1676000,47352500,4939900,47403800,43081200,7941100,43199500,3605100
2023-03-20,73641400,4408200,3997700.0,6075700,3182100,3946800,2718300,4974700,92008900,2020800,2000700,62388900,726400,25857000,3054300,4764000,81441200,8072500,924200,6056000,9053900,31899900,3464200,1885500,45019800,1626400,4557500,17623106,1952500,7932900,1623800,5513200,22699700,6191000,8469200,4195200,1325100,2496264,6657200,2229700,3159900,1725700,1737600,927900,2469000,3560600,429100,2009000,12383300,74975100,11952500,3336400,8705343,4672600,2849900,14938800,32960400,3963700,12240900,3677800,3014089,4588300,3112500,38780100,995500,7129000,22875500,876000,12904100,2305000,3540900,1515400,2405100,7553000,3864200,2108900,3825800,8081300,25186300,434700,3255392,14074200,4830700,12865800,8649800,43466600,10610200,7140100,10192000,51134000,7594100,662300,6895500,1940300,432747000,3943500,9177300,14579700,4367000,20825400,8379200,1231600,3851100,5109400,4692800,5945000,3755700,587800,687700,3972700,4864000,46523700,1035100,10496100,5773400,2393000,1505000,1135400,27382100,4368400,897200,5601700,129684400,1974400,4964600,3119400,3974300,9817400,5343700,1126400,767800,19247800,3012000,34283700,33928500,2906300,32042100,2145800
2023-03-21,73938300,4675700,5374400.0,4475000,2831200,4479200,4532000,10090100,85285300,2128600,2578100,58597300,967000,25000000,3986800,4673300,84854800,7062500,791200,4724000,6580500,29835600,3074600,1890000,43641300,1704900,4561200,18201099,2753100,6770200,1664000,6982000,23334000,6779800,9753500,5097800,1341700,1991935,7285800,4285700,4087400,2428900,1137900,847200,4290800,4177100,501100,1517500,10248800,74794900,11516000,2006800,8553980,4744800,2601400,13685100,42110300,3242400,12423000,4788200,3325068,3856300,2618300,55650800,1560300,8376800,17807800,764200,13716500,1792600,3240400,1069000,2940400,10286000,3766800,3120100,3771800,8566100,31827000,577100,3137826,14067400,4607900,11571800,8905600,34558700,14613700,6222300,7673300,48863000,15078800,680100,6410000,1758900,547408000,4396700,6683700,16959100,3812000,19982000,7753200,1385300,4078800,4039600,7228900,6900600,4113500,372100,824100,5135500,4743700,39433900,1110000,10486500,6030900,2114000,1067000,1220400,24313200,4539400,1000100,5559100,153391400,1537300,4217500,3163300,2965600,8971400,6393200,1067800,1025500,16648100,2465200,34664700,19013400,3796100,31592300,2453500
2023-03-22,75701800,4376900,3971100.0,3606700,3059300,3878400,3156000,8342500,110816300,1725100,1943400,57475400,1023300,25799000,4367300,7311600,76925900,6827500,480100,3086300,10461900,21672000,2930200,2074200,47728500,1183900,3180800,17241866,1861700,5635500,1299700,6575600,21399400,6806000,6315000,3737500,1202400,3589634,8811100,2592100,3089700,2266900,1120800,717300,3252200,3803800,513200,2213200,9537200,69729100,12672800,2191000,8784783,4909500,3516800,12929700,43427400,2505900,9846700,3723400,2491759,3549000,2157100,37415500,1151800,7943500,17250200,886400,10494200,1434200,2472200,1261700,3275700,12139000,2596400,2240800,5048100,6989600,28477800,489000,3355378,10883600,3226000,5705800,7299300,34873300,16949300,7038000,8653600,58080000,17625500,726100,4657500,1407900,797295000,4155200,7233700,13936200,4380800,15444200,5729100,1241800,3472200,7748300,3012600,7072700,4380900,322900,776900,4042000,5917700,35735700,2572700,11557000,6618600,1648900,1133800,1453700,21071100,3820700,928400,4630600,150376400,1373700,4738000,2632200,2758400,6700600,3910000,726200,774700,15321800,2457100,22994400,18548400,3446200,14952700,1475600
2023-03-23,67622100,4584000,4028500.0,4525000,5166900,3138600,3862100,6182200,84088900,2175700,2053200,57559300,2001900,27162000,3727500,6266900,105335900,8812500,483400,4015800,7203600,24112600,2957400,3191200,57700900,3386100,3494500,21684641,2100100,5866400,1565900,8685000,17775400,9031800,7859400,4159000,1566800,1810553,9527000,2573400,2764400,2436200,1254000,1900400,3184600,3868300,385500,2143400,8451800,74225300,15292600,2583700,10834691,5015600,6082900,12585400,40797800,2585900,9860600,6005800,2504066,4651900,3436000,43785500,1734900,9051500,16677600,1219500,15479000,2082100,2703400,1168500,3346400,15379000,2598100,2263800,4942500,6043900,27389700,572700,3800051,15549800,3236300,6801700,9373000,36610900,23903100,7541200,9543400,156533000,7628100,1123900,5827500,1645400,564889000,3559300,10747100,15059300,4655600,16958100,5788400,841900,4007100,5549100,2856300,7353800,4243800,1994000,639300,4352100,6879200,46162500,1873400,12213400,4542600,2180300,1413200,826300,28957800,5003700,951600,6064400,144193900,2357600,5083300,3284900,2901700,6427700,3793700,740000,1312800,15799000,1743900,30239900,22044300,3184600,14385900,3560800
2023-03-24,59196500,4678700,4290900.0,5269100,4123600,2993400,2527200,6354500,64712400,2547300,1897500,56095400,1329500,17228000,2588700,4511600,96872700,8240000,574100,3905400,10069300,25453900,2976800,2784000,45523800,2216500,5013500,21735857,1382900,8385900,1635200,6102700,19438800,6061500,6600100,3059300,1361500,3377909,9534600,2618800,3608700,2527300,1113900,1668200,2269200,4183200,367000,2194900,6985000,72425300,13894800,1772600,8342975,4806500,5328800,11912100,30393300,2456700,11349900,3851000,2474570,3812300,1995200,55912100,3269600,5696200,22311100,1375700,12975600,1793800,2791900,1126000,2692400,13960000,2971500,2229200,5487600,7200600,27716400,352900,4249268,10444800,3856100,6661800,10978700,28172000,18735600,5293900,9364300,129917000,6158800,1006400,4613500,1493100,454920000,3675100,5852100,13598000,3713800,17218100,6144800,800500,3721400,3897500,3718400,6987200,3978400,1129400,647700,4711900,4685400,45393100,2237100,19753600,4885300,2022700,1192800,854000,32058000,4643500,1012600,4406800,116312400,1178000,5345400,2533200,2586700,4791500,4362200,717100,2376600,14957700,1576700,35694800,22752300,2713100,13401600,1864900
2023-03-27,52390300,3887800,2819600.0,4627700,3743800,2832200,1919000,4628200,57461400,2129100,2389800,46721300,1078500,14707000,3984300,3891700,102469800,6160000,411100,3833900,5754200,29335200,3209500,1745300,93540200,1666800,4203900,17428165,2108900,6049700,1452100,7776500,15857200,5587500,7006800,3958500,1392700,2094019,7487900,2121300,2718100,2276500,926700,1104200,2233800,3745100,356800,1890900,5372000,55941100,12486000,1869900,7524516,4444900,4580900,11318400,31120900,2300600,9123100,4269700,2263219,6524100,2229500,34758200,1682700,6772300,18853900,768800,12777400,1475900,3102300,1273000,2488400,11071000,2420300,2799100,7203400,6253800,18527200,313300,3345690,9624200,4107400,7563100,6626900,26840200,15901000,5515900,6274400,86258000,6564200,626800,4676000,1349500,361026000,3778500,8170100,14419700,4078600,20262800,5917200,693200,3087500,6061600,3475300,4818000,3671800,802000,572600,3591700,6022200,27218100,1021700,10579800,4100400,2225600,1202600,861400,26650500,3873900,865600,4945900,120851600,1036800,4453200,2271800,2283400,7210900,4003900,739800,1114400,14472800,1765100,27454600,26775600,2912900,14805900,1273500
2023-03-28,45992200,3532500,2941000.0,4815400,2869400,1780800,2158900,5523800,59150100,1887800,1480200,38720100,743400,12439000,4883700,5460600,63416500,5895000,373300,2436500,7820000,16206000,1802000,1258800,72930100,2127500,4241900,12609913,1629300,3792000,1407800,4899000,11124300,6457100,5605400,2750900,982000,1784834,5426100,3015400,3004000,1551100,690700,865100,2306700,3283000,284600,1637400,6953400,41385900,6945900,1357900,5023152,4154900,2806000,12214200,32057900,1224300,6983900,3633300,2195952,2888900,1752600,37407900,1179500,6115300,10820500,926500,10925700,1396600,2433200,1076100,1872300,14636000,1695900,2036000,4260200,5725900,19127300,443200,2945509,8796700,3913200,6679500,5209900,21878600,20496300,5935500,4884800,64894000,4461400,476800,5445500,951700,356104000,2410300,6378900,21795500,2850000,13537500,4213800,510400,1853300,4558600,3350700,5272100,2863100,362500,623100,2324600,4709800,23163200,958900,6816200,5637000,1190500,960700,824500,21547200,3209800,828800,3462500,98654600,983400,4061500,2369500,1850100,6418400,4099700,597800,1056700,13092600,2056500,15270000,21282900,1983000,11047600,1098300
2023-03-29,51305700,3959900,2711500.0,6780200,2431500,2497600,3185900,7865300,55326000,2744000,1784100,49783300,751800,26395000,3884800,3572200,62666400,5917500,589300,2650000,9333100,15047000,1857300,1838000,55593500,3023100,2873200,15556540,1615400,7596300,1643000,8085200,18463400,8064000,7569700,3121800,1455000,1692113,5889100,4373300,2348400,1522800,1075700,805000,2435600,3949600,414200,1789600,6126600,48655400,11948800,1674900,6162254,5469300,2567300,13290000,28779600,1475900,9118500,3607500,2847936,3279600,3677700,85556200,1538200,6012000,14595300,1284000,9441000,1132600,2743800,1146400,2436300,20722000,2327000,2053400,4717500,4833500,18851100,311800,3853034,7530500,4418800,6310200,4873500,25087000,51939800,5680500,5235500,62873000,5644000,584200,6522500,1030600,393694000,3023300,5233600,13107100,4496000,14429500,4987700,631700,2591100,4400100,3053600,6410100,4028000,459200,577300,3187400,4946600,26360200,1005200,9569700,4229000,1580100,1283800,1122500,23149400,3766400,1239600,3965000,123660000,770900,5227100,3733200,2546100,4483000,4453900,456700,1185800,12308900,1984000,20789100,24216900,2450000,14219100,2512200
2023-03-30,49501700,3635800,5437900.0,5199300,2293600,2139000,3617600,6213800,59678500,2577000,1477800,53633400,808600,21523000,2644800,6583400,67427100,6635000,392300,2694000,8146400,14226400,1921100,1299500,46584200,2834000,4181600,15921987,1309100,5461100,1545500,6932500,11754600,6523500,6322400,2824400,1267900,2996194,7669500,3786900,2500300,1979500,732400,1034300,1920000,4455600,386900,1699800,5341200,57751300,12550600,1647100,6623107,3822700,3209900,9300200,33086200,1456300,8661400,3432800,2121363,3561800,2908900,70077600,1908900,4555700,12134700,983700,9870700,1120700,2146900,950300,2157000,20558000,2480500,1788800,3555900,7116000,22608300,292100,2810241,6862400,2936000,5017400,4113700,25053400,23038300,6187000,7453200,71315000,4578900,541500,5393500,1077700,364516000,3008000,5640700,8311700,2743000,12634500,4117700,528400,3384600,5053000,2336700,8156400,2669800,625800,430500,5296700,4082600,45460400,1063800,7353600,3997100,1438800,797100,887000,19736300,3034000,1219900,4601900,110252200,859300,5535800,3324600,2075300,5383900,3254700,394800,781400,13918700,1610100,22340400,21879000,1993900,11578200,1318400
2023-03-31,68749800,4957300,5533800.0,6442400,3009300,3063400,2210600,5016500,55861100,2762500,2558000,56750300,1487400,22097000,3594300,5147500,56482100,9145000,516300,5020200,11585700,16009200,2746700,2379800,37314300,1876900,5153600,16920699,2047200,7708800,2082000,6634300,20588800,10515000,7041400,3466600,1779200,3107302,8920000,3935000,3205200,2347300,1716300,1084000,2674000,4940100,614200,2931500,5378200,66868200,11181300,1654500,9247391,7135600,3069900,10872700,36863400,2281100,10579600,5800600,2867459,4524700,3192300,59765000,1575200,9890000,13105200,1055500,14440900,1513500,2933600,1409600,3151600,11637000,3376600,2902500,3115200,7037300,25440300,305800,4319354,7711500,3143300,7184300,6142400,32766000,35416500,10124400,5832500,56102000,5659400,640600,12269500,1791900,433933000,4142600,10476300,9618800,4479800,23393600,7685900,1032900,5305300,3887200,3920500,6222400,2326300,866200,594800,4652700,6900100,43886100,1484500,8154000,5195200,3298500,1732800,1881400,27130900,5104800,1438700,5228100,170222100,1436200,4793100,3996700,2571200,9509000,3330600,1537700,1111100,22801500,3648400,30287900,20868000,5987700,14418000,1705000
2023-04-03,56976200,4389400,4230600.0,5432400,2417300,2712600,2926200,5146800,50655300,2478700,2876200,41135700,1173700,15682000,2704400,6085900,51996800,5577500,622800,4862300,11372800,16633100,2242500,1863100,39031900,2168700,3188700,21018086,1669600,12394300,1804700,5340800,16884600,9742200,12868200,2973300,1632200,2987734,7313200,4271700,6259100,1946400,1104500,1224200,2838700,5011800,519300,1352800,5013200,55956300,10302400,1980900,6199468,5083600,3380400,10887900,25035400,1808800,23958200,4007600,3048890,3840100,2661400,57038300,1554700,6841900,11775400,787800,12300700,1878500,3039600,1656700,3471100,11100000,2978000,2352700,3434900,5755700,17924600,441100,4804691,8385800,4745700,6964100,7728400,24883300,23610800,5778700,6309500,44137000,4838400,577600,6793000,1947200,398716000,5758400,8410900,24486500,3902300,20817200,5721700,1102200,2966400,2962800,4212300,6367800,2444600,451400,729600,4312500,3855400,24883200,1864700,20003400,4323500,2154700,1683500,1247800,31102500,4464500,1034400,5674600,169545900,1350100,4143000,4729100,2735200,6421500,6276100,849200,835100,19354900,2702700,21541000,19766700,3890600,28087700,1926200
2023-04-04,46278300,4224400,3349300.0,7979000,2331700,2569800,3146900,4772200,43195900,2942800,3431500,48662500,1256600,13429000,2063500,6192300,56233300,6517500,525100,2740300,9726900,15542400,4282100,1539800,38016300,1417400,3002600,21469107,1276900,5425500,1913300,4659100,13599900,6469700,7521400,2980700,1801600,2654410,6794200,3137800,5001100,3303700,1622100,846800,1763700,3631000,421100,3301300,4131800,54655700,12783000,1753500,8554983,4490600,4849100,11279900,24420100,1536800,13291500,2965700,2651545,3382800,3159700,55714100,1354800,8314500,11579900,851600,11433400,2299100,3585900,1081100,2500100,12698000,2198700,2282300,4198100,4397700,21026400,425600,4154067,7379600,5256800,6108200,6222800,25824300,21303200,6165600,14721000,32981000,5895300,495200,11236000,2938000,368592000,2832400,6651500,16176400,3306400,19514500,6714300,1121500,2822100,3064600,4202300,6962700,2595100,398000,751000,3239800,3854400,29144500,1747600,9378100,3067100,1228000,1098900,1132700,34207600,3102800,1085600,6955000,126463800,1647600,4724800,2624700,2498700,5254700,8945000,929600,952200,18577100,2150300,21942700,18113700,3180400,16365500,1737900
2023-04-05,51511700,5743000,6737000.0,7298300,2443200,2277200,4232600,6691700,52979300,2468000,2060200,45175400,943800,16908000,2346800,4138400,47799400,6522500,426100,2314500,7175400,11739100,4265300,2007300,25510600,2695800,4949500,17616704,1586100,5806800,1941500,3953700,13797900,7645500,6478100,3979000,3265700,3478865,7747200,4402500,4461100,2564700,1747700,1428500,2647700,3263400,455700,3049100,7595100,53332900,10516000,6601300,10642230,4615000,4624700,10949400,28290500,1329300,7919400,4002400,3214618,2898700,2964600,39615700,1366300,16704200,9614700,985600,12789600,2199800,3442700,1305900,2417800,16073000,2239600,2600800,6202200,5789300,19396600,505200,3171792,7865800,6391300,8006100,6045400,22064800,19456200,8200400,11767800,42055000,4331400,707000,6729000,2230800,515015000,4001900,7478800,12056100,3826300,29697600,6094800,1690200,2546700,4728000,6353400,6920900,2607700,560000,790000,3841700,5170900,37753000,1361200,9102100,4522100,1563400,948700,1317800,38673200,3893900,1035600,8223600,133882500,1142700,5904900,4964800,2718300,4813600,8034200,1304100,1126100,23561300,1612200,15486900,26540700,4231500,16479500,1216200
2023-04-06,45390100,5498300,14400100.0,5065000,2125300,1835900,2991500,6275000,47778400,2047800,1273300,43808000,869200,14493000,3754500,5618100,41216600,6817500,441700,3131400,9622900,11918100,4180100,1149600,28095400,1709000,3261800,21723160,1370100,5087800,4114700,6304700,14749000,8778300,5803200,3198000,1848500,2304504,7042500,2686100,2879600,1991000,1102400,815900,2966600,2843200,272700,2653200,8745500,36355800,8095600,3675700,8025340,3729100,3556200,10068100,48711500,1311000,5832700,3193400,2952020,3050600,3104300,28551900,1026500,9615400,8760200,746800,9644200,1627700,3531700,1093300,2403300,9652000,2357600,1731000,3417100,5024100,26104400,287100,2893363,6337200,3280100,6894500,3877800,29770300,21496500,5427700,8461300,46605000,4256900,575800,8457500,2292000,397654000,3177600,9146200,10480900,3389700,25931800,5399700,714700,2104800,3469400,3808300,5260600,3084700,550000,551800,3430400,3155700,28155000,1366200,6734100,4504800,1145100,1309900,1113400,29722600,3085900,780700,4263500,123857900,1508400,3743000,3472600,2206100,4285200,3170500,877200,912000,21546600,1858200,23484900,17891700,2476200,15778000,1594900
2023-04-10,47716900,3309500,5406400.0,4900200,1575900,1689700,1977400,4096500,52536300,1595600,1728800,37261200,768400,15400000,2372600,3729300,40572700,5145000,393800,2330900,5185700,11777100,3839000,1312200,24047400,1199000,2735100,13265371,1003100,4374700,1653600,5263800,10177700,9299100,5923500,2741400,1486500,2348045,8016600,3841600,2628500,1421200,907900,826800,1997100,2975900,310400,2701400,5005600,61326200,9373900,1880900,7499832,3465500,2390500,11530400,27067400,1114400,6514000,2799900,2695152,2614400,1780900,30534400,1160800,5354000,9477300,1008900,7952600,1311500,1868000,1024400,2387500,13389000,1559100,1941800,3132100,4965500,16106100,223700,3444719,6197300,2765700,6446500,6185800,23103000,43280100,5647500,7611600,26579000,3731200,594800,6213000,1525400,395279000,3083000,8681500,11531400,2408100,15137300,4891800,988700,2936700,3254500,2887700,5243700,2821100,377100,460500,3947600,3761600,31528500,1085200,5278400,3175800,1098800,893200,1125500,23617500,3899100,672600,4984500,142154600,942300,3488500,2714500,2157900,4952200,2369600,523100,665700,16114300,1305100,27005800,14519100,1722400,13006600,1686100
2023-04-11,47644200,2875800,4845400.0,4658000,3122500,2161100,2682600,3373000,51935800,1272800,2115100,60417800,598400,16518000,2742300,5277500,58761200,5917500,535800,3109500,5832800,14177300,3882000,1574400,26263500,1496100,7115700,15167192,1562200,4812200,1547400,4907700,15957900,8746600,5469600,2299600,1543800,1720313,7504600,2628300,1804500,1596100,862000,1121500,2071100,2184200,410000,2167300,4589300,63633600,11684300,1971600,6663078,3669400,2812700,16410500,26311800,1559600,7355700,2497000,2584172,3132400,2512300,27059100,1620600,5903800,10516300,991600,9913000,975100,2027000,1224200,2459000,9080000,3033800,2732900,2837100,5060100,16710100,385100,3530592,6553500,2582900,5639800,5582100,27276600,23090200,6019600,11762400,40448000,4471000,657000,4889500,1533100,314378000,7405700,8196000,8979000,3586700,15304100,6311800,869300,2553600,2894200,2484100,5001400,2383900,291400,610600,3408600,4010600,19861900,1096000,8081100,3239100,1106500,752400,792900,24664800,4367200,1158800,5550100,115770900,1204300,3296900,3065300,2844400,4513300,2476300,786900,649800,12539700,2369400,25116100,18370500,1956300,11758500,1197900
2023-04-12,50133100,4005000,6068700.0,4560700,2656000,1978200,2434300,5838900,53383100,2268900,2306200,56735000,464400,14112000,2817600,4600300,44313300,6905000,481200,2662600,9666700,14330900,2385100,1924100,34149900,2293400,4438400,17293403,1404100,8108200,2063700,5033400,16100700,9602300,6157900,2112100,2166100,2280026,9289200,2362400,1941600,1377100,764100,1152600,8052400,2805100,304500,2271400,7717300,53845500,9918400,2507500,8768118,5146700,2492800,12027400,24370300,1862400,7510500,3341400,3879865,3957500,2256500,37070800,1154200,5764100,11821000,811700,9593700,1613700,2672600,1105600,2665400,9728000,2268800,2557400,2406800,6794200,18972200,234600,3258861,6124100,2411700,6136700,4641800,27403400,16694100,6786400,8678900,39654000,4524900,574900,8112500,1540700,446259000,4749400,8040300,9185400,3620900,17035100,6137900,955200,2576300,2978000,3192500,5288300,2954400,414200,944800,4710100,4606000,19174400,1206000,8400500,3811400,1317700,903100,1126700,28179500,4828400,847800,4717300,150256300,1195600,3559400,3422400,3729000,4373000,2968700,700500,988800,13095200,1839000,20252900,11209800,2729000,10919000,1852200
2023-04-13,68445600,3868500,3878100.0,4778700,3164200,2434800,2062200,5299500,40572500,2020900,1686100,67925100,552500,17265000,2729000,4501600,52261400,8365000,694000,3323300,6397700,15578900,2909100,1469500,21807900,2994400,3315000,16580326,1364900,7160100,1600500,4716400,15451700,8439700,6856600,2897000,1627000,1989792,8745000,1939200,3211300,1637200,841400,932600,6979200,2912800,322900,2676400,12061400,75485700,17383700,1797900,11044694,4224700,2083400,16066200,24843600,1765500,5582700,3505800,3565597,5621500,1734300,29722300,1444500,5640600,12450200,816900,9871400,1667600,2839900,909500,2778700,12971000,2611700,3229300,2885600,5410000,23310400,306400,4108499,4844200,2495400,7332300,5086000,24222700,23286500,4928600,11922200,74064000,5355300,540000,8001000,1858200,353615000,5126000,6240200,7697000,4303600,22880900,5489500,1048000,2608800,2978800,2765300,6077100,2786900,471900,919300,3932500,4367600,16165100,1318900,6544300,4190000,1244500,732900,920100,25253900,5033000,1101900,3490800,112933000,1299100,3264200,4224400,2355600,7615500,3223100,605900,1259300,13515800,2032500,22397800,13272600,2530100,12399700,1324900
2023-04-14,49386500,3473100,3415200.0,5043700,2871700,1525500,1994100,5211600,38734800,1866200,1174800,51450500,485500,17465000,2618100,19066500,81110800,4635000,1117700,2975400,9464900,33064500,2246900,1895500,21640200,2823900,3756800,20997600,1175000,5052100,1675300,5073800,12360100,7434600,4930700,2640700,1113200,2791913,7337300,2709600,3217700,1377100,923900,941400,6120600,2442400,354800,1178400,6651200,43542000,11637600,1525700,7211767,4886600,3491400,9162900,26578000,2275700,6845800,2653200,2083698,4180600,2051200,24623600,1319600,7225100,43931300,786700,8946000,1078300,2287900,843200,2028300,9245000,2254600,2054700,2837900,4423600,21591200,181100,3341146,6262400,2402600,5005100,7865900,20987900,14953000,4920900,11924300,53505000,4828700,501800,15376000,1265600,395660000,3728700,6485100,6763400,2572900,20627500,4478800,947000,2957500,2303900,2111500,4833100,2254400,456900,666000,3017700,3963300,32171900,1012100,8037000,3349900,1803800,960000,1235200,24948400,3927000,834900,3227400,96438700,1304300,2741900,4872000,2034900,9781300,2463400,615500,931000,11008400,1677100,40963100,10464900,2314600,11530800,1193700
2023-04-17,41516200,4354100,3287100.0,4806400,2899000,1614300,1632000,6952200,47250800,1784800,1857900,39919500,500600,13201000,2622300,6306800,83704400,4392500,586100,3425500,5930700,19590400,1751800,1800000,24539000,2468200,4727500,15930844,1158700,6278800,1411800,5413500,12042300,11724700,7006000,3825200,1116600,2945095,6705300,3832300,2214300,1534600,1346600,881500,3005300,3574400,336400,1439200,5737300,40191100,12149100,1535400,7676003,4444700,1672900,10248900,37571200,3012100,6513900,2621900,1785345,3662700,2216500,29601100,1231000,8046400,16050500,1027000,9452400,1421500,2059700,1287800,2420000,12478000,2432700,2371000,2849100,5178500,15481900,225400,2911184,6707000,2875200,6575500,8876900,23836200,11546800,4393300,8334600,61360000,3917900,598400,5354000,1465800,321471000,2960500,4772400,8514700,3224400,17608600,4296400,877300,4269800,2844500,3326700,6370200,2352800,351400,552700,4007400,4780700,52377600,1269200,7374800,2988200,1464800,863600,841700,23443900,4362200,783500,2888400,116662200,1228600,2845800,3660900,1920500,4865000,3525900,575800,1044700,11572900,1753400,31445100,16166700,1760100,13260400,1285100
2023-04-18,49923000,4996200,7162200.0,6552100,1893800,1586700,2070900,5055000,46246300,1638800,2116100,39790500,598400,16806000,2444500,7445800,114498800,6125000,593800,3581200,7082800,16616200,2567100,1642100,22055200,1367500,3499300,18405857,1217100,7745300,1339600,4679000,15203600,9382900,8045600,4119300,1402000,3595387,8180100,4471100,1974200,1668700,608100,943800,3310700,4416900,336300,1620100,4393600,38865900,14166400,1282700,8909832,4283900,1902200,9444600,26596400,7549500,8243600,2847800,2546400,3193800,1923100,26041400,2632800,14571500,13760100,881100,9035700,1085000,1925300,2561800,2685200,8993000,2087800,2086700,3415700,3782300,12281000,208000,2286872,6364800,2960600,5454500,10227600,20161800,12175200,8147500,7582000,179445000,3857700,756100,5905000,1474300,604812000,2197000,7219400,7936600,2438600,18541500,4158400,682300,3968800,3071900,2932200,4829900,2415600,499700,519300,4949200,5300500,36872300,887000,5551200,3267200,984800,1223800,1076200,28517400,3087100,1158700,3267600,92067000,1108200,2774700,3232000,2461400,4796200,3828000,670300,957500,16588500,1357400,27892300,13482300,1531900,17436100,1396100
2023-04-19,47720200,4826900,3309700.0,12425400,2204700,1775200,1622000,6796800,37344500,1246500,1186700,58398900,521100,19060000,3768600,4757400,65594200,4962500,348100,2406200,10602300,14894000,2078400,1885000,25981000,1960200,3629700,14298867,1004900,4717500,1098800,3665100,30466700,8784300,5506800,4554400,860000,2690393,11523300,2401200,2125500,1221400,579100,2960200,3244500,3047400,211300,1525600,3377000,69451800,11655000,1340900,7038101,3112200,2198600,11002300,20905700,2625400,8736600,2889300,1977810,7014400,1580800,25746600,6178200,6752000,9158100,1218600,9769500,1163200,2173000,962200,2488700,17221000,1795300,2254000,2947800,4785100,15898100,236700,2293928,5103000,3835500,4683400,13886200,17150300,11652600,3813300,6736000,221283000,3547400,482600,5093000,1967600,358660000,2290700,4766200,7742200,2209900,17214300,3837600,531600,2855800,4048100,3676700,4241900,2799900,352700,551400,5004500,4617800,35415600,1140200,7791400,2987100,1070900,845000,2020000,31537200,2476900,1409400,4931500,125732700,979700,3093900,5809100,2652200,3833900,4409200,456100,796400,17701200,1296600,23310500,12433500,1449900,10682600,1241800
2023-04-20,52456400,3808100,4369700.0,7413200,2686100,1947900,2099700,8699500,47082700,1691300,1472300,57696900,691700,20239000,10832400,3322900,43193800,6192500,580400,2428400,11486800,20410200,2826800,3631300,38877300,1822500,7763200,15308996,1131600,5351600,2936500,3620000,39769400,8579500,5851100,6056300,1336300,4211614,7762700,2245900,1989400,1621100,615700,1952900,2932300,2690100,269300,1119500,4304800,79563100,11494200,1314900,8661237,5927700,1833300,15294800,27820800,2217900,7708800,3371800,2065873,9749600,1502800,30255100,2809100,9498800,10586200,1665200,10706400,1095500,2766500,839900,2948800,40480000,2124800,2274200,6401600,4808000,16475400,224100,4419579,7371200,3061000,4657900,6776000,23244400,14382200,4350400,5513800,99478000,3891600,511700,5193000,3801300,427713000,3031000,5815500,7769000,3868200,20131600,5370900,716800,2285900,9046400,3784400,5125000,2190300,495400,526300,3937600,4297200,24735700,1213800,8134100,3696800,998100,859100,1336200,129904800,4634400,2100900,6716100,210970800,1158600,4710800,3283000,3336300,4925700,3966600,562600,812200,31521300,1239400,19265500,13641600,2255600,17038700,1297800
2023-04-21,58337300,4812100,7357800.0,6301100,1600700,1841600,2506900,4516800,41118300,1721300,2177300,86774200,1026500,14807000,3882500,3432300,44759000,5252500,774500,2405700,24525000,14377300,2712500,3102200,28720300,1449500,11708600,14595920,1168900,5279000,1508600,4860100,20861000,7054300,7179000,3224000,2556900,2760780,9468000,1827300,2186500,1679700,1075200,1456300,7833600,3149500,251900,1046300,4430100,46926500,22431500,2180100,5112741,8039500,1749500,12358700,25800100,2278900,10337000,3506700,2090913,6725400,1667000,28655800,2180200,7014200,11842500,918200,12931100,1677800,3682500,1382500,2864000,14387000,3537800,2171200,3683300,4546000,17717200,278400,7644593,9082900,3256300,6554600,6531000,21676400,9606200,5192600,5985400,63480000,3651400,1519500,5459500,2478400,345103000,4020800,7335800,7825200,3781800,19227100,14876900,584700,2703900,4927000,3111000,4980700,2556300,545500,719900,3315300,4522800,17572800,1132600,15776000,3184800,770400,753100,1465800,76810200,4009600,959200,4323600,123539000,916800,6792000,3165300,3371700,6771500,6644600,826100,925000,23823800,1494700,23975300,25335000,1909400,14315300,1177400
2023-04-24,41949600,4728900,3239500.0,5341900,1359700,1531100,2197400,3218100,40423800,1232100,1356700,69575600,626800,12338000,2473500,3058900,28020300,6090000,451800,2261900,11731700,11208800,2790700,2328100,23084800,1208700,5350900,14260242,1272300,5215800,1374100,4449700,17359900,8101700,7177600,4724700,1132800,3568090,8540600,1981100,2153100,1226700,747900,1535600,2114900,1939500,276900,1047500,4687400,57794700,12908000,1374300,7833505,6630800,2123900,16836800,23542800,1966300,10320400,2515400,1703542,4043900,1355600,38732500,2154600,5278900,7567500,602700,15532300,1237600,2059700,955200,2758700,10247000,1886300,2995200,2893900,4203400,15750900,208200,4229056,6552900,4208000,4299100,5004400,26611000,13402600,5725800,6084100,55866000,3790900,593600,6116500,1584700,339282000,2647300,4901700,7560200,3540200,17633700,8109800,478000,2281900,4099200,2897800,4097900,2270000,374800,548700,3962100,5940700,13246100,2008400,10252300,2616800,854200,1022300,1393600,60001400,4041900,895100,3889300,140006600,1958200,3360100,2322400,3689100,9124100,5268600,524100,597000,20362500,1848800,17327800,13579500,2196500,15831300,1117700
2023-04-25,48714100,5506200,3659700.0,5636700,1935400,2413100,1642500,6282600,52771500,1509700,1339900,65026800,550800,23670000,3421300,4699500,49718800,7090000,552200,2552200,14788100,15374000,2505600,2024200,27625300,1606800,6437500,19403822,1655800,5355800,1789900,5010000,20281600,7496900,5807200,3014500,1688400,11653932,6511400,1576000,2770800,1424300,787300,1125900,2100400,1988900,418900,2216000,3007200,63114700,20736100,2201400,11649768,5378600,2473300,34044400,46664100,2138200,15761500,4529500,2381202,4275400,1859900,38289900,2431200,6263100,10629300,1292800,12818900,1735800,2648600,839100,2723700,13711000,2245000,5845200,5923000,5980400,19198200,220300,6065394,7510500,2884900,5662800,5806700,45772200,15987300,8399800,7504000,54266000,4383300,691400,10293000,1744600,378527000,3493600,5768800,9709700,6231600,24492400,8341800,533700,3146700,4645800,2738500,7045200,2537000,468000,712300,4638900,8747100,17042900,2550100,9312100,3337400,809300,1447600,1059000,46691800,4275800,2495500,6394500,121999300,1678000,7136000,2937300,12474900,6076500,4058300,466800,842200,24959400,2247700,20728000,17246700,2036100,12179800,1151200
2023-04-26,45498800,5192000,3615500.0,4240000,2009400,2803200,1998900,6245800,47786600,2002900,1789300,73803800,847300,17179000,2789100,9137200,45848400,8935000,434700,2718600,20199000,16984600,3254700,1976500,33804600,1339100,4592000,20857503,2170800,4295000,1441900,4007600,22390500,8486500,5927400,3119200,1416500,8349343,8634500,2777900,2677700,4249900,737200,1156300,3383700,2212800,398400,1504900,5213800,58105300,10484500,1813500,8032357,4439500,2259200,18780900,53347600,2041900,10696500,4037400,3797743,4070200,3437700,41218800,1649600,5518200,14416100,1274600,13179600,2055500,3161200,1571900,3409000,12949000,2594200,3290000,4232600,5877200,41992700,326200,3795386,8936800,3425100,6607900,6429100,64599200,25385000,12656700,7558400,46232000,4003200,1413000,14455500,2033500,406337000,2788900,6395500,8470900,4481700,22401400,4843700,583000,2321200,2489600,2716000,4671100,3553500,585600,922400,5219300,8081600,11422600,1538200,9098500,3999000,966400,1592700,848100,42482900,5043300,4020100,4522500,153364100,3108300,8647500,2930000,5845600,8400400,5711800,651100,1572700,21499300,2619800,26915600,12910200,2637600,15566100,1205200
2023-04-27,64902300,17063000,3870500.0,4257200,1983600,2338800,2004700,9447000,53087200,2533900,1744600,149961200,977500,18250000,2143500,5105200,33060100,9422500,393900,2950000,9057200,16541400,7711100,2133100,25196300,1138700,5652600,33697354,1533400,4196700,1361600,4794400,22845400,7151000,6417200,2832400,2741600,6785258,8166500,3860100,2285300,2465900,720300,1122500,4838100,2827900,370800,2086600,6959400,53280300,10761200,1535200,9348633,8659000,2203100,19730100,50089200,1768200,11327500,3133600,4098006,3204900,2007800,60186200,1487100,5739700,9041100,2129700,13795800,1898600,4981300,1491400,2498900,19831000,3859900,3142300,7746600,7665100,71196500,319900,2862148,10977600,4610800,9975200,6375800,46462600,13524600,8155600,7310400,56188000,4252100,1371000,24276500,1442200,377161000,3183400,5615700,8172100,4574500,22434000,4805600,1021500,3347100,4131000,3132800,6945700,2974600,749300,2082100,4010600,7618500,12315900,1664400,9231400,4126300,970000,1647300,1230500,36926900,5084000,2148400,6332800,127015200,1826200,6697900,2473200,4679000,7128200,7742700,707600,2518600,28841000,2109900,21695800,12861000,2716400,16279200,1682900
2023-04-28,55275900,7123800,4974300.0,4835900,2084500,2061700,2621600,8064400,50686100,2721400,2082300,130715900,930900,16183000,2380100,3716100,45592500,7382500,529000,2909600,13505100,15222100,4669500,2241400,34200500,1111900,9633400,26468856,1158900,6638200,1170200,4094600,19665000,8106100,10036300,3129000,1999300,5297652,11329700,3889900,1995000,1828600,1200500,1083300,3020300,2715900,370200,2140200,11350500,55045000,9463200,1608300,6279159,10709400,2383500,15510700,36139800,1714100,8328500,4063400,3037749,5061200,2179500,80252400,1940800,6024900,9887300,1326700,13687600,1878900,5350100,1040300,2451900,11458000,3107300,2838200,4460700,14861600,39554000,342900,4764505,11070700,5342200,8050400,6374500,36469600,18094700,10005800,8037600,42284000,4421400,708600,11800500,1646400,292216000,3464600,8498500,9727700,4608900,21015300,5754700,698800,3621000,3855100,2710500,8652500,5585200,470400,849400,2875900,5979300,12797300,1911100,8623000,4598700,1430200,1748200,1337700,40675800,3448000,2046900,9431700,122515800,1511200,6575400,2398900,3440800,11627900,4042800,576500,1455400,19197500,2314000,20193000,14088600,2281500,24381900,1606700
2023-05-01,52472900,5601000,4830600.0,3722900,1165600,1868000,3046300,4171600,59358700,1920500,2135800,74728100,450200,17030000,1803600,3776800,34076800,6307500,560200,2461300,7483500,18314800,2876400,2061000,43945100,1133500,6111100,18390279,1091600,3644900,2203200,2882900,13122300,5965000,6099800,3699300,1184100,4290122,6909500,2289800,3231900,1438300,1274700,785000,2340200,1800800,280300,1794100,8188500,59834200,9629300,1122100,7408237,5561300,2146200,16892300,26681700,1375000,9324900,2970000,2360619,2725000,1616200,36918500,1440300,4893400,20415800,691300,9091500,1018000,4091100,1524500,2282100,8383000,1745100,2124400,5312300,6670400,29143900,318200,2738003,8844000,4173200,5238900,7745400,21294100,12823400,5214700,5527700,53415000,4112600,630200,7120500,915200,570329000,2194100,5459800,7337700,3137800,23917800,3844600,852400,1787500,2340800,2546600,6208500,5421400,297500,803200,3481400,6495900,11041000,1666200,5053300,4044500,1332500,1085100,2422700,35510200,3607500,1979800,5810900,109015000,1403400,4831200,2105600,2807800,4571100,3054200,815900,1489000,17043500,2025200,26564300,11409600,2262400,17355000,1689900
2023-05-02,48425700,5135600,4861800.0,4998000,1728300,2287600,2134300,4850200,70483500,2127200,2133800,73469400,818700,28357000,4925600,3970800,70797700,7287500,719700,3366500,8739200,19450100,2858000,2437900,33396200,1370700,5963300,22383313,1181300,8100100,1940800,6051000,20175100,9031200,10701700,4039900,1547800,3717324,6955900,2534100,2576200,1862100,1831300,809900,3762700,5640500,324000,3755400,6183900,91090400,10714600,1102100,7485046,5647900,3320200,14527600,30997200,2397600,12164500,3413200,2745974,4445300,2163500,33463400,1688400,7541700,14113400,839900,10948400,1124600,3884600,1105500,2201800,9466000,2478700,2083800,5503600,7971900,24350100,461200,3602352,7606400,5342400,8175600,6319100,26404400,12237600,7674200,8428400,43186000,3831600,770300,6421500,1782300,402730000,2620200,5995100,12442900,3712200,38834100,5262900,877100,2426200,3814600,4207200,7081200,3703200,610700,755800,3377500,9626400,20934400,1230700,11963800,4180300,1700400,1131400,2937000,39398100,3652300,1060900,6764600,128259700,1666700,7312400,2152300,3527800,5244000,4598300,1105400,2002000,17268700,2531900,36239500,11329500,2159400,24324100,2620300
2023-05-03,65136000,6815300,3687700.0,5602000,1951200,6700800,1998400,5624100,109482200,2998000,1491300,65051900,703400,19816000,2655300,4537900,51139500,9997500,430700,2653800,7358700,14533500,2635100,2398900,28997800,1540200,6380000,20905624,1235200,9085100,1426400,3779900,20765700,15216200,7538100,3482900,1235400,4828517,7772100,1246500,3174000,1769400,1520800,937900,6211900,4982000,377800,2200800,6138800,94050700,12554000,1356500,5917543,5057400,3693500,13494400,21795400,1825400,9849200,2743400,2944593,4554200,2684400,45554500,1522400,5937200,12930900,719500,11084600,1418900,10129800,1116700,2386600,13628000,1970900,2425500,5536700,5957400,34463900,546000,2459096,6536100,6634900,6738600,6546500,22360800,10818100,6265900,7784200,50641000,4560100,520200,5960000,1490800,383387000,3099100,6744800,11639200,3389600,27721900,5775000,1078900,3323200,3579900,6286000,11491700,4288600,786000,674800,3610800,24388600,22505400,1486700,9217900,3240500,2092300,912400,1851000,32213100,4199200,1430200,5568400,119728000,1210100,4398800,1749700,3825200,4093300,4871900,1213800,1226400,16703200,2281500,25202700,12334500,2428700,16212300,2513900
2023-05-04,81235400,5694300,4939900.0,4070700,2586200,6614900,2365100,3579600,122840500,2228500,1984300,45345500,710500,17684000,3997900,6934100,82173800,12195000,589300,3185600,8878400,20601800,3211000,2870600,51862300,1564000,7441500,16157581,1468600,6840000,1487000,4386500,17748900,10416400,7500400,3673700,1382900,2659373,13260700,2317600,3067100,2534400,1040700,695600,4498500,4518100,597700,2115300,6322000,79792900,19129300,955100,9055431,4564200,2123000,14807400,23419500,2965100,10565800,4422500,2445393,4468200,3122100,46104000,1402200,5128000,17089200,724500,11938300,1545800,4070700,962700,2375800,7802000,2814900,2005300,6144700,5725400,17889400,771300,3543987,7333200,7334100,6490200,10359200,22519900,13357900,6042300,13356200,38797000,6177100,645700,8294000,2831600,321850000,3254900,5038200,11202000,4267600,23675100,4892600,1467900,2740400,4466100,4619500,22117500,10164700,1229000,782200,4414800,8858100,26316200,1363400,10085400,4305200,1621200,1022700,1258100,27422700,2657900,1243500,4849300,95108500,1568900,4309000,2555700,3495100,5648700,5083900,2325700,927800,16163100,2234100,53247000,14011200,3463900,17177200,3592200
2023-05-05,113453200,4447700,6624600.0,4025000,2592700,4260900,3328700,4874200,78491100,2806800,1210800,56951700,730900,24876000,2223200,3872200,50087100,19705000,484300,3869500,9163100,13384500,2716600,2382300,52156100,3767900,5359300,20203965,984500,5566700,1709200,4284400,14317400,10648800,5802000,4139700,1862900,2325485,9300100,2142800,2588900,2806500,959600,800300,3885300,6165500,431300,1914900,3849800,64173300,13540300,1157900,6302841,4613700,2541500,17191100,26639300,2413400,8595100,3806600,2215474,4971900,2010300,35024600,1225600,5194500,11261400,892900,9039000,1113600,2753400,930600,2495600,14018000,2683100,1815800,9468200,5461000,27000500,511000,2324785,5962300,4351100,4534000,8288000,28197100,12312700,6215500,7282400,39906000,4887800,474700,6513000,2149400,361494000,3226900,8068600,11276000,4146500,19225100,3989200,1030800,1994000,2426800,2720800,10745600,5900100,637000,451700,3260400,7813800,22019600,1008000,9900400,3945500,1340700,930000,1501100,23712300,3987900,962400,5091900,107607300,1452100,5494700,2329400,2775300,6237500,3872100,1068100,1119400,15817400,1697200,27039700,14556000,2147900,14968200,4224400
2023-05-08,55962800,3689500,10142900.0,2445500,1843000,3135900,2476700,3247600,95503200,1667800,1311400,49430900,1027100,13934000,2271600,4677400,34245500,8622500,374500,3302400,14045400,8760900,2414100,1854500,44199800,2357900,6564700,17447477,641500,5058900,1015000,4169400,12000000,8329600,5028200,3764600,1106500,2826204,10810100,1564600,3099800,1831400,845300,648000,1855300,2967700,280200,1657400,4748600,49943800,9274700,1058100,4282128,3823400,2229200,11267400,26511400,1607300,5887700,3736500,1585665,3663800,1594000,30882800,1048900,4994900,7484900,687700,7240700,1261700,2478600,808300,1586500,7957000,1719600,2969600,4222800,5676500,16400500,463600,2504424,4434200,4440900,5157300,5825300,21318600,11510400,6751700,5524900,54886000,3892600,418200,7233000,1124300,344979000,2160400,5314800,17632100,2249900,20101700,4950700,759200,2002100,2278700,3352800,6694400,5377400,539900,421100,4243600,6090700,19204700,1085700,8861800,2971600,1149600,696200,758200,32091000,3066600,1029100,4526500,112249400,1117200,3831300,1738500,2589100,2938400,3180000,515800,707900,10672400,4200500,22735400,14926200,2171000,11187800,1976100
2023-05-09,45326900,4201600,15410300.0,3274300,2712000,1879400,2026700,3173700,68674800,1468900,1511500,44089400,1863000,16990000,2322700,9329500,32188800,8487500,441700,2283400,11125100,10188800,4111900,1782700,26602000,2177700,3363500,24880626,722200,4896100,1571800,6996800,15221900,6448000,5019800,3449100,1478700,3032064,6829900,2121000,4174800,2916900,859600,601900,1941700,1782200,382100,1100200,5559000,42878300,11133300,969500,6520737,4546600,2191700,11841900,36360100,1253300,8923600,2570000,2374200,4540000,1975700,30706500,1122200,5520500,7343600,798900,9067700,1015500,2601600,623800,2249900,10002000,2036400,1637500,5017400,3825700,16865600,283100,3733194,4401700,5638000,4933100,4381400,21340800,11895200,5588100,4898600,55449000,4082100,462200,5857500,1622200,314869000,2526900,6333500,13373200,3087600,15987900,4472100,1195900,2745000,2908200,3274100,7804100,4045800,464300,602000,2928400,3682400,11467400,875400,9834600,4205600,1434700,863700,782400,29058400,3278100,1225100,5038300,88965000,1044800,5736800,2038600,2180600,4352100,4146000,560400,871000,12226800,4261000,18999100,15209700,2102800,11370800,1904200
2023-05-10,53724500,4127300,34191000.0,3129100,2800200,3386300,1657500,4101000,95619500,1530800,1628700,78627600,1199800,19174000,4602600,3923700,44446400,10295000,622400,2639800,6123000,11840000,2446100,2139800,29655000,2772500,5094400,20490988,1002800,5285900,1257600,6535600,15625100,7125500,6161200,3730100,1014600,3116100,19525200,2030800,3008200,4824200,1204400,779100,2368600,2578600,378700,1435400,5421000,49193100,11944500,1480800,5053224,5613900,2470800,15418400,63153400,1752200,9392300,3571000,2289956,4189200,1748200,40526500,1274000,6756600,8133400,881300,10134000,1304300,2766300,850900,2715600,10968000,1940800,1849300,6898700,5160400,19119000,293700,3281944,8391800,5078400,5605400,4884900,30078000,14548700,5696000,5843100,42899000,5052600,559600,7688500,1812200,369350000,2665300,5935300,21378600,4352900,15858200,4754900,1452900,2377100,2667400,3323800,7980100,3040000,432800,1243100,3329300,4565000,12343400,958600,10124100,4021700,1364700,1407100,902200,32892400,3830500,1586100,4738000,119840700,1355700,4428800,2018700,3233300,5245000,6454000,738500,1199200,14427500,2426300,17941600,15827700,2963100,14884800,1610500
2023-05-11,49514700,4300400,9579400.0,3879400,2915700,2183400,1676800,3630400,57061000,1612400,1714500,74924800,1234500,14430000,2900300,3322000,34897300,5307500,726100,2548900,9018400,11222800,3263300,2053500,25870000,1964300,3243300,20276628,938900,5671700,1046700,5366300,12521900,6537700,6666100,3379600,1825100,4401794,57127200,2082800,1824300,3183900,703900,823600,1953600,2320900,572700,1145900,5803400,43030800,17097700,1286100,5117628,5123500,1822600,12319500,78900000,1515200,10903600,3859700,3045919,3446500,1320100,47144400,1305100,5867600,7057300,744300,9581500,1336700,2595900,645400,3015600,7162000,1901200,1955100,4613200,3679500,20449000,264700,3317704,6437300,3579400,5596700,6717800,31680200,15536600,6542700,8191600,80335000,5923100,698900,10094000,2507800,322149000,2319500,5144500,14178100,3690200,28566400,3495300,843100,2373600,3554500,3428400,10630500,2325700,661800,922600,3327100,4791700,11764000,1503700,15134300,3206600,1177900,892600,1152500,21332600,3981500,2326300,4137800,103889900,1358000,3320400,2384200,3136500,3818000,4411300,481300,787600,11068700,2530200,18536200,11926800,2850100,17165900,1539100
2023-05-12,45533100,3526500,14768500.0,3325000,2664400,4278700,3314600,3838700,53829700,1295600,2130700,49852700,694900,11942000,2320000,3169800,38142000,5507500,906200,1937300,8251100,12812800,2172600,2336200,29797400,1161300,3483800,18316869,862500,5004400,1472800,4733600,14097500,5670200,4898900,2475200,1332000,3978005,21837500,1448100,2216000,2533200,836400,600500,2625200,1874100,300700,892100,8934200,45155400,10943100,1641800,4332874,3519100,2145000,13035500,41102300,1099100,9589400,3438300,2230222,4564800,1621000,24153800,950200,3904200,9988600,686700,8740800,1189400,3939200,696500,2261700,9168000,2044000,1801700,2907500,5085400,16161400,309200,2937496,5602000,3260400,5233100,5208900,19774700,12131400,8315000,6288400,60824000,6574200,749400,6106500,1432000,274222000,2349900,4994700,9463700,2741000,16541300,5252900,753100,1427500,2229400,2777000,7635900,2369100,394100,861500,2756000,5175600,19336800,2209600,10202200,4820400,1010000,750000,738500,27280600,6158400,1518200,3914800,157849600,886300,2400800,1536500,3346600,3432700,3526800,469400,509200,10670700,1887300,17658600,16119300,2295800,12613300,1267700
2023-05-15,37266700,4391800,5422500.0,3020000,2762700,3330500,2788600,5859200,51749200,1551300,2134800,53011100,678300,14614000,2271900,2842700,38722800,4967500,501900,2190000,11013700,11911300,1925600,2422200,27705900,1979500,4477100,14393617,935000,5838100,1135700,4518200,13204400,6472300,5096700,2941500,1466300,3780605,16792000,1406100,2020400,1826400,604400,936800,2208800,1640600,328000,1317000,6569300,53197000,13039800,1863900,7973716,2723300,2629700,18841100,36266800,1178200,7121300,5353600,1661314,2915700,2170600,28717500,1308500,5104500,7639500,1204900,8150000,1378800,2234800,668300,2971500,17454000,1957400,1700500,3181500,3189500,20653200,473700,2878772,4920100,3937600,5697200,5032100,16336500,22227200,5430000,8343500,36530000,5518200,491000,7506000,1164900,293926000,2449700,4443700,9155600,2946400,16650400,5414900,495400,1510500,2600100,3344000,7444900,2064600,355900,509500,2556100,4217000,22098000,1233600,6813200,3706000,936200,854200,1128400,28697300,6987400,1383800,4065200,105592500,1458800,3789100,2169700,3048400,2843200,4612000,571500,691000,20408700,2221400,24405800,16113900,1708600,13715600,1060600
2023-05-16,42110300,4685400,5585300.0,3393800,2079000,2558300,2482900,5080700,90622900,2646500,1395300,71472900,663500,14967000,1960200,3012100,33347500,5630000,362700,2139500,5515300,9201200,2771500,1880900,30032700,1601300,7159500,13159311,733100,4822200,1229300,4423200,16496300,8476000,7007700,3264900,2181300,3026198,17013300,1539100,2209000,2664300,722400,767700,2743300,2466900,420100,2031300,8434600,60514900,12940400,1529700,5523851,5764300,2191200,11069600,45035600,1618900,8574300,12362100,2175793,2748400,2292900,22812000,811900,5599200,6477200,1278200,9129600,1065300,2128800,569500,4683500,17385000,2762700,2859500,3354200,4389300,18163800,367900,4476748,6163600,4514600,4278200,6862900,26730300,15259000,6215700,8658600,33322000,8306400,448800,8142500,974400,449405000,3311800,6896500,10516000,5803100,25451700,5591500,470700,3417400,6273100,4389600,7027000,2812700,420900,504600,2534100,3676600,12351700,1477300,11890400,4008200,1472800,683000,974500,31200300,8043500,903500,3657900,98288800,1635600,4272900,2178900,3458900,4289700,4951700,580600,827900,20244700,2166300,21821200,15512100,1770200,14795200,1175300
2023-05-17,57951600,5482000,6887400.0,3801000,2486600,3560600,2674900,7349600,75240900,3352900,1181100,65655200,770200,24133000,2446500,6641900,61750400,7440000,478300,3046800,7134400,16359100,2897400,2528800,53763700,1639100,3083000,14027742,1326000,5013700,2069500,5772200,29326000,11572100,6169600,4057900,1843900,3453372,12461600,1615300,2967400,2899600,654400,1175600,2853600,2587000,336000,2022500,6907300,50077500,14459700,2702400,6871703,5506900,2772700,11269500,33323600,2098100,9419100,7956900,2568681,4515100,3467800,41667300,1261600,6840700,12711500,1170600,11583000,1296300,2274200,1101900,3755900,16672000,3260300,2802100,4100700,4907800,21193100,303400,4279288,6316200,3730500,7210400,8216700,24315000,15947700,5408600,8409800,39588000,7765400,758300,16088000,1074100,432535000,3722300,9436000,9549100,4878800,23206400,4286900,631100,2684100,5658000,3408600,9504700,7319000,524000,470500,4626800,4757300,19884400,1792200,12579400,4411600,1212600,870700,1013800,34154700,11852400,1284600,6752600,125473600,4367500,4910300,2682000,3882200,4990100,4231400,572700,1073800,16741100,1911000,29241600,26985900,2118000,14064700,1714500
2023-05-18,65496700,4791200,6945900.0,3481600,1869700,2896400,2595400,10891200,74338700,2245300,2387500,73174100,788700,26389000,2629800,4349700,51146100,8440000,1125900,2805000,8038700,17618000,2643600,2628300,33835000,1718800,4043700,20044022,940500,5503400,2298900,5165500,41475700,10537500,7477700,4886800,2034300,4128367,15014800,2439100,2775800,2421300,938800,954400,3074400,2465100,394100,2729900,6997500,38181400,9791600,2560600,5772320,5049900,3395500,14241000,35234200,1645400,10857800,4547000,2586718,3797900,2166700,36529200,1391600,5173000,10999600,1187900,13595100,1116100,2268100,1456500,2275300,19223000,3729500,2410700,5384900,5040200,22943300,265000,3485503,6580100,3359300,6437100,5367700,27276000,30688000,6970600,10091500,209252000,5970500,518500,14300500,1140800,748725000,4197100,10005700,11296800,3709400,27772400,6997600,736400,2129100,8395200,4405000,9142000,2617900,501500,740000,4277600,5377500,12764900,1224100,8372600,4355300,1394400,1046800,1117300,39142000,5139300,1073300,11619800,109520300,12476000,4916300,3040100,2747200,6621900,4692300,745300,1139300,20365900,1943100,27213900,46768500,2403900,12005600,1836600
2023-05-19,55809500,5610300,9203700.0,4487700,2213300,3856900,2117100,10257200,67880200,2395700,1250600,55056300,1072000,22968000,2258600,3896200,50062500,8590000,1362500,4322900,8495900,15416200,4402100,1371800,28822700,1079500,3763300,18916310,1080800,6068200,1635000,6091600,28564100,7929100,8100900,4237000,7522100,3686642,16429000,3962200,2388500,2241000,1019700,891000,2489500,4657600,351600,1762100,11999300,43474200,8720600,1584100,7230687,5694300,4147400,12603900,41353400,1546100,9637400,4470600,2832340,4306700,3565600,40683000,1370800,6527100,13492200,1064600,14251400,1140900,3442800,804100,2768400,12253000,3369100,2371200,3672600,5806800,21733600,246800,3229080,6557100,2325300,7647000,11183600,27546700,16812100,6338600,8346900,78597000,11674300,463800,8511000,1329100,473908000,3425200,8560300,16016600,3883000,33068300,4754100,629100,2135500,4027000,3206500,5783200,2286700,555900,686500,3528700,4985200,11963900,1046900,8359100,4665600,1615900,1304600,1036700,46679400,6441200,1313300,7738300,136196700,3795900,4790500,2317900,2350100,5399400,3708300,663100,942700,16829200,1848000,19774900,27594000,2104700,13359600,1755200
2023-05-22,43570900,3867300,7350600.0,2809500,2044100,2627100,1458000,4709100,65424200,1848600,1754000,70741100,608100,17796000,2483800,3094300,36473700,7070000,648800,2762500,7007800,14471000,2540600,1816600,24221100,1025500,6066200,14481644,1158300,5561900,1943800,3890800,18667500,7392200,11661000,3781500,2936200,3530414,14150600,3322600,2725100,1445800,738200,709900,2229300,3451500,401500,1459200,6120700,57417200,6280800,1024400,4996087,3559500,3156200,8866400,35253000,1498900,8872700,3736200,1871286,2806800,1736700,28693400,1046200,5675900,11402500,685800,15055400,1207900,4398000,628000,3537000,10423000,1808800,2514700,4828000,5655800,27738500,228600,5008011,6472700,3000100,5607400,5520000,24115700,37491000,4272600,6637300,54064000,12710300,508700,6804500,1260800,372000000,2844500,5890500,9445200,5787000,85718600,7876200,762800,2130800,3062600,2398100,7912400,3543700,626900,562500,3976100,7504300,9277400,1332300,11126700,2913800,1338400,1231400,1189700,42251600,5500900,1161000,8884800,132001400,1940600,3334000,2242800,2675400,3987800,3819400,714000,961700,16634300,1457800,27519400,16117800,1857400,12882000,1911400
2023-05-23,50747300,5121900,6498200.0,4337800,2219800,2967700,1812100,4604500,73099100,2296600,1755500,67576300,713600,36088000,2928400,4011100,51400400,7242500,713300,4029300,12851300,13797100,2298300,2140300,31999100,963900,5299300,20907545,1316400,5415700,1800200,4256800,17645900,6672300,10436200,3087400,2111400,4040496,14778700,2100800,3694200,1663500,1314800,1012900,2817500,2338600,495200,1949000,13712000,56843800,11101800,898000,5738239,4542900,3018200,17717900,34046300,1550900,9699400,5352200,2290487,4592300,2321100,29400900,1631200,5793000,9514900,753100,13932700,2157000,4492100,1027200,6507500,10667000,3979000,2943900,4555800,4807400,17748100,387900,4324975,6167800,3982000,7733000,5521200,30797200,15896200,8751200,9203900,68661000,11790400,578300,5620000,1930600,356253000,2700000,10047300,9639200,6382300,75379500,6116000,893000,4400700,7659600,3113600,7452500,3185700,411300,923100,4388700,6766300,14865300,1445900,7538700,4500000,1329900,1198700,2163300,45314800,5433600,1629400,5300200,156952100,1595400,5601200,2874200,2660500,8537200,5606700,1089400,1381500,21539700,1638000,26116600,16302300,3966300,14394400,2301700
2023-05-24,45143500,4143500,5371700.0,4507600,2815100,2666600,1767900,6315600,65910500,1765000,2011400,63487900,648600,23021000,2308400,4371600,50606900,6752500,554500,3071500,10569000,23744900,2964000,1793300,34266800,1013300,7584200,22360906,1345800,5141900,1600600,4894000,15452900,6519700,7064000,3049700,1717000,5289305,15350800,2504700,2820300,1353500,834100,763100,2537000,2431000,492900,1952700,4638900,71391000,17677500,1031900,6275400,5863900,2287000,13357500,34182600,1439100,11404700,4978200,1850915,3915500,1457600,28045800,1192600,5015100,8578000,888400,11090100,1801200,3133000,858600,2829800,13255000,2655700,2262100,7827800,4553800,17724300,292700,4942590,5400500,3699100,4509500,6827800,23384900,15806600,6879400,8473100,79733000,8503200,664600,5495000,1539400,721419000,3159100,6815900,10665800,3721000,39326400,5755400,748500,2359800,3737200,2780400,8193700,3481100,547200,577100,3670500,6134800,10073300,1200700,6895600,4044700,1107800,1234300,1181800,34236900,4693000,2482800,4794600,137605100,1410000,7502500,1904700,2410500,6730800,4179200,845900,1154100,16044200,1925900,21193700,20515200,3562000,16340300,2437900
2023-05-25,56058300,6986600,4834500.0,6734500,3689600,7030000,4953100,9575700,108514700,2968200,2597900,66496700,779600,49263000,3234300,3909200,40517800,9507500,522800,4245400,8922600,18109400,2243600,3581700,40944700,1323200,6149900,29973310,1212600,4951900,3421900,6496700,21717000,10605400,7037700,4344500,1540000,3965935,13605800,4977600,3621600,1782300,1253300,979700,3456400,2747200,840500,3880800,7033000,51328900,12397000,1015400,6737506,8118100,2490200,10492700,42317000,1618500,10320000,5355900,2569318,4102900,2835900,78009400,1672900,6886100,8472500,1626300,14463600,1994800,2882200,1205000,3030400,20554000,3752200,2748100,7471600,5125600,22371400,294700,3731042,6859500,3897500,7037500,6962700,43301700,29021500,7716400,10230700,62631000,6729800,910600,15816500,1276900,1543911000,3615000,16729600,10362900,4712700,30266600,6510300,780300,2709800,5536100,3091700,11677400,2854400,569300,714100,5340500,8177000,18822400,1947800,15889300,4980700,1391100,1069600,1159100,102758200,7042200,2262200,9328400,96870700,1614500,7747200,2684100,2976900,6827600,4426900,648200,1368300,32465900,1889200,17691800,21299100,3706100,14316500,3626300
2023-05-26,54835000,7590300,4677600.0,4911800,4578800,7833600,3387100,9083800,92922800,3081000,2692100,96779900,940900,82500000,4015400,3820300,57879100,11632500,533900,3229400,8497500,11962600,1973900,2119300,30569800,1683200,5750000,38219727,1105200,5709500,5302600,6933300,19825600,6493400,7736200,3753500,1412900,3161558,12892700,6252100,3065500,1884200,705000,1201400,2533500,2942700,705200,4137100,5801900,123257500,14099700,1217900,6796523,5439000,2364000,13656800,35635900,2718700,9841800,4626100,2092292,5612600,1516200,71910600,1440600,6845400,8579900,2163600,12570300,1805800,2338400,1135500,3072700,21989000,2691300,2148200,8215900,7429000,25727200,340300,3333730,5498700,3479200,6378200,7411600,36630600,33410000,7174000,7046200,93604000,7911200,865000,10671500,992600,714397000,3448200,13994100,9946000,4449300,20234600,4716400,558200,2378200,4777200,2440600,15969900,1972800,750800,905000,4056700,7276500,11521400,1118000,12290400,5056000,1057500,1054400,1091700,50164900,4419300,1603700,8849000,162061500,1232900,8323200,3135200,2291800,5067300,3087300,731800,1850500,18216700,1569000,17399400,15720900,2954000,12370300,1909400
2023-05-30,55964400,7671500,5460100.0,5168700,6238600,5332300,3346100,7753800,98902300,3125900,2483400,64314800,765100,116912000,3268200,3978200,41819600,12142500,504200,3231800,9862900,12431100,2885900,2130800,32709100,1475400,4341300,25942505,1501300,6721800,2544800,10421000,19074800,10204000,7814800,4130700,2094800,3066130,14800700,5907500,3002600,2247600,793300,1635500,2660800,4330100,728400,2266900,8406300,86226900,13296500,2073700,7098370,5038500,4495800,12671700,35076700,1998600,11485800,5193300,2394253,3741100,1541200,54874800,1804700,5593100,7399900,1233100,15634200,1801900,2595700,1163300,2534100,13656000,3430100,3385200,4875800,10882400,23816500,292700,3433477,9183000,4101900,7768100,5876800,29503100,24454700,6874000,8413300,108650000,9335200,875900,9686500,1074600,923401000,4422700,10296700,12529400,4331800,24371100,5561000,791800,2723100,7805300,2943500,18291800,2920500,497000,769800,4559300,6505400,12334200,1229700,8381900,4197200,1135100,973500,1365800,35346700,4517400,1793800,6874700,128818700,1199400,5677200,3180800,2542200,6916000,3515200,724900,1888200,19353300,1924000,14752600,15742500,2339800,11938000,2185000
2023-05-31,99625300,12579100,10263100.0,7063400,5270100,5158500,3091100,11368600,87552200,3884700,7074800,72800800,1078300,89998000,5588500,5461600,61905200,20580000,1898400,6175000,15443900,18154100,5937000,8181000,32724100,4134900,19133300,57247964,6501500,22757300,3320800,19624000,51990300,12753400,13346400,4871900,3384700,12662026,11440600,7580000,4150000,2791000,1872600,2453000,6147100,7749500,1292000,3138800,8580200,86275300,16890300,3001600,13358734,8073100,8562500,17934200,37325800,2938000,23229500,18288800,3878804,11590200,4457000,136243800,2454700,11324600,14219900,1743900,59432200,2958100,3950900,1673500,3894600,26891000,10695300,3104900,7860500,13628600,25473700,498000,7405273,11075000,12831900,14563500,9559200,45950600,30403600,11112000,16137900,69880000,21465200,1500800,11929000,2394300,1002580000,9241100,13713500,15280300,20414600,46166300,19854800,1143800,14817700,6644900,4851700,14924000,4122000,740200,1472000,9972500,10377100,17631500,1976200,15547400,6383300,3061900,2540500,2669300,70109400,7077200,4052200,7811200,150711700,2748200,8534000,4944100,5106100,20460600,11087000,1104900,5592300,53756700,7307300,27221100,30130800,3553600,24926100,5471200
2023-06-01,68901800,11895600,6644100.0,4603900,2393700,4443100,2995700,5007000,66032900,4831400,2618200,54375100,826700,80792000,4087200,5125100,57426100,7977500,569800,3375300,8584100,15757100,2989100,2534600,39965900,1966500,4704100,32494311,1384000,5857800,2407700,20907400,17817000,8319700,9887700,4421800,2116800,3013226,11993200,4746900,3659200,1534200,987800,1629900,3927800,5367600,512500,2083700,7079300,64407800,14008700,2170600,7797043,5031200,2608800,12466700,30772700,3339700,10855300,4305100,2025237,4136100,1966400,52667400,1175600,7901300,12248100,1266600,13402700,1239500,2914400,878700,2764800,14556000,3389700,2605300,5417800,5445200,25609500,327300,3982082,8763200,4180000,6959900,6857500,26773900,18153000,6738800,13608300,71601000,12025200,792500,7398500,1498300,635873000,4558800,7835900,10189800,5277400,20256100,6091100,678100,3082900,4386900,3100900,8616500,4938300,526600,556000,5636400,6752200,10750300,1722500,12222900,5021800,1413000,1068300,1178900,31363800,5223600,1830100,6245500,148029900,1129500,3955400,3376600,2524800,7003600,5241700,916000,1342900,20565300,1906400,17079400,20239200,5573200,13551900,2136100
2023-06-02,61996900,6661600,10150000.0,6024300,2272500,4334800,3066200,5327400,52382400,3687200,2188200,61264400,912100,62815000,4820500,7486300,66578100,8185000,559800,3962200,5608100,19455600,8358200,3240800,36332300,1282800,4755200,26251614,1581200,4958500,2284800,11026900,19155400,7345100,9464300,4539400,2855600,2517132,14350200,4131900,3835600,1727700,1079500,1618200,3723600,2902200,527700,2763100,6612200,65261200,20451100,1541600,7477278,4877200,3403500,15316600,26980100,3987700,12556200,4515600,2907883,5375800,2296900,36521000,1276200,7659700,12922500,1206600,15259800,1337700,2499000,894700,2834600,11814000,2501500,2869400,3400200,5672300,19416900,441300,16938828,7208200,3627600,5792800,6218500,25873800,13468200,7175400,11465400,59024000,11838200,1025000,6391000,2141100,482731000,4781900,8652400,14473200,4288300,22736400,6124400,847900,3084500,4689700,4658500,7873400,4415800,527300,768500,5559200,6221400,12279800,1693700,11283200,4840700,1517300,1326600,1411100,105292900,4910200,2564300,37260200,164398400,1877400,4788000,3064500,2752200,5897100,4709600,1029200,1572700,61527900,2002200,16906100,19178100,7404700,14112000,3056300
2023-06-05,121946500,4276200,8324400.0,3565900,3008000,3447400,2349400,3798300,52602900,2498700,1383100,47950100,1093500,26222000,2870900,4996800,34757800,7820000,551600,3091800,6616800,11004700,3438400,1992100,26125500,1882100,4681300,25653881,1653700,5153900,2023500,7804400,13964100,7932900,6443800,4071500,1476800,2692762,18506700,2336100,2513200,2075800,1146100,1526000,2592300,2651400,369600,1769400,4107800,49890200,10166900,1187900,5108732,5744100,2552800,10067800,32305500,1462900,11175400,3028800,1764125,3993500,2181100,48244100,1514700,6430500,8511900,1009500,12915600,1724500,2113800,807200,2345700,10441000,2316200,1974500,4185200,6670000,20742900,440000,7070752,6880600,2744700,5185500,6631900,21307100,12441100,5266600,7459900,72474000,7434000,843900,6581000,1862900,396094000,3849900,7442000,8796500,4311700,18392200,4753700,533000,1977500,4470500,2996100,7769300,3198200,544300,530000,3811400,6536500,8658000,1253000,7202400,3445300,1145900,814100,858900,39528300,4988400,1477400,9068400,151143100,1605800,5520400,2688800,2314100,4858900,3946100,755300,1044500,30125600,1460000,18443900,15553200,3168700,10628000,1500200
2023-06-06,64848400,4359900,5025700.0,4044300,2419400,2342000,2953500,5468900,75257500,1736100,1390400,45695200,740700,37823000,3631500,10957200,46297900,7867500,748600,3181400,12634000,14189200,3230100,1853900,32243400,1606600,5154500,15261194,1408300,3622400,1410300,6796000,16029600,7401800,6176400,5817300,1927600,2300669,12109100,3980200,1970800,1461000,978900,1359800,2876100,2708800,392100,1176800,6981200,57258400,8924700,1474700,7794036,5408500,2754800,15596900,26638300,1495600,8636500,2855400,2434465,3298000,2655100,42295300,1132900,5073600,9329500,1131400,10943500,1638000,1495300,816800,2804900,11062000,2758700,2771500,4750300,4865100,19419000,578200,5351024,7368600,2949600,6960200,6903900,20396200,12476600,5652900,5477300,49915000,7896300,696000,6941000,1180400,388729000,3669300,7023000,8616500,3975600,19508200,4635900,1268300,2255700,4457600,2888000,7594500,5284900,394600,636200,4947600,8657100,10894800,944000,12366300,5025700,1295500,737500,1036200,39037200,5110600,1723000,11129200,146911600,1297700,4032400,3816600,2521900,6020100,3894900,736400,1089100,18406700,2382600,18825100,15015600,3062900,12209800,1802900
2023-06-07,61944600,4645200,4637600.0,6231200,2490000,4773000,2763900,4835700,81755200,2555400,1823100,95663300,755200,28957000,2789000,6462400,44502600,7857500,534100,3727800,6631400,15457400,5586400,1782600,38518700,1440100,3879600,19692445,1670800,4827700,1784700,9323900,15950600,5969600,9900000,7075900,1928800,3726235,11082400,3646400,2531900,2180300,1079100,1497400,3029700,3483600,392800,2623000,7281100,99342000,15290200,2141500,9121088,7037500,5185400,23167200,52539000,3382700,12005700,4842700,2711279,5772000,2296100,39098000,1368600,6504300,9281400,1086400,16817900,1441000,2458300,893100,3334600,12027000,3714500,3614800,8071400,7789300,26163600,431400,3996075,8768100,4090900,12420500,7410800,40717100,14610800,6488100,7056500,119324000,11123900,814100,12033000,1869000,511998000,3542800,9842500,9055600,5162700,25295100,6194400,1643100,2952000,5067700,3871100,7555400,4629700,473700,872000,4275400,6285600,15622200,1345500,9213700,4954200,1832400,1020700,1187000,43584200,5521300,1649400,11273700,185710800,2021800,4422700,4381700,3435600,8517200,5141100,918500,1139600,25494100,2588100,17781800,24256500,3953800,16027100,3195100
2023-06-08,50214900,4714200,4432700.0,5159000,1870300,6062800,3349100,4507000,65246900,1877300,1184500,62159300,642100,21909000,2354400,9359300,41483100,5945000,521800,2759300,4288200,12058600,3546800,2690300,31998400,1285600,3218800,11483694,1389500,5231300,1530400,5548600,13289100,5084600,7142200,5877300,1317100,2519050,9030200,2221400,3156700,1882700,1045200,977400,3019300,5198800,259900,3045900,8726400,64254700,9407100,1631500,4477596,8860500,2877400,16196100,29389200,2009500,7361400,3757300,1725823,4128500,2463200,35199000,1126600,5818400,7368100,950900,15585900,1056300,2040300,863400,2409700,9108000,2594700,3043700,5026700,4835500,20899400,316400,3768476,5804100,3811300,8352700,6795900,23277700,25856800,9984500,5894900,59911000,9137600,630300,7291500,1258400,417772000,2554200,9526700,11009100,4036100,17347600,4863700,997700,2749500,2712600,3653600,5793400,3214000,359400,797800,3269300,6877800,11732600,1623700,8289600,4215900,1295300,1035800,963700,32833700,4746800,1580500,8757700,164489700,1054100,3343700,2725900,3676000,6248200,5157500,763100,1446800,17749700,3036500,17157300,18873000,6888200,13517100,1984000
2023-06-09,48900000,4359500,7427200.0,4276000,2202600,7928300,3019600,3675200,75105000,1707900,1825300,51396000,881900,19241000,2200900,5297800,32692000,7960000,465300,2619200,5210600,11744000,2488500,1921400,34064600,1275400,3186700,12955621,831600,4085100,1287300,7676700,12173400,4701400,6669500,3968700,1254800,2055893,9625400,1809600,2647600,1791700,1071500,740700,2039500,3732800,320200,1559300,5851000,70329500,9268800,1654200,4365076,6375300,2708800,24318900,23778300,1702100,6962400,3485800,1867466,3981500,2075700,40218000,938500,6264400,7249100,1065500,12581500,1121600,2082000,713100,2092700,10669000,2201800,1975900,3334100,4406800,16949800,365800,5398266,6689900,2699000,6521900,6282600,22529000,14649300,6011400,5601300,123630000,5795200,640800,6849000,1090800,427717000,2605600,12597100,7396200,3200100,19775100,5569500,590400,3312600,3433800,3247700,13807000,5330300,536600,878500,2518100,5550800,7863000,1021900,6946100,3937100,1093700,1251400,1135400,24666300,4629800,1041600,5623000,200242400,1009500,4179000,3174100,2838500,6385000,3143700,632800,1066200,14953900,2344100,11098900,15603900,3342600,12251600,1346600
2023-06-12,54274900,4888500,7876600.0,3629100,2642300,6913700,2981400,5931900,85394700,2704300,1533300,51338000,663600,51065000,2609600,8065400,41011300,7937500,435000,2873400,5694500,13801000,3644200,1956500,126582800,1167800,3374700,17926240,2220200,6049600,1404500,11568300,15495000,4868100,7159600,3970300,1527000,2465018,12341600,1885400,3131300,2349500,1494600,829400,2021900,3946900,368300,1434900,4738300,44584700,10721100,1437000,4677449,5687100,3854900,14901900,28306400,2290800,6719800,4456600,1783223,4494500,2904200,59881600,1470300,6510600,7596600,1193900,14208900,1021400,2566600,954400,2465100,15094000,2407500,1885000,5703500,4934300,15442500,378800,4185880,6512200,3063500,7468500,7053500,24260300,14731100,7564300,6618100,59595000,7964600,781800,6478000,1229400,388701000,4422200,39081500,8312500,4207100,28334600,5354000,651500,4551200,2817800,2883900,9675100,6232400,415100,739000,3527500,6705800,11268600,1026600,5885600,3395000,1480200,1159000,851100,27517900,4553400,1246100,4451900,150337900,1023100,4709300,2207700,2795100,8621100,4113800,765000,1417100,14044500,2834300,19433400,14713500,2486400,14112000,1423000
2023-06-13,54929100,4229100,5276800.0,4642200,3981900,7412500,2907600,6859500,132461900,2318500,1946300,50564800,1005000,38990000,2480400,5881000,42718800,6677500,624000,2953000,5802000,14062700,4335100,3235800,68046100,1837900,4121200,13414324,2574500,4904300,1204700,11698900,24035500,6632700,7660800,3428000,2141700,2665126,12964400,3630300,3630600,1892300,962100,1566600,2374700,3891700,469100,1938500,6149900,61781100,17147800,2341800,5411582,4920500,5473500,16449900,22278300,1772400,10079200,4043400,2109162,3927300,1755500,51990000,1052700,6066800,7701600,752800,13397800,2065900,1766300,1486300,3056100,11759000,2444100,2027800,8013300,3796600,16164000,318200,3926827,9106700,3174900,7304200,6089200,22951300,11911900,8579300,7955900,78205000,8460500,609800,6727000,1681900,613208000,4279900,39190900,11501300,2838700,26533800,5321200,934600,2751600,3403800,2733400,8873200,5862800,474000,931500,4053500,5137900,10611600,805900,8821300,4128900,1530900,1515300,983900,41578200,5186300,1328800,5139100,162384300,1390400,5408100,3016600,3528000,6868700,3710000,691900,986300,17706700,2332700,18864000,15738900,4272600,13533800,1867700
2023-06-14,57462900,6128300,5696700.0,5020600,2421100,5150100,2287500,6474600,95888100,2453000,2510000,52422500,911400,43524000,2326100,5629100,38322800,5857500,678000,5164600,11002700,22053000,3122400,1618600,59729300,3507500,2979000,19875543,1566000,4915300,1841400,8963400,16630700,23633500,7721100,3308600,1900100,2639182,15877400,2911000,3433000,1536000,1056500,3353500,2273800,4011900,570000,1836700,5336000,69748500,10557700,2091200,6429268,6069400,3623500,14879200,30592300,1819400,7689100,4176000,2818865,4514900,2096800,74404300,2142400,6699100,9068700,913700,14099700,1553200,2163300,945700,3080300,11219000,2775400,1964500,5908500,5203900,19175100,302100,3888196,11941300,3152400,6137300,5772500,26003800,11085800,8893600,6489500,84131000,17415500,510200,6418500,1620400,740465000,5399900,26264200,11289200,3559300,22056400,5693300,1251500,2895300,3046000,2297500,7324600,4322700,495600,718300,6363800,9279500,14994400,1168900,7072100,4249300,1529800,1498500,2736000,26782400,4902500,1996500,8696300,170575500,1146300,4748400,14672400,4476000,9160700,3399700,726200,835900,16538700,3196300,14826100,21103200,5341900,16627700,1645400
2023-06-15,65433200,6614900,5599400.0,6378600,3288900,9682200,3233300,5524400,85587100,2633900,2432500,60458500,649700,33814000,2797600,5001400,42044900,9960000,644400,4095200,7403000,14926100,2743900,1984800,64037400,2514100,3947600,16736108,1454400,4614600,1871600,7905400,22496900,15509700,7705400,3833200,1471200,3187954,13354600,2433100,3038500,1723000,805700,1753200,4426100,2887700,403500,2287400,5717300,61463400,12694600,2321600,8733159,6526200,3518700,15692500,35246300,3322700,7427000,4109700,2618230,3812600,2220700,67676300,1783700,7138300,9343100,1038000,15271400,1228600,2287100,892400,3187000,18624000,2558100,2619200,5077000,4908900,25973500,263400,3375590,8484400,3240400,7305700,8603200,38899100,11842600,10098300,6959800,70999000,10374200,544600,6595500,1030100,568622000,4542500,27476700,10699700,4326100,19905900,5863000,1015600,2686600,4725200,2123000,8132600,3584400,648100,498300,4530100,6448200,12833800,1045000,6370500,4141900,1409300,1465100,1088800,30535200,5003400,1723400,8904800,160171200,921600,4224100,6798100,4162900,12534000,3873700,568100,1230800,18890900,4333700,14188200,18160500,6034500,16224100,1836000
2023-06-16,101256200,14616000,6894200.0,10020900,5266300,13343800,5317200,8847400,82007100,6765000,3283300,84247100,1811000,68299000,4616900,7803900,53050200,20722500,1281900,8486200,13022800,18223000,5261200,3983600,51111900,2896200,7368900,36421298,3639600,9928200,3147800,13672700,37134400,18211000,22908100,9868200,2119900,7220554,22683400,4570800,8693700,3123400,2511300,2487200,5522900,6113500,904600,6249200,9595000,75398100,16144200,3293600,13731752,13982700,5349000,14523200,45535600,4544900,10393800,10809300,5311154,7473700,3806200,110240300,3113000,13426600,13813500,2012100,26738000,4372200,4295700,1642800,6874300,26787000,5886900,4891200,9205100,10884800,43127700,614900,7412210,13663100,10770500,15844300,13153100,46552000,32259700,23053600,17163300,87537000,14445500,1179000,10442500,3178700,655709000,18479700,19514700,13741500,8925700,60338600,11244900,1037800,5837200,9547300,4964900,12905700,3913700,993700,1431800,9037900,11709200,19693500,2244800,14740700,9349900,3047300,1883500,2431300,64149000,8394200,3428000,13014800,167915600,2377300,10374500,7699100,8469300,13628900,9938800,1259300,2614500,36102100,11642800,36422100,34675800,6372600,43128900,3287700
2023-06-20,49799100,4868800,5383600.0,6573100,3349400,5331200,2632900,3840000,58851800,2492700,2139400,56930100,674200,27535000,2865700,8226400,39040900,7312500,698100,3751700,7100900,12777700,2979800,2341600,37891000,1347100,5232000,14793848,1739200,8590000,1684400,9522900,20138000,9137900,10438700,4952600,1700700,5795890,14939200,1868100,2851900,2130500,960000,2582300,2254900,3179200,735100,2234900,5585900,56645800,11959300,5215800,8068443,5410000,3486600,14380100,26097500,3208100,8474300,3371100,2212397,4271300,3489800,65970200,1726100,7995800,8428600,822000,13971800,1721700,2506300,774800,3058300,9811000,3961700,2729800,4311200,6284000,20701600,426800,3284455,8033300,3816300,7744400,7382000,26375400,13261600,7801600,9050100,47560000,10602400,510200,5590500,1191100,451153000,5309100,16273000,12586100,4154800,26881200,5340700,787500,3971900,5025700,3273300,8667400,2706400,507800,598500,6935100,5506400,9151500,1210400,7806600,3723600,1793000,1500000,1401600,35360500,6513600,2115400,7027600,165611200,1484500,3516000,4597700,3088200,12312300,4056800,528100,1352300,17687900,2655200,16679600,19994400,3502800,17514100,2844000
2023-06-21,49515700,5828400,4711900.0,4428600,3121400,5258700,3541800,4715300,82835600,2282600,2127600,52137700,674900,23229000,2813600,5356400,39553400,6122500,489300,4507000,5770000,10550700,2892500,1835900,37155600,1825200,3618100,14199849,1332600,6477500,1273600,7971600,16939600,8191300,7328200,3324500,1868200,3126139,17873000,2440000,2435300,2657700,1065400,1383900,2111100,2730700,911100,2497300,4536600,49984300,10526700,7126000,5983576,5342300,4784000,9085800,30306300,2158700,8443200,2713300,2709051,5501300,1885300,70973500,1445200,7177500,9926500,876500,13948700,1542700,2347500,906900,3364400,8987000,2301300,2837100,3856500,6778600,20556200,346700,3011648,6838400,2943500,6854800,6343100,25117800,10427200,7176100,5940600,51464000,8377800,495300,5645000,1203800,551603000,5495800,17583000,9013200,3832400,17982900,4649700,671700,2697000,4877900,2902800,7925400,3021600,371100,713000,4776500,5508800,13934100,970500,6725600,2958000,1539700,1266700,1469600,40676400,4920500,1617800,6577800,211797100,1814800,4034300,4886500,4935300,7032100,3776000,1034200,1239600,17121200,2456100,11686500,19251000,3487300,13285700,2318200
2023-06-22,51245300,4826900,3935600.0,5480300,4889000,3601400,4391300,3763600,70754800,1607200,2431400,90354600,636500,23464000,2755900,7057500,50742900,5627500,361200,3303300,4083400,11841900,2421600,5884100,23564100,1300200,3939100,13875268,917400,4967700,1114000,5689800,14993800,6912200,7088600,3627700,1518000,2364288,10915300,5027900,2563800,1445700,811700,1146800,3012400,2858700,666000,2189800,3243600,46862500,10897100,3592100,5292046,3408800,2584600,8616300,26952200,2409100,6098000,3052000,1715531,6012800,1427400,45740300,864400,5485900,10075200,749700,15193400,1197500,2912500,688500,2780900,11735000,1933300,1799400,3253800,6226400,17563100,502900,3103500,5022500,2911800,7884100,6214600,23556800,8639500,6976200,6948700,48695000,6002900,454400,6190000,1103800,417737000,3217500,12203400,10322000,3185800,18039800,6666800,719900,2707700,5775900,3515500,7283000,4788900,447900,736500,4531500,6125500,9009500,820500,8533100,2513800,1167200,1143200,1083600,30272800,3763900,945600,4841700,166875900,1309400,3607800,3179000,4192700,6275500,3121700,850700,1265600,12431200,1625900,11504400,13307400,3023200,12455300,1679400
2023-06-23,53117000,7395600,5800000.0,5647000,4233800,4481500,3785300,6956900,73622000,4130700,4173300,71927800,712500,37413000,4214400,6338200,55181100,8115000,686000,4451700,9538100,13249100,3354000,8885700,39855000,2060300,10964600,20334459,2211100,7149000,1434300,14037600,16544600,8569000,15172700,6304600,2033400,3684048,13538000,8097900,3800200,2074400,1218300,1906500,5603800,8357000,789400,2299400,6851200,48260200,12456600,3028000,7532911,4815500,3925900,10201800,34913600,2612000,14259300,8525900,3525597,11324700,2727900,46327100,1589100,9450700,9919500,829400,25112100,2070500,4832100,1348200,3997300,10806000,3739700,3720600,4591300,7619000,51092000,541200,9342315,8942100,3536100,16407900,10026600,23146900,12663600,9080100,8226900,82986000,14329200,555000,6842500,1449500,358140000,6096400,19734300,21395600,7592600,23492200,13843300,1183800,4297200,8867100,4192000,11958500,4872900,615100,1608700,6213400,18770100,21942900,1608500,9304600,4605200,3287400,1467600,2412500,37408500,4912100,3779700,5331200,177460800,4419400,8541600,4862600,11278600,5424400,5722500,1687900,1370600,18991500,3670700,18952000,18975000,5325300,17933600,2412100
2023-06-26,48088700,6468100,3645800.0,6134700,2826900,3169500,3244300,7256100,68557000,2565500,2308800,59989300,721500,21372000,2507100,3444900,47519300,5650000,403800,3220900,6553100,13253900,1748300,5610700,107033000,1396100,4236600,19510202,1300700,4361000,1278500,4771500,13032100,9453000,7371800,3592600,1360400,2309580,13132700,2477100,2209100,1537000,651400,667300,2423500,3189300,340600,1205900,4784100,44956300,9130600,2205800,5326378,6106200,3545200,11904900,33969900,2481000,6366100,4440100,2261628,4845600,2640000,38952400,1309300,6978800,8429700,615300,12856100,1089700,3214700,997200,2498900,13440000,3327800,1851800,3685900,4951000,24232700,287400,4371858,9001200,2351900,7685100,6377400,21520600,13815900,5670200,8477000,46400000,6887100,744200,4832500,1128600,594322000,3160800,8987000,11174900,3706100,56135500,4353100,778300,2828900,3825700,2846000,9377000,5418200,586800,711100,3993600,6069000,10131400,1109500,6202500,3078300,1567600,855900,807000,28616600,3650300,956900,4426700,179990600,1390700,4899600,2968300,3763100,5165400,3152500,923200,1464400,15840000,2283600,13618500,14106300,4010800,14283400,1729200
2023-06-27,50730800,7839900,4507700.0,4849700,2054200,2691700,3679100,7343900,59381600,2705900,1776300,46801000,546000,24923000,2433900,4465500,39081800,9705000,528600,2625600,6084900,11863300,2283000,4194500,62431700,1168900,7488500,15991983,1442000,3816900,1673600,4014800,12981000,12286000,6581700,3675600,1404900,4814868,10032700,3855000,2283200,2462000,1122000,1372600,2571700,3594400,416000,1560700,6876700,49813100,12084700,4162000,5973427,5111200,5391900,9125200,39535900,2156800,8213000,5342500,2502687,3219900,1708500,33038900,1268100,4927500,8154000,863800,9068500,1320000,4138700,671100,4223500,13355000,2197300,1815000,4904300,6508000,26108300,418800,6493562,6313100,2341800,7093900,6639900,24354100,18305200,5979100,6316300,48181000,7138600,535200,4270500,1288600,462175000,4823300,6970400,9013500,5763000,32414900,5445400,760200,3670000,3345600,3763800,7308900,5630600,2034500,604400,4048200,5034100,12367300,1795300,13198000,4005800,1348700,711300,1044400,31457000,4318600,2036000,4046300,164968200,1579400,6257800,3693200,2711600,4628500,3740500,698300,1258100,17757800,1604400,11749600,12093600,3287600,13227500,1452300
2023-06-28,51216800,6911900,6130400.0,3900000,2061700,3229200,4762100,6645200,67534100,2263400,2600300,52149500,606600,19445000,2289000,4276100,37803800,6055000,368100,3175100,5305900,13394900,2200100,5070300,96977000,803800,5100300,17284226,1936600,5463000,1245200,4775900,11387600,8893800,5773800,3966100,1676100,2856209,12118300,3539900,2410500,2282000,797500,1369700,3453900,3130600,479800,2791100,4246900,58380800,14802000,2980800,6009012,4486900,11772300,12882100,27091400,2423500,6937100,4025600,2092292,2753800,1774500,33906900,1089000,6780400,7558600,730600,11173200,1094000,2854700,848900,3372600,11806000,2012400,1666500,4151400,6290100,16722100,273000,4539538,7261100,2514800,8173800,4781600,20259500,27100100,8735100,7532000,88113000,6766000,618800,4805000,1730300,582639000,3648700,9240500,8867400,5193900,30062000,6733300,669600,3295000,2976400,2574100,6384800,4766100,1828300,851700,4014900,6581900,9910600,1837500,9204400,3895000,1394400,721100,1272000,26156400,3972600,1395200,3263300,159770800,1487400,3425300,3670100,2746400,5324500,2506100,827800,1045200,16756400,1964000,13959600,18889800,2965400,13084100,1686800
2023-06-29,46347300,4947600,4242000.0,3417400,2739400,1905400,5088900,3916500,58347200,1860300,2674200,40761000,567800,23386000,2899200,3443600,68376400,5600000,524700,2498900,6896500,18840800,2070000,2825000,60301600,1164500,4419100,11898864,1394800,4260300,1121800,3838300,14246000,5941400,5633500,2677300,1871600,2152337,13402600,2783000,2538100,1567400,1073900,1380500,2661900,3650500,367000,2471900,4549000,58488600,10597100,2314400,4070746,5295800,5836700,10460300,24090900,3553600,7678400,3279700,2699290,3639800,1725200,38313000,1679300,4547500,15423200,588800,17142300,1350600,2112400,684200,3058200,14023000,2524600,1744000,3455100,6453900,15395700,275600,4182292,6380400,2324800,6281800,9066500,16997000,51141900,7193200,6104000,49323000,12465500,531200,3551000,880200,380514000,3702900,9234300,10982600,5770400,26284900,7343000,534100,2925100,3143100,2254400,5138500,3409400,914900,536200,4071400,5113500,15151100,1410700,10506200,5376100,1304700,999700,684700,27298300,4138700,999200,3071400,131283400,974500,3704700,2979300,2301600,7118900,2272800,882500,1050800,16740800,1891800,23956300,21530400,2881900,11364400,1429000
2023-06-30,85213200,8711300,4604600.0,4449200,2668500,3096600,3236400,6142600,53378800,2843300,3243100,54350700,1031700,23145000,3371300,5488700,50479000,7665000,921900,4520600,7238600,15228200,2377900,3495800,115111200,1525000,4781800,17361797,1768200,7000000,2221900,5984200,18188300,7889300,6346600,6055700,1848800,3722738,12837500,4068100,2736200,1779100,1365500,1472800,2491100,4116200,813000,1745600,5990700,54036900,12637600,2604200,9250648,6017200,4126000,11613700,29532200,2361800,7597200,3230700,3193504,4236700,3124900,33811300,1506100,7580000,14212800,909300,19739200,1642800,3173200,982700,3633300,10867000,4407100,2644700,5289600,8377700,19694900,382100,6084052,9046700,2654500,8090600,6191700,26832800,31549600,9259900,7215800,73464000,19629600,767000,6629500,1240200,501148000,7161500,13703100,11629500,7635100,30867900,7058300,608200,6598700,3754900,2574200,6565100,3653200,1015200,617400,4402000,6229900,18007600,1769000,13420000,5505600,3148100,1349900,1069200,40465300,4579900,1315500,4841700,112620800,1094600,6004400,3970400,4892900,6879400,2975600,811700,1453300,19098300,4238300,20062200,19073100,3299800,13544700,2061100
2023-07-03,31458200,2674600,5001800.0,2268000,1172800,1491000,1533400,2533600,31860000,1479200,971000,28264800,456600,9038000,1700200,2143000,30995800,4482500,376900,2047400,3017800,10159900,1045700,1154000,44829000,627700,2092200,8939646,481200,2234000,951400,2400000,7338300,3489900,3272600,1703800,652600,1340628,7979500,1568800,1181000,896900,703500,754200,1217200,1287600,252900,740900,2197600,29412700,6915700,1281600,3723916,3437300,2756200,5578300,14467900,1106800,3888000,1483300,1289221,1477100,1484300,15753000,826000,4033700,8021600,424900,9694500,1118700,2113200,385400,1498400,6219000,1304600,1601300,2488700,3931700,8629300,206300,1913002,6144000,1537200,2834600,5839300,12508700,12921300,2484500,3675100,37332000,5734200,239600,2367000,765500,198209000,2347700,4284700,4541200,2389000,14115800,3996100,288200,1481700,2061100,1348800,2662000,1906700,345000,344300,2149900,3287000,6410600,753100,3543100,2156300,1032700,713600,577100,18424200,2181800,616200,1862600,119685900,453600,2007600,1915700,3330000,3087400,1466100,457100,688800,10367100,968900,9249100,8647500,1375000,7397000,742900
2023-07-05,46920300,6903300,3429900.0,4968600,1924800,2190000,2950900,5198400,49501600,2440400,2178900,35895400,1387600,14440000,2487800,4921000,37492000,6920000,681400,2870700,9640300,11852900,1820600,2260300,55764800,1279500,4796400,13846246,1362600,4154900,1630400,5069300,14950500,8947500,6318700,4475600,1398600,2765856,11028800,3057900,3073800,1756400,1725300,1659400,1801400,3012300,399900,1585900,6694300,52003900,13610800,1613300,4588235,5308300,4786500,12110000,27584800,2561000,6503500,2496000,2478390,2955100,2227900,37664700,1048400,7224600,8934900,1118900,14716600,2926700,2130200,625500,2876400,11052000,2781800,2356000,5234000,7448800,33865500,633800,4716306,8868500,2777100,5861500,6734300,18172400,16553000,8450100,9618500,68695000,10405300,369300,5581000,2577700,323618000,4649000,8466500,8018800,5277100,26829400,8279800,831000,4228600,3817800,3854700,6249200,3014900,641900,580400,3247400,6365400,7979600,2068700,8724200,5197600,1748000,1163000,806200,32988100,4912900,1432800,3324300,131530900,1543300,3729100,5053100,4820200,7601200,2753100,1253700,854300,19868300,3081400,15722200,17585400,4555300,12491200,1702400
2023-07-06,45094300,6091000,3733600.0,5325000,1375800,2100900,2539200,5793500,42342000,2457800,1605600,40639900,883400,23939000,3157300,4674700,52098000,7730000,675300,2548300,4460800,17431400,3079700,2051400,56532200,1794900,3287700,13211167,1458200,6004500,1750100,4250900,13931100,7952100,9203000,3410100,1390700,2867376,12084600,2248100,2101000,1682600,1281300,1421000,2197700,3762800,462300,1862900,4484900,64841400,17541100,1712900,4594375,5020300,4261900,13108100,24745200,2896900,5064100,4828300,2230540,3507700,2989200,41693600,1166400,6332500,9709500,1245000,12603900,2129900,2191700,675900,3011500,12975000,2156600,2569600,6116900,6781100,47600500,560500,6137035,8983000,3083300,7257400,8546800,28161200,15607300,7271200,8318700,49388000,9923500,673800,5089500,1913600,303582000,4102900,7982800,9765000,5592100,30177300,7958300,873600,2740800,3091900,4692900,7544600,3050000,608800,581400,3679600,7153300,8730300,1300800,9411600,3966800,1855200,1031400,918700,33325300,4677100,1506400,3108600,120332100,1229900,4555100,3913600,3011100,6441800,4177600,822400,829700,21558200,1831000,14978600,14427000,5359700,17961400,1564300
2023-07-07,46815000,6873200,3149200.0,5053700,1902800,2325000,1753600,3459400,37211300,2841500,1830200,41992300,890600,19409000,2145300,4893600,34288000,6722500,435200,2940800,6370300,13160700,2903900,1919200,44380200,999700,4420200,15309529,906000,7393100,2740600,3022200,15580400,6694300,6602200,3214400,1013900,2859142,9705100,2007700,2208500,1793100,1317300,1497300,1816500,4583000,252100,1586700,5644200,53375500,11158400,2423500,4843847,6550700,4264600,10608500,21709500,2903100,13874300,2951900,2391176,2982700,1642700,28356300,2015400,7022200,8981500,926600,14574000,1336800,2914700,642200,2345400,7288000,2654400,2586500,4941900,6720300,25586000,610600,4770126,8395600,4147600,11316600,8217700,21214800,15028100,7511700,6738500,41651000,7463100,577500,4280000,1560600,355881000,4710100,7001600,11270000,6309900,22903300,9169500,546000,2517800,4707800,5340900,6108400,1990800,696900,521900,4569600,7889500,9493600,1018900,23181600,3455800,1440200,811600,979500,28998300,4533100,1020700,3070500,113879200,885500,4585400,4131600,3145300,5729500,4587900,792000,1268500,20482700,1427700,13506500,19774800,3730900,21929200,1315400
2023-07-10,59922200,5153300,4052000.0,5259500,1684500,3352600,3489000,6364400,49330200,2501700,1615700,61889300,562700,30622000,1865600,3497100,36086000,10027500,568600,2966500,6054600,14307600,2771900,1775000,39739700,994700,3724900,20940622,1253800,6405900,1955600,3820100,19046500,8087100,5167900,3321900,1005500,2314205,13642600,1974800,2312300,1900400,889300,1349900,3332600,3095400,313400,1629100,5716300,51882000,9122300,1573000,5805400,5554900,2961700,10507300,35315200,1775800,10005100,3246700,3291434,2369200,1249000,36305700,2036700,5739200,9100100,935700,15480600,1292100,2011400,718400,2536100,12882000,2148600,1703700,6679400,5702900,37058300,368600,4506408,11674700,2582600,5949200,6141200,32791400,16953100,7704700,6998700,42517000,5374600,494600,5885500,979400,353908000,4837300,6931000,8200100,5508800,17777500,5529200,555600,1989700,4123100,3785200,6037000,2435600,1078900,603800,3300300,9294600,8258900,1047300,14817100,2652000,1456600,840800,688200,45305500,3807000,1026600,5624700,119425400,895600,5563200,4339200,2372700,4858900,4199300,609800,1008900,30326400,1710400,16675800,12967800,4047400,14877600,1280100
2023-07-11,46638100,5144800,10045600.0,3899700,1347800,2842600,3292100,7706100,59899500,2021500,1484200,49951500,625300,25498000,2281900,7451400,40978700,6952500,504900,2754900,5115900,14131700,3293300,1979100,43404900,934300,5199900,16701218,968700,5648500,1262300,10028100,14998300,7174700,5060500,3226700,1131200,3302784,13735500,2653400,3051100,5288400,1004300,1206400,3559100,2965100,341100,1769100,3841800,45849700,11554100,3039400,4746113,3529800,3186200,11395900,23078800,2041700,14227900,2913800,2972392,2924000,2355300,28148800,1850400,6606700,11260900,687100,15967700,1162000,3570900,709200,2219700,12028000,2106200,1529600,4063000,8284000,27585900,322200,7477392,7237100,2651300,6084400,11053100,26698200,13454500,6623100,6797500,45692000,5454900,688100,5671500,1240500,298244000,5433900,6117100,14636200,3914300,17731300,5150300,743100,2356900,3419300,3060700,5784000,2390000,570400,747800,6209900,5268000,8430600,770500,18093900,2770600,1649600,926600,848200,39688000,3722600,1310900,3639600,91972400,4255900,2755800,3086800,2896600,3856500,3682900,1199900,940000,28340300,2501700,15401100,11460900,2878800,12576500,1081300
2023-07-12,60750200,4944100,5583600.0,4845300,1788200,3027400,3590200,5590100,57993100,2619500,1649200,54022800,1024900,28197000,2305800,5123200,41855500,7672500,642000,2897100,5522100,17960500,2986200,2073300,55581800,2350800,5291500,19035280,1331300,6229200,1960500,8923500,26332500,13736100,6464000,2660600,1376000,3153437,14912100,2831900,2566300,2848300,903800,3284400,2871500,3658600,499000,1636500,6163800,47636800,11778100,2068300,5403938,5185100,3783300,14534200,30404400,2741300,10014900,5300500,3147987,3732200,1980700,37762200,1723500,6940400,11323200,874500,14241300,1557000,3107800,1067100,2256000,13032000,2273400,2156000,4331600,8454700,36677100,400100,4345307,5320600,2395500,8376700,8602300,29995300,13953600,9710500,10074400,57317000,8305000,691000,5840500,1134800,481277000,4271000,11011600,11581700,6080100,17229700,6764600,1184600,3743600,5605000,2374100,8371300,4127600,588900,506500,4943300,6971900,8909900,917900,14304600,3708400,1955300,1952300,1094600,46478300,6298800,1678200,4288500,95672100,1683300,5708600,7287600,2586000,6116000,3032800,1000900,795800,27299600,2254400,13998300,16509900,3137700,13238200,1471800
2023-07-13,41342300,4631800,5532300.0,4936800,1822700,3049400,3128200,5410800,49206700,1803600,1750000,61170900,843800,25912000,2080400,4291700,39589000,7777500,928100,2831800,5174100,26210700,1949400,3427800,49645400,1940900,4346200,18296489,1931700,6054900,1647200,5800300,17864800,13087400,8143900,3921500,999400,3020897,15325500,1935900,2912100,1700200,703300,1904600,1888800,2846700,362800,1498400,4729300,49664300,16155700,1747600,3477075,3341700,4286900,12446400,44297900,2787800,11088500,3235600,2466082,3221400,1996900,32745800,2314700,6401700,11234900,803100,11269800,1281100,2865100,821700,1882800,10887000,2354900,1656900,5135100,5582900,30281000,387600,2980552,5923900,2374400,9764400,6026500,20567200,11384700,6058600,8086800,61575000,6692300,552600,6570500,904100,478204000,4705200,9359600,9794200,8223100,16664400,5561400,840900,2831500,5405700,2886300,9823000,3406100,413000,465800,3357600,4511700,12598300,1154100,15775100,4050600,1601800,1244800,789300,40508200,6468300,1364200,3423500,112681500,1190800,4441200,7276800,2857200,5819600,2966100,665000,756400,25641900,1866900,18034800,11859600,2925000,26826800,1001500
2023-07-14,41616200,5544100,6728500.0,4016000,1295500,2303700,2641600,6058800,91927200,2044700,1712200,54487100,711500,18510000,1829500,4294800,58720300,5965000,1064100,2669300,3515500,38634500,1936800,1989700,41398100,2063800,2978000,13767714,1635800,4738200,1828700,4278700,19566600,9700200,7065700,3443000,984200,3282029,17770000,2027400,2833200,1369500,897500,2512900,1738400,2736600,335200,1087000,3915000,48747900,13132300,1044400,3405529,6072300,2594200,11047700,33283100,1815200,10054700,2942100,2293033,2861500,2115700,30438700,2072600,5362200,27028400,828400,11634200,886400,2955000,933200,1535900,9191000,1978500,1550000,3838900,4556800,23054100,398600,2650097,4860400,2007400,7209900,7732700,28352700,13860200,6463500,5124300,71959000,6933600,604300,4582500,1153300,772075000,4981700,7723800,9846000,4467600,17915100,6128900,522100,2655400,2938400,2865000,7892200,2846200,621500,384200,3454600,3939800,12775200,1137100,14423300,2810400,905600,1282600,1311000,101745400,3865200,953000,4053300,120062400,938100,3701300,11379300,2213500,4941200,2335300,668200,961300,31576000,2114600,30897600,10427400,2561800,28181900,2455900
2023-07-17,50520200,4033000,5755800.0,4580800,2033400,2645600,3161600,6306700,68593300,2049200,4359800,48450200,809300,26819000,2144100,3621500,49477200,6290000,648400,2359500,4713700,18521400,2674500,3993600,35689400,1154800,5938900,18576897,1436000,4081400,1909900,3557900,16140700,7804400,4351700,2772700,1509100,3840276,34503400,1986700,1921300,2882700,802200,1351100,1886800,2254900,358000,1385500,5080800,99402100,8037400,1494400,4557412,4954600,2814500,16143000,25716200,1777400,7165300,2002500,2281893,3167400,2818700,34111200,1812200,5486800,17262400,816200,10014300,1152100,2347900,1886300,1951500,13834000,2344500,1669900,4167500,5824400,25323100,244300,2753312,4483400,2116300,7376400,7911800,20363900,11333600,5148800,4912000,68917000,6682900,861500,5216000,787500,510488000,3229500,6735900,6601200,5637400,20557300,4625300,614400,2811600,4730500,3078300,6125000,2919000,550200,554100,3268800,5244500,15512600,945600,13598700,2941200,1188200,1189300,1212900,160933400,3126500,1290800,4908900,131569600,1401900,3918500,4582000,2556000,4328100,2968600,860500,1244300,97510600,1199400,25173900,10135200,2881600,18051300,1639400
2023-07-18,48288200,5392800,4122600.0,3913900,1574200,4093100,3040900,6492700,57980100,2621200,3090300,54882900,544200,24513000,2685700,5895800,98253800,7700000,790000,2565300,5491700,24678000,3832400,3588400,39141300,1301900,3916200,19975734,1194500,4396800,1778800,5092700,16430800,8480500,6798300,3463900,1575400,3065904,21885100,3427400,2279900,1641900,729900,1895300,1841100,3133600,469000,2500100,7124500,71710800,8934200,2766700,4476718,5244900,3335800,13304800,26193600,3887400,10090600,2315600,3892597,3852100,2600200,29662200,2236300,6332500,13491700,859000,11152900,1099400,2237000,3122600,1858100,10231000,2676200,1991600,3483700,5777600,20731900,283400,2978877,5331100,2314100,7499100,21630800,64738600,10393100,7239500,6037400,130418000,5717200,1263100,6320000,1333400,569164000,4082600,8903600,10918100,5684100,22808300,5351200,634500,6395000,5936800,2367000,7481200,3081200,481900,664500,5464600,5989000,45975500,1623600,11387000,3611600,1325200,1024100,1124800,132538700,4254000,1461100,5261800,112120300,1333700,3040500,8816400,2387500,7674000,2858500,726000,935500,79722200,1828500,24183200,13437300,3332500,24617800,1032000
2023-07-19,80507300,4784200,4968600.0,6225900,2170900,3383200,2832100,5379400,70363100,2047200,3380800,54531000,675600,24118000,2749100,4814100,70619800,7497500,718900,3032100,7254000,15789100,2771900,2957400,35920000,2197400,5717700,19894855,1910400,5408200,1261100,8516300,21745000,12922700,5653100,3028800,1664800,3692395,17177000,2569500,1970400,2290300,655600,2649400,1958400,2185000,363200,2516200,5667700,58280800,15002500,2655500,5604920,5351600,3410600,12775300,37224000,6037400,15315700,2361400,2658866,5520000,3044700,26486700,2580100,7522600,12510000,1137300,12936000,1607100,2212800,2141500,1649600,9326000,1809700,1969200,2553200,6206000,21763700,342200,2498324,6104300,2883200,6608600,12004300,39732900,9463900,7464800,6246200,209965000,5027100,933600,8686000,1085100,427502000,4362500,7609000,7568300,4140800,18589700,6203600,699900,3594100,7653900,3052100,8866700,2529400,581100,639700,4133300,5556200,22153000,1385800,13074900,3383900,1377900,1320200,1411700,142144700,3002300,1715400,4857600,142355400,1015200,3686000,4956500,3018900,4835500,2797300,789400,1000200,61881000,1857000,18932700,12372900,3602400,15556500,1844100
2023-07-20,59581200,7009800,4246300.0,8768600,2097000,3264500,2850700,9883200,76340400,3741300,4164000,59820600,752700,28268000,3940700,5782200,42128800,6430000,621600,3146000,7127000,17647200,2102300,8369700,32239300,1516800,4345900,19213256,945600,6702300,1732800,5303000,22784400,9869600,5866600,2871800,1284900,2389442,15277500,3009300,2428700,1829300,612800,1942900,1844300,2629500,358400,1974400,5578100,45952600,17041800,2138600,5158852,6046000,3523800,10626400,37906800,3915000,16801600,2101900,2687195,10896300,1986500,37878000,3442600,21892900,9935900,1813900,11563000,1085100,2624200,1353800,1959700,16720000,2570700,2104300,6041700,7003100,23836900,337000,3428095,6617800,3143100,8073000,9541800,33778400,12745100,9221600,12791600,239897000,6458000,978200,7756000,1164900,537865000,3250600,12913000,5714600,5056500,22358400,6445400,627100,2709300,6553800,2520300,9148600,3128200,628800,823300,4314600,5466100,13621600,1256000,9963500,6103700,1186100,1085400,1390200,76867900,2904100,1147400,5448900,175158300,1268300,7154600,2963100,2703600,4695000,3947000,902800,1128100,32839900,1557100,18927200,14987700,3484200,15740200,2910800
2023-07-21,71951700,5654300,11813000.0,7062700,3265700,8099500,8462300,15686100,76815400,9381100,4474200,133307300,667900,74287000,9102100,4056800,70872400,17470000,512300,3301900,6207400,18251600,2249900,4882900,27228300,1497100,11117900,56112036,1172400,4957000,5264300,3529700,51284800,9625400,8760100,2940400,1195600,8335018,19901000,2933200,2694300,4562700,1589200,2300600,1643600,2246800,312000,2583200,16583800,57579800,11550700,1786800,10277106,14984400,3548800,13621900,72937900,3217400,10798200,3673400,7988906,5858600,1608300,79737000,9157600,12080000,10636400,2613000,12815100,1195700,2226700,934300,3348400,25742000,1868100,2835500,9999400,22069200,42139300,222400,2992392,6406300,2587400,8194000,6298600,69405400,24540200,11878400,6340500,173400000,6631600,593300,4050000,1178400,963769000,3116800,9159600,6490000,15022100,24149700,9938400,731000,3304800,4192900,2711700,23704100,3436600,1813600,654800,3274900,20370300,9887900,2298600,16639900,5326200,1131500,1351100,2965000,49225400,3575500,2755800,12713200,161796100,874100,17251600,2887300,5071500,5427400,3556400,784300,4433200,25179400,1531400,16215400,16960500,10530000,17121500,4346600
2023-07-24,45377800,4468700,4370800.0,5665900,1341500,2260500,2382200,5276000,45583600,1771300,3420600,45591100,653600,19992000,4979900,4898300,64548600,6377500,385400,3269400,9391500,19006200,2195300,4448500,28805300,1638200,3494500,16371728,1300000,3999600,2086400,5363200,18390200,7495800,9722100,2296500,1301700,6410311,13911900,2668500,2248700,1319800,827300,1372100,2205400,2598500,329500,1651300,4607600,46687000,16669400,2010400,6687261,11333500,2731500,18209200,29686100,3517500,9980600,2621900,1959349,3475200,3312500,25225800,2998000,15155400,14381400,740200,10251100,1467500,2190700,892200,2019000,11475000,3029800,2034400,3361700,6224000,24915700,268400,3986746,4998300,3079600,6045500,7259800,26678100,10272700,8609700,4635000,82644000,6787600,551400,4876500,1295500,382516000,4913400,6200400,11878000,4225800,19414700,5549500,744400,1952700,4414500,3691800,5859300,3169000,543600,426400,4741800,4746600,7414600,2275500,10596100,3446600,1021300,1442200,1226700,49475700,2827400,3196700,5012000,136508500,549900,4318500,2279000,2460200,6010000,4398100,587800,1170300,30784200,1202600,12053200,12529800,2837200,15090900,2950200
2023-07-25,37283200,4778200,4121300.0,4732500,2163900,2472100,2667600,5038500,44916300,1325600,2353600,39236700,739800,20042000,3286700,6513300,51208800,6142500,610700,3014000,7327400,14729900,2016600,3893900,26368800,1291500,4787400,15134648,1368700,3664700,1602500,3203700,16136600,8630100,6767600,2464000,1160700,8281663,15335400,2114400,2648500,1507900,717100,990300,1844900,2283900,297100,2275600,3928500,58772700,19515400,2363700,21329067,5298400,2308200,30599100,52509600,2893000,8579900,2890800,2088472,3770800,1850100,31771100,2021400,13790100,9944700,788200,13422700,1328400,1737800,1207800,1547800,9087000,2490500,2780600,4260800,6928500,19585600,366900,10499564,6464700,2994700,6498700,7760100,41637700,8610900,8847800,6412000,48598000,7692800,846300,5395500,1861900,348081000,3284600,6266300,10371700,3521600,21771000,5883800,636800,2817700,4042200,2744600,5592100,2168300,444600,429800,49625600,5627500,9973200,4040500,10686100,3997200,1213600,1353900,1269400,59669800,4648600,3073900,4271700,112757300,666000,6267800,2730600,10006600,4997500,3398200,755200,1359900,35719500,1708700,13537400,15553800,3247000,14116100,3952800
2023-07-26,47471900,5006800,4055500.0,3682500,1512500,2918700,2755700,4050400,51721700,1576800,3158600,53910100,1109100,19877000,2352000,24923800,41814600,4172500,552800,2682900,8374800,12267900,2622800,3503900,23856600,1416100,4116700,18835111,2619000,4006300,1306400,4856700,13563700,9856600,6056400,2149900,1759500,6502243,14983700,3455800,2196700,1602400,842300,1291900,1789500,2879000,259500,2676100,3553500,42019700,12767000,2751300,9449750,4049700,3466300,15673500,61682100,2281600,7207200,3448100,3493979,4046400,1616900,32643200,1258800,14288200,8728600,847100,17145500,1825500,1959800,1322300,1720100,13614000,2572300,2896900,4524700,5676000,47256900,525700,6691620,4933900,2863700,7042700,7201100,58383700,14920600,7244600,6319100,60092000,5148900,896200,9125500,1327400,364237000,3440300,8160000,6861000,3898900,20983700,7013800,725000,2778900,3869000,2687600,5291800,3451000,399300,676300,20124000,6568300,6704700,2289000,8113500,3005600,989200,1352600,1173000,63191500,3505400,3559300,4436400,95856200,825500,11905100,3697200,4189100,7551400,3849500,717900,1233300,27916000,1608500,19520900,15094200,2529800,15159600,2922500
2023-07-27,47460200,13664400,5426000.0,4762900,2981200,2477200,4837900,8928900,70678000,2439600,2969600,52610700,994100,21922000,3944200,12018300,45529500,5587500,555200,2706700,11333800,25162700,2284400,3880700,50553800,1283400,5637200,33702369,2198200,4568500,1485300,4299600,15795500,8764300,6470100,2946500,1977000,4608444,16691400,3397900,2841800,2311500,1249300,900200,1869800,3090800,416200,3367200,5815600,67313500,13403200,1945100,7752311,6258600,3160600,17589300,44952100,2010800,8023100,2608600,6997826,6331600,2237700,58890800,1641400,12446400,10778400,1951200,11517100,2336400,1883500,1603600,1972800,33900000,3563300,4698300,8102400,6446700,64229200,706700,6713746,4551900,3027200,9813100,8427800,39635300,25068300,10185400,6877600,65945000,6544600,1719600,15372000,1246300,455976000,4957900,7843000,7804900,4141800,25346300,7191600,610700,2980000,4643200,2925800,7917900,12693200,884300,799200,14092700,5373400,9199000,1889700,7791900,5379900,1412400,3530000,2359900,65496000,3708200,2260900,5560900,103697300,934800,8300400,3028300,3251400,8160100,4422400,1461800,895500,28097500,1487200,19509600,13400400,4046300,17677900,2173400
2023-07-28,48291400,8000300,4162300.0,3409200,1920900,2810000,3504000,7802000,55526000,1889500,1714400,46317400,560300,18791000,2925900,7054600,33296500,4727500,522800,2473300,10509400,20871700,2101200,2817300,24508400,1397400,10891400,22052969,1151100,3138800,1371400,4238700,27491300,9475100,6542300,2930400,1194700,4129946,13638300,5273000,2567000,1508700,1267900,947100,2807600,3131900,394000,2031400,8594800,116696500,9641100,1058500,5600785,5026500,2935900,17473700,36591200,1827400,6448100,2268200,4174505,6686400,1630500,90863000,1467700,14138800,9103800,2019300,9721800,1445400,1437600,1163100,1767300,18500000,4501000,2843000,5664900,10226400,39220300,685800,3479762,5906000,2556500,6903800,5798400,28484900,11932900,6230700,5194800,64242000,5988300,1127000,10209500,979800,331194000,5075900,6910400,6211300,5602300,24054100,9397300,465600,2318500,3888900,2141100,11762200,4045100,744800,719100,11617700,5320700,6675500,1202000,7019900,5362800,1069200,2418600,1864300,51420600,3105500,1642800,7683100,111446000,598100,7540400,2930000,2299000,6794800,2958600,753000,728100,30642100,1198400,12616400,11020200,4227300,17566400,1899800
2023-07-31,38824100,9109200,4457300.0,3930800,1351400,4059800,5903600,4184400,54187300,2826600,1812500,41901500,1146600,14952000,3345900,4894900,29093400,9212500,367700,2621600,6513700,14377200,3568700,3862200,27014200,1245100,8106100,17010861,1465200,4126100,1365900,5571900,14193500,7659000,13056300,3620300,1169600,4084375,20837800,5427800,2902800,2246800,1403700,857500,3971700,2803900,431900,2346400,6893200,64507700,10282600,1055600,5169252,6059500,3378000,12138200,28055500,1385500,8726200,2690000,3656630,6138100,1939000,55630700,1439000,22632700,8892700,1093000,15577900,1615200,2110200,1806000,2614800,11332000,3578300,3296000,4732300,6476100,25799600,458100,8661312,8667200,4066100,7397500,5242900,25446000,11193800,10876400,7764300,65876000,6406000,1031000,8349000,1719800,251055000,9894200,6703100,9513700,5687700,40265200,7955200,812700,2673600,4740600,3800800,11029600,3208500,445000,1105500,10177400,6377400,8651900,1780000,8278400,6777500,1301400,1916200,1588500,47585600,3202500,2144800,5633900,84582200,1043200,4065200,2441600,2323100,4799600,4358800,688900,902500,24500400,1910800,11696600,13033200,3600500,24197000,1500800
2023-08-01,35175100,4409600,4519600.0,3733700,1913800,2274000,3750000,3088100,95279300,1843400,2243700,42098500,886900,19683000,2340100,4975200,32712000,7625000,359600,2293300,4859600,15219100,11823200,3941700,42573300,1498100,4721400,16113301,1162800,3308200,1445300,4212600,15286200,9012200,7531400,3922800,1115800,2920730,13717500,2689700,2422100,2298800,2467000,835900,3125900,2587300,298900,5024400,5352700,59129900,9046100,1251900,6595040,4025300,3261400,10232100,23166800,2024300,6478600,2547200,4215459,4797700,1995400,24702200,1346600,15810300,6853900,859700,9281600,1468600,1738200,1047900,2029300,9528000,2344200,1916200,3512200,5080300,22817900,439900,3414819,9902800,3491300,10009200,4468500,18311900,13141100,6723400,5480600,57115000,4566700,576700,5513000,1268400,237858000,3206500,5246000,6603100,2853900,40931600,5718800,989700,2279200,3380300,2694200,7128700,3248000,334300,2650500,6780400,7784300,5942300,2013400,6930400,3892700,1406600,1221300,2230500,46296400,3963500,1517500,4167300,83166000,1078800,4028700,2161200,2823500,4627300,3344700,1127700,1421700,27289500,2401300,12699200,11782500,3826700,14177400,1535300
2023-08-02,50389300,5756400,7026100.0,4699400,1799700,2971000,3160800,5468300,173372000,2593500,2236400,51027600,992400,26877000,2236200,5326700,38855100,7087500,649200,3085900,8031700,13101100,6288300,3166900,25360500,2039700,4275700,17766937,999700,4577800,1635000,5127000,17693700,22302500,7067100,3649700,1077900,2872226,15162700,2360900,2295000,5112600,1445500,963700,7346300,3250400,386100,3603800,6935800,57997400,10714400,1227400,5377375,5325400,4355600,15516400,26273300,2106600,6003300,2752600,3180454,4957400,2017500,39052000,1907100,14595600,8299400,1363500,11059400,1538900,2366600,905700,2298100,14973000,2410600,2388300,5190400,7211600,20461100,489800,3810934,11431300,4477300,10873500,6407400,27761300,14004400,6589600,8769900,49122000,6213200,830300,8727500,1726000,530142000,3554800,6387800,11352600,4285900,34301600,5636000,1174200,2096800,2873600,4886000,13711100,4673300,623600,1599000,8610900,14463100,9585300,1239800,6726900,3746600,1107100,1589600,1960900,41739100,3552500,1398700,4810100,101752900,1299500,6914500,3220500,2008500,4868200,4188700,1389200,2182900,20481600,1582500,13911700,12660000,3139800,13484100,2284800
2023-08-03,61235200,4674300,11441200.0,4947700,1355900,2183700,3287300,4338600,90605400,2322200,2493000,88585200,2357700,18281000,1708700,3282900,27933400,16385000,585500,2942000,6174900,13467100,4743500,2293900,22112300,2410900,4935300,13178730,1650800,7285300,1463400,5515200,15186400,12771700,6680700,4775400,1083400,2746680,14145400,3072900,2880500,4083400,2091200,1309700,4753700,4302100,910900,2133200,4357800,51996300,8557900,1810800,4347409,5747700,3571600,14754800,20089500,1840400,8055200,2451300,2661943,3951900,5017100,24817900,1635400,17424800,6084000,870000,8037400,1926000,2414100,1240700,2436000,12155000,2190500,1910700,5966400,7102500,15180200,650100,3374514,9885200,3716500,6039300,5137700,18253700,11075200,9075100,7884500,62439000,5084300,758500,4318500,1468200,324176000,6619800,5193800,12127000,2857400,25676500,5792700,1569400,2718200,2309900,3510700,29239600,2449100,1068800,1095500,7947300,5547500,7426600,1580600,7387300,5397400,2965500,2144600,1921600,40781600,3361300,1103200,2753600,97569100,854800,4515200,2442900,3692800,5033800,3445500,1385100,1177100,20465700,2184000,12145400,13202700,4053200,16280400,1688000
2023-08-04,115956800,4231200,8623300.0,3231100,2140600,2462900,2578500,3984500,83169700,5181200,1687500,153128500,1263000,21156000,2256000,3500700,30768100,24370000,475100,2842000,6327400,18329500,3888200,2176600,26799300,1213200,4574900,13555275,2427300,6928700,1142000,4800400,12266700,8318900,10185400,6668700,961200,3062858,11533900,1969900,3043500,2798100,1168100,663600,3560600,5719600,418700,2043800,4777700,48412900,8161900,1593400,6118274,9062400,2077600,12408900,26147200,1725300,8516400,3591600,2555206,4223100,2743100,26674900,1656900,23415100,6209400,727200,9359300,1648900,1870400,846800,2549600,6652000,2215800,2520500,11225300,5070800,17612800,614500,3487775,8077100,3483600,6700700,6191700,23741500,11255500,9140500,8131100,54418000,5621400,583900,8170500,1299800,362666000,4508100,5579300,14326800,4651100,25746500,4785900,963300,2045100,2560300,2650300,12658700,2127600,501000,737000,5573300,5199200,7367000,1218400,7626900,4105500,1537400,1196600,2792800,38965000,2470700,1102200,3255600,99539900,1721800,6052800,2411200,4437100,5169700,2664700,888200,1248200,24584000,1737500,10840800,14262000,3406500,14279600,1827500
2023-08-07,97576100,3800600,4079100.0,3632500,1530600,1777600,3267100,3896100,65854800,4076600,1559600,71213100,863900,11146000,2027200,6068000,31745200,12802500,387900,5379900,8710400,16972000,2438200,1851200,29955200,1142100,2469400,13369190,1303000,3635100,1015400,3615200,11327900,5615200,13927400,4680400,1009400,1433237,10818400,1791500,3604500,2662000,675300,621100,2459400,3865100,296600,1478500,5013300,43929200,6637300,1494900,4140914,6831500,2500400,9910700,22746300,1260300,5471600,2111000,3016105,3438700,3191000,22486900,1658700,17736400,7251800,756800,6982600,1112000,2446400,746800,1902500,6848000,1559800,2176800,5594300,2892100,16236500,512700,3001242,7874300,4106300,8259100,4663300,17741500,10537500,8397200,5413000,47813000,4887300,1289300,6136000,949400,322154000,4059400,7347000,8879200,3323400,31069100,4107400,697600,1518100,2303300,2982000,7706500,3198400,474000,1017600,6740900,5222700,5825100,1096700,5956400,3197200,1048700,715500,1233300,38109900,2694800,737300,3554400,111097900,1954700,4315700,2430900,4411700,5649800,3045800,773200,985900,24314000,1639800,10860300,14268900,4222100,12410800,1941700
2023-08-08,67823000,4013400,4685800.0,7544300,1550300,2626100,3797400,3443700,54141800,5321600,2047300,51710500,645700,14081000,2102900,5149200,45951800,8300000,676900,3428800,10957100,18524500,2519500,2125200,21033700,1152900,3796200,21221563,1063900,4281300,1020400,4843800,12224800,6612000,6451300,6304100,1354400,1913088,16767900,1980300,5240800,2409800,989300,938900,2099600,2958900,270400,1593000,5565500,45103800,10580500,2050800,4735463,5546500,4772200,10281700,23535200,1917300,6971800,3272600,3460664,4654600,1966900,34753600,2272400,27378700,8623400,1113000,7956100,946800,15094500,791600,2152100,8094000,1747000,1948400,4243500,4870500,15183500,351500,3483350,6105200,4232200,10152200,6921200,22327600,14767800,8890000,7671900,37672000,5851900,664800,5425500,1120500,353843000,4465600,4694800,7304600,5017900,25225500,4625500,667000,1369500,2433500,2865000,8934600,1901100,441800,808000,7220000,4058400,6325600,964300,7751000,3567200,889800,951900,976600,39075100,3020000,1002100,3242500,96642200,2603600,4628000,2422600,6433400,5080600,4119000,724000,788200,22178900,1512800,14520000,11017500,3831600,14065600,4118000
2023-08-09,60378500,3737100,3389700.0,5135200,1504500,1843800,3878100,4796600,56257100,2428100,1475800,50017300,617700,24672000,2445200,4044400,30732100,7450000,447400,4424600,5878400,13957100,3088600,2592800,24718700,899800,3314900,16201541,1777100,4818800,1471800,7847500,18765500,6914700,10531500,4198300,1361300,1914329,32517900,1714000,3219200,2404200,1024000,711000,2246800,3389200,260700,1709300,5648500,42932600,8842900,1266300,3900213,4551300,3546700,8254500,24912900,1326000,9005800,2698900,3421407,4072900,1465900,28720200,1219000,42974400,6277800,825600,7904100,853400,5376600,1211700,2061300,8139000,1806100,1895800,6357900,5487300,19955800,369800,2565540,5412300,4779300,6479500,5200500,22373300,10043200,7453000,7431000,38466000,4328600,1547800,4696000,1104500,586449000,3896100,6542400,10757500,4413100,17210500,4293200,654500,2190800,1829500,3864800,5642500,2086300,430100,735500,8802600,4494300,6617500,1339800,11975900,3729200,1002900,927100,878700,33951700,6829500,947100,4092900,101596300,3773100,4701400,1916900,3249400,4055000,3898000,591400,740300,20798500,1994000,11973800,13209600,3892800,19919600,2270000
2023-08-10,54686900,3275800,3437600.0,4708200,1862400,1901700,4083600,4018300,57297800,1919200,1618300,58928400,856000,20186000,2556000,3710800,26062600,6490000,496900,3098800,4508100,12112300,2647100,3246600,22120800,1074700,2552400,17231730,1595200,3589300,1107200,4004700,16329500,6057700,8647100,3672400,1283900,1917600,56716800,1185000,3635500,1683300,1092300,665300,1614600,2342900,227400,1314000,4205000,104063900,9092400,1039000,5853515,3776200,3804500,25601500,20857800,1345900,6919500,3075100,2983214,4735800,1778200,30957300,1054800,48213800,5995100,942000,7870300,825000,4108500,688700,1815500,9376000,2154500,2436300,4534500,4137800,14358900,477000,2633951,6597900,4137200,6525700,4250100,20113700,12775300,7959900,6221300,54676000,7276500,800500,5647500,1270600,492705000,6938500,6004100,7611100,3727200,18955200,4307800,908600,1590600,2402400,2587700,6224500,1806400,387300,1489400,5359700,6844200,7347000,1112400,8857100,2583800,1185300,933100,880600,33556400,4797800,1168400,2492800,109498600,1920300,4975300,2179700,3964800,4778000,3738700,542100,632600,19031600,1420400,11982200,15169500,2535700,15837200,2348500
2023-08-11,52036700,3454800,4412700.0,3478600,1351200,1930600,2067300,5193200,55667700,1560600,1073100,42905800,646600,20331000,2102500,2652100,35720700,5362500,381100,2475200,4816600,11973200,1874100,2692100,26491300,947900,2742300,14513868,1014900,3771600,1043100,2930800,14344500,5978400,6682600,5298300,1217200,1573560,21998900,1190500,2428700,1894200,793900,1030800,1338800,1845500,252800,1034200,3302700,64371700,8627800,1204500,4463437,3383600,2480800,20519900,19591100,1256800,6466000,3108400,2864700,2526400,1484700,28783700,933700,45905600,5180700,868700,8483900,692600,2524300,690500,2356300,16035000,1464600,1761800,3753400,3611500,14046300,295800,1947925,7164300,4396000,5904300,3922300,24355500,11823100,6524200,4239700,39279000,5104300,733800,4008500,1053500,533085000,5070300,5288900,17115400,2873800,16609400,3862300,564500,1715900,2642300,2559000,5712500,1751800,526100,719300,3778800,3180600,6573200,1240600,7092000,3230300,884800,817300,625100,31237100,4656100,925100,2897000,99038600,1398100,5454800,2029600,3558500,3607100,3420600,570700,726000,15271400,1872500,7316000,14195100,2922000,14047000,1742900
2023-08-14,43675600,2570900,3373800.0,3076100,1334200,2052500,2733100,4850400,57421800,1966100,1342000,47148700,694000,17688000,1827300,2486300,32563700,3917500,395000,1990700,4907400,14280300,2194000,2581900,20464000,825100,4249000,22244709,1206900,4252400,1247600,3304700,20707300,7156800,6060100,3670600,1058500,1840219,13676400,1841800,2340400,1713200,844500,864200,2232700,1438900,406900,1274300,3798500,48099600,12482600,2207800,4916020,3682000,2431900,15853800,24695600,1347000,5140100,3974800,2593296,4226400,1546700,36896100,950700,64036900,5044300,1207700,7176300,1060700,3981100,752300,2927400,13017000,1638500,1712400,4483400,6063900,15641900,280600,3653062,7032500,3440300,8427200,3637500,18836100,21954000,8021100,8737100,39660000,5305200,516700,3854500,2145200,690286000,6150100,6494200,7953300,3385600,20295500,4297600,437000,1499400,2763800,3043900,8537500,1708800,354500,468000,3521800,3239300,12327500,1359200,5736400,2773200,792300,847700,1318500,26901400,6871700,1068400,3117800,98595300,1482500,5933600,2127200,2980700,4351100,3410300,365600,557800,17934000,1803500,10677000,20813700,3166100,12973400,1352400
2023-08-15,43622600,3636300,3970500.0,3150600,1256100,1824300,3405700,3384900,53816600,2781200,1487800,42781500,624400,14035000,2447600,3201900,43406100,4072500,519700,2863700,5613600,17125100,2593600,1875200,17912200,869700,4476300,21404340,1340800,4214900,1124300,4076400,20173400,6222300,7876500,4092300,1576800,1734977,13677900,1469600,2669700,1500000,848900,648000,2026500,1598200,344300,965600,3716900,42616400,11486800,1391100,4276614,3798600,2633200,13365800,19770700,1657800,5698200,5860900,2389372,3656600,1491100,27420300,1342200,88958100,10300300,654900,7187400,709700,2826800,725300,2079000,6713000,1753200,1883800,3871500,4874800,11623600,195200,4000859,6830900,5569500,5118700,9308700,16966300,13808500,7703900,7810000,33680000,6197600,583700,4153500,1208200,676512000,6157700,10412200,7857300,3331800,20484300,6921100,433500,1458900,2689900,5087600,6843600,1931000,269200,363500,4174900,3203700,8753400,1026800,6040000,3450200,842300,971900,724200,26393600,6082000,894600,2664500,88197600,1188900,3920900,1817500,2269300,3770100,4969600,369000,516900,15528600,1600800,13835900,14559300,3004000,14909600,1001200
2023-08-16,46964900,3214900,3336900.0,4086400,1212500,1541300,3285900,4613000,54327300,2244000,2200300,41675900,640900,16003000,1994900,2273300,47220400,4002500,494700,2196100,5995800,13963600,2831300,2989300,22550600,993400,3639900,18508075,1091100,3767200,1340100,2759600,26470200,4890200,7920500,3269400,1870300,1986634,12182700,2425200,2382100,1554900,750900,682300,2493900,1820000,290600,1245500,5557200,44838900,9967700,1475100,4614924,7264600,2707300,15254600,25216100,3340300,7092200,3753900,2378019,3285300,1565600,35757300,1441500,85832700,6978200,803100,8372300,1143800,2597100,822000,1403500,8088000,2002000,1829400,3955600,4065500,18547700,372200,3412666,6908600,3623300,5332900,5746300,20698900,9895400,6433500,6536700,39670000,5953100,518200,4946000,895700,527451000,5102000,5722000,7805700,2633700,22215600,6356800,425500,1348700,3222100,3904400,6426700,2024600,345100,496800,4207700,3679500,6402800,1662000,6234300,2246900,1172900,811000,748400,29440300,15063200,980700,2755600,112484500,1335300,4558400,1454100,2500300,3218600,3502600,400200,649400,17395100,2216000,10076700,26980800,3099300,13695100,1205300
2023-08-17,66062900,5285700,3908500.0,4175200,1653700,2455800,2790500,7065700,59064300,2256100,2370100,48354100,735500,19228000,2473000,4359400,37202200,7370000,471200,2847700,7076300,16123600,2534700,3445400,27220500,4554900,2873100,13351905,1683200,4044700,1941900,4062700,45278000,44490100,8270500,2842200,2149200,2014382,14206000,2608500,2578600,1790700,945100,1065500,2561000,1837500,295100,1092100,4263700,36104900,10921000,2194700,5734981,5741200,5586500,11476100,33446300,3135200,4501500,3885100,2632235,3742100,1518600,39906700,2061400,70904200,9953900,843300,12873500,1229800,2549900,635800,1791100,8914000,2118600,2148400,3993100,4446400,23950100,465200,4071304,7100000,3351400,6457800,7611200,21257200,9933300,6677600,6952200,60315000,5692800,576200,4951500,1174300,452395000,5229500,6183900,7863000,4503000,31113600,6419500,664200,1736700,3385600,4704400,6250500,3103400,320600,512900,5090700,5291100,8660700,1189100,5925600,2620500,1193700,994300,1055700,36036700,8543100,1257000,3916300,120718400,1008600,3987800,3009500,2986500,4177600,3311100,826500,889900,19128000,1883100,12686000,53614200,4337500,16709500,2197100
2023-08-18,61172200,4050900,5963600.0,4809700,1997100,2140100,3155200,11541800,59916700,2814500,1511300,48497700,716600,17759000,2139500,3583200,31430400,11602500,530500,2870600,7174700,12908700,2533000,2458400,25707700,2103700,3681500,18780374,1478600,4267600,1878100,4267200,28839800,15005000,5999200,6942700,4233700,2303827,12364400,1372800,2766400,1518500,1153900,619000,1978800,2046500,289600,1728600,5361800,44519900,12635600,1972800,5651281,6483800,5246500,11779900,30504800,1730500,6631500,3472000,2178976,3915500,3858700,23701100,2983700,49631700,8517500,766300,11083800,1254700,2958600,1075700,2250500,9336000,2001800,2624500,4270900,5330500,35347900,588400,3150742,6897600,3154500,6711400,6650000,24755000,9576500,6291300,5987300,43122000,5836100,716300,4189000,1051000,583768000,4842100,9412800,7518600,6020300,24145100,5448200,809900,1886800,2884600,4896500,6384700,2750800,1065900,435800,8150400,4126000,5949400,1440600,7095400,2682700,1170300,1045600,993000,32213600,7777700,1093700,3632500,136276600,1026600,4456000,2364400,2868300,4344800,3012100,1209000,803300,21722700,2170100,10797300,27954900,3637000,16224000,2027200
2023-08-21,46311900,3944800,4876000.0,2954700,1072400,2428300,2571300,8121900,49319200,2324100,1998500,41442500,477700,30012000,2070500,2734600,34959000,5862500,434300,2540000,6199800,14486300,2207400,2966000,18829000,1345200,3157300,13157924,1019000,3271600,2076100,4023300,18283200,8643500,6802300,3412200,2549100,2671217,11215000,1511800,3910700,1412000,769200,729300,1842900,1627400,266500,1342900,6239800,33456700,8988200,1628600,3686075,5359200,4741100,10766100,25248700,1983500,6803600,3109700,2048579,2937800,2339800,43718200,1776700,151319500,8327000,843200,8648500,947100,2305400,573500,2804800,9083000,1869400,2682600,4479600,4787200,20181500,294900,2754029,5443400,3495100,6012500,5385300,24040000,11311900,6856100,7274900,38616000,6697600,542400,4237500,715100,692573000,4748900,5811200,6809800,4284100,28496500,4504700,477800,1743000,3093500,2662600,6539800,1784300,1082900,418900,4494800,3753200,7448800,964300,6269300,2308900,1417800,1168800,1176000,47841400,5617200,903800,4141100,135702700,1001400,3941800,1533500,3512000,3573600,3734000,856400,1049800,27074400,2207300,12600400,15679200,3132200,11092400,860200
2023-08-22,42038900,3209300,4945400.0,4840100,1139700,1495500,2558200,4865900,47295200,1720300,1658400,32905400,353600,17079000,2255500,3011000,37564200,4667500,332500,2363300,6010600,20507900,1668800,2147000,20250500,1044200,3096500,12764734,1671300,3194300,1286000,3153200,15661300,6796500,6080800,2560800,1663900,1933279,9835300,2439500,2365900,1839900,625800,734200,2339300,1892500,222100,1492900,3982500,32027500,7596600,1473200,3308421,4534900,3595700,8633800,22054900,1810300,7403800,2582200,1817493,3557500,2877600,23425300,1161000,56834800,9673300,592300,9411500,913200,1936600,671800,4083500,6273000,2422500,2052300,2883900,4685400,12980200,316500,3097879,6846100,2330000,6026000,6002300,16084600,8876000,7370400,6276400,35997000,9814700,597900,4448500,1035700,755293000,3448300,4960300,5116900,3489300,18524100,4195600,309800,1468700,2459400,2217200,4587000,2677600,765900,535600,3924500,3639800,17490000,1016000,8607600,2060700,1753600,1024800,1052400,43191500,4343500,960700,3239900,130442800,1217500,3035600,2079400,2701000,3848400,2562600,1001700,613800,21722000,1642900,13634500,16670700,3142600,10518800,1286400
2023-08-23,52722800,5414800,4605400.0,3403300,1486100,2336900,3045300,5300400,54656300,2256800,1655700,42801000,446300,19692000,2042500,3004500,44686600,4677500,386800,2239500,7908900,16214500,1677800,3766100,29806800,1203300,2615300,19614448,2113100,3136700,1295800,3833200,18250000,8131200,4975600,2660700,1582200,1695835,7576000,2128800,2231500,1821200,1297200,671100,1975800,1708200,311300,1757700,3236600,30437700,9647200,1653700,3568043,7422800,4313100,10262700,27819700,1429000,6202600,2728000,2015157,2559100,1788000,32324300,1321800,119011400,7858000,820300,7749500,929200,2121300,1043200,2390700,8713000,1943200,2308800,5586100,5603900,18287000,268000,3904820,6649000,3645600,10588200,5878600,21166400,10747400,7721800,7076900,81747000,20909100,558700,5690000,1338600,779046000,5834900,16517300,8758500,4042700,19370900,4522500,512000,2167700,2458800,2027400,6873900,3176200,540500,467400,4462000,9704500,10628400,1784700,10717600,2655000,1991700,770600,969600,29371100,4478900,1769100,3267800,101077600,1258700,4152900,2011400,2375200,4947700,4025800,778800,507000,15766400,1641800,11927400,14210400,8610700,11435600,1022900
2023-08-24,54945800,3986300,2980800.0,3529500,2077500,2950200,2787100,6771000,109179100,1888900,1055700,43646300,391600,30934000,2468600,9132600,31934800,5657500,317900,2521100,7946300,15579600,1433600,2393800,21392500,1340800,3692900,16335983,1198500,3538500,1587500,3960300,17586400,7244800,5989600,3680400,1379900,1738699,27531000,3407300,2376000,1795100,1522000,827900,2030500,2811100,471000,2822600,3766200,33338200,8152600,1795700,4211960,4793900,3797700,7875600,28500700,1185600,4365000,2490000,2537275,2900200,1618800,37931000,1558800,70755100,6534000,1245700,8955100,820300,1776700,697800,1994800,11349000,1970000,2006400,6584700,4736900,18360900,204100,2272400,8305400,2888200,6487700,5023000,23281400,12661600,9242500,5667000,56878000,10310000,518300,4557000,1213900,1156044000,5722400,11995900,6267100,5709800,19380800,4088900,545600,1887000,2713900,1713600,8698100,2519700,457800,724600,3905800,7824500,6727400,929200,6685900,2414700,1751500,770500,1029600,29780100,4747400,1326200,6200000,99777400,1404300,6003200,2311100,2207400,4570700,2764700,578600,704400,18561400,1537700,10363300,14033100,5780900,10818500,1210300
2023-08-25,51449600,3275100,2415200.0,3000800,1451500,2308300,1875700,4720600,74793100,1786600,1174700,44147500,381200,24181000,2969200,12352300,34253200,4937500,275200,2136800,6581700,16881900,1291700,2243300,19060500,1209400,2663300,13925737,1297600,3710300,1511500,3068800,15731800,7383000,5291800,3342500,1099900,1557768,16050900,1865800,2374600,1308900,631000,935600,4124800,2417400,243400,2433500,3412900,47610000,8446600,1415000,3903596,3773300,2698000,14298000,26762900,1159600,5922600,2418100,2062478,3660100,1500100,27324800,1920600,18185500,6695500,1104600,7629200,1022100,1847600,785200,1805000,7601000,2154600,3725200,4553300,3890200,23701400,327800,2617566,7007100,4481100,4839100,5461400,21684100,9409000,10114100,7769600,53909000,7290600,436500,3402000,1017900,925341000,8429000,8758100,6790000,4710700,16421300,3541500,596100,2559800,2474700,2262100,6669900,2328000,404500,663500,4737600,5360400,8367200,1478100,8619100,2227400,1080900,942300,907300,22107700,4277800,749800,5732600,106612200,1419200,3947500,1923500,2506900,3541500,5167200,571500,697900,14912100,1388700,12534700,12267000,7705600,13579300,879700
2023-08-28,43820700,2806900,2348500.0,5862500,1236400,1684100,1608300,3565800,55386800,1661300,1381900,34108400,694900,14306000,2509900,4641800,33075200,3522500,430900,1728000,21042900,14125900,1550700,2192500,19018100,531900,2871100,11531816,1169700,2821600,945800,4086900,15189900,5939800,4386100,4312700,1247000,2534165,12166400,1636600,2128800,1182800,584400,628500,2228800,1836100,411000,1611300,3167000,29693500,8445700,1059800,3524313,2783500,3333900,7393500,20543300,1440100,4747900,2099900,2059507,3561100,1831900,22341800,1450300,18458000,5094100,598200,6254300,772000,1373700,641000,1726100,6092000,1901300,2317600,3849800,3577000,14239300,213200,9135646,5071000,2520300,4335600,6439700,14808500,9904900,7152600,4889300,29286000,6006600,505300,2940500,942900,685192000,8568900,4514800,4840300,3189800,15101900,3614700,388500,2106400,2659400,1702200,4316400,1591100,249600,878200,4834600,5098900,4952700,1731300,4813200,2380400,900400,1016000,890800,30173700,5083700,642700,3975300,107673700,620700,3995100,1344500,1967800,3741500,2680100,434600,552500,16050400,767900,10314500,11871000,3982200,10382100,1546900
2023-08-29,53003900,3419100,5622900.0,4515600,1525000,2167000,1967700,5017200,50850300,2216600,1572900,38646100,389500,27822000,2175800,3716700,30428200,4197500,502600,2285600,12856400,13199700,2065800,3346800,17645000,1117400,3566500,15149693,1352500,3213700,1468500,5850400,17859100,7430900,5374800,3571700,1875600,2328418,11210700,1529100,2279700,1538600,565100,698400,2235300,2175000,387100,1392100,3606000,32009000,9229100,1793700,5833091,4156300,3230000,7511900,43075600,1831700,3945200,2628200,2313511,2778100,2433800,29943600,1804700,12208600,6337000,831800,8189600,1060100,1701200,1053700,1800600,10398000,2188800,2348500,4071900,6201300,20844500,241400,6270867,8079200,2673600,5673100,6212300,19284600,9955000,11209700,6738800,44867000,8641600,541100,3921000,1047500,701397000,4698800,11920500,5509500,4368600,21076500,4034600,584000,1833500,2457500,1933200,6971400,2478700,407200,836700,5130900,5512300,7604200,1461800,4911000,2535700,1085900,661400,1158400,45429000,4700000,1291400,3502300,134047600,785600,3981700,2113700,3261200,3975600,3041800,624900,882600,28782800,1492900,14404800,12702300,4614900,9665000,2423800
2023-08-30,60813900,3486400,4709900.0,3711300,1470400,1930300,1854800,4000000,54847300,1694300,1858300,36137000,404800,23234000,3039900,3328300,33366400,4100000,483900,3058300,9036800,18211400,1431000,2863600,18121700,744800,2415500,14907697,1056200,2847500,1292800,9946000,12145400,4467400,5534900,3141600,1815500,2037958,11816600,1617500,2250900,1767600,516900,875700,3229700,1642100,330900,1235500,2260000,30617900,6655900,1524400,6086573,3297900,2543700,7856500,28315800,1131500,7221600,2256200,2341415,2245400,2801600,26279200,2092100,9939100,6277300,658100,9447900,780100,2191100,875900,2839600,9026000,2516600,2410700,4880400,3883800,17717000,283500,3915584,5765300,2539300,4785000,5051800,15222100,16892200,7461500,5402700,36254000,4822100,478700,4278000,647100,735206000,9020900,5601800,4714500,3153400,16833000,3712200,551900,1849300,2574100,2113400,6490300,1794500,302100,1139800,4469800,4212200,10299000,944100,5843100,3583400,774600,750500,1055600,26065300,5520800,773500,3185200,121988400,583900,5120400,2283400,2713300,4573300,3167900,414100,640500,15021400,1381900,12536300,10967700,2583500,11922100,1673500
2023-08-31,60794500,4110700,3860300.0,4042300,1986300,3919300,3095900,6593800,58919000,2065000,1567100,58781300,662400,55203000,3653900,6953800,37243000,5752500,617100,2842300,8083200,17795700,2579000,4362300,21797600,1747500,5205300,21271605,1039400,4395700,2086500,19268400,22619700,9829000,7003700,5234500,1515500,3313387,10448000,2004500,3139600,4374900,1042600,2054900,2604500,2757400,545900,2040900,8455200,39025700,8605100,1524300,5218620,9200000,5681900,10168400,30053800,1271100,8361600,2914700,2757009,3885900,2713300,48157600,2076900,15333000,10933900,914900,14663500,1193100,3043400,826300,3433100,16816000,2535100,2979800,4640800,7116600,17229900,308500,7781296,7383700,5114500,9212000,5581200,26411000,18420900,11797800,6503400,38030000,7046200,503600,6656500,1264700,528570000,6971200,9109800,10915100,5566700,27919500,5451400,640100,3277600,3098500,3086400,7962500,2025500,457500,854500,4914500,5624500,6687700,1490100,10102500,4063800,1573400,1201800,1049800,45406200,6427600,1192100,6627300,108861700,1438500,6026500,4927700,3549800,5532600,4154100,530300,1025900,24333200,3081800,21534900,19582800,3983700,17479800,1893000
2023-09-01,45766500,3357800,4517800.0,2641100,1732700,2234100,2548200,3693100,54856100,1350200,1654100,40991500,520000,65017000,2195500,3658400,35228600,4940000,454500,2637900,6879800,12413500,2336600,1719800,16767300,1118600,2412800,20130769,838100,6398300,1437700,5600900,14080400,6321400,6663000,4087500,1249700,2897719,27701900,1248300,3777700,2333100,613300,1319600,1762300,2462000,234800,1423100,3931300,34716900,10985300,1436500,4435119,2993000,4404600,8804800,21543700,1201400,8629600,2317400,1693144,2727800,5990800,43808500,1335700,8610100,7903500,657200,11262300,970000,2030800,668600,2562000,6454000,1841700,2136400,2112900,7284400,12842300,387100,4354038,6659900,3027600,4941300,4981800,14942000,10772000,8296600,4911200,47934000,6359400,423900,3633500,977300,463830000,3864100,6189900,9029500,4801400,17522500,4126300,501400,1591000,2538600,2787700,5310700,1856600,253600,880000,2583000,4747100,9392600,1575700,6921700,3505400,1306000,769400,657400,20292900,4450700,1015500,3039800,132541600,1379900,2611200,3165900,3286600,4112900,2999600,677100,764200,14748700,1311900,12890300,12553500,2848100,14843500,1174300
2023-09-05,45280000,3911100,21052800.0,4284000,1736600,2349700,2972500,4266700,66042200,1763600,1715200,40636700,716400,24808000,4151000,3246500,46543600,6552500,556800,2976800,6330600,15843400,2515600,3143500,31023200,1236300,2976200,23164357,1192300,5785700,1714300,5807300,13885000,7043900,9755800,5914500,1474000,2415950,12741700,2268800,3155500,1963800,1371800,1053800,2897800,3737700,426700,1614500,3584100,35202000,6392900,1224900,4406550,6045600,3952300,9169600,19403100,1846000,8428300,3141400,2365075,3731300,4402000,43379400,944100,9019800,7854700,780900,12474600,1092500,2257200,854000,2569200,5199000,2045600,2410300,3258300,6517300,14956000,407000,5817583,9267900,3080900,6379900,4919400,18553900,11144300,10002700,7263500,61559000,6698700,470400,3591500,1446600,382653000,5264600,11089600,15600800,5081800,25856100,5097000,527100,2854100,4328000,2327000,7294800,3053600,314300,745200,4973800,5414300,6085800,1463900,8428600,3197800,2187400,1334300,1289300,28402900,4171000,1404900,3881200,129469600,1342900,2882200,3443300,4897500,4459600,2997600,827400,771100,17486000,1611300,14337200,15209400,4170400,18304000,1673000
2023-09-06,81755800,5304300,7114400.0,5094400,1247900,2299900,2752300,3109600,47736700,1988900,2313300,41785500,422900,20142000,2949200,4233500,45022600,5820000,426600,2655800,7705000,13675200,1688900,2276000,19238600,1004100,2869100,29705067,1797500,4664000,1476600,5066700,11380400,7064800,7195500,10714900,1002600,2867489,15518500,1513800,3249700,2273400,693900,1149900,2406300,2015400,389000,1699300,5607400,41881500,7647800,1099900,5018014,5753800,4262700,11731900,18684500,2120800,5467800,3199700,2364757,2932200,3594200,39643400,1171200,9753800,8629200,714600,13923500,775400,2424300,2548000,2123900,9013000,2292100,2705800,3996400,4784100,15418100,412000,3210423,10108400,2593800,7926100,5384000,17535800,9192800,9250300,6706100,38623000,6096000,602500,3345000,1443500,468670000,4915100,8728500,8177800,5933800,35370200,3877400,595400,2786400,4690700,1764200,7411900,3085700,396200,413300,7528800,5428400,8534800,1083600,9299800,5730300,1921600,1099500,1253500,43010100,6003400,1217900,10514700,116959800,1074600,4244000,2596100,3883500,4520300,3163400,657500,1148700,19187100,1987900,18775400,14594700,3815400,13325500,1356800
2023-09-07,112488800,5142100,7928200.0,3863200,1533000,2089400,2899600,6720300,49080100,2228300,2404500,48498900,566300,27789000,2617400,4929600,35023600,6072500,453000,3263800,7994200,12406100,1593200,3779700,18761400,1029500,5704300,22205230,1347000,3503900,1340000,4201900,14762000,7181400,7925900,7001600,1028800,2016751,14768000,1768300,4765200,1724600,819800,980800,3304200,1588700,363200,1751100,4917900,38559600,7450800,1209100,4139035,6586100,5309100,12291800,18844300,1471100,7347200,2454000,2213458,3332900,2622800,67659700,2117300,9931800,8373700,1269900,17628600,986400,3707100,1195700,2576600,12039000,2502700,3732800,6248100,6177900,33748700,349600,3476652,7395700,3641400,8532600,5504200,18381000,12043200,9981100,5182100,29227000,9927100,718500,5200000,1554400,433330000,5821300,11864400,6617500,4934300,26777700,4824800,764700,2531900,3531000,3348800,17947800,3173100,356900,921000,6376700,6404100,6351600,1038400,7867600,3728600,1581900,1160900,1311100,30699100,4940900,1079200,8462200,115312900,925400,6272100,2928000,3013200,4007900,3691500,762500,1452600,26605800,1388100,13801000,19120800,3554900,13248500,1159600
2023-09-08,65551300,4339800,9326600.0,3521300,1416800,2262000,2164200,4473300,46232000,2449000,1645800,38348200,786600,16810000,1931300,5752000,36513900,4110000,352400,3019100,4419300,15055400,1240100,2987900,13695000,1065200,3804500,21189553,946500,4368400,1075300,4578900,13992000,5486000,7434400,6539800,1837500,3582415,16220900,1462000,3302700,1750100,777200,993400,1952200,2398300,251400,1414700,4545800,49493500,6337000,1179700,3170967,6695200,4631300,12121900,23558300,2026400,9033800,2210300,1877652,3722800,2177700,44255200,1507500,6957000,7107900,868900,14312300,1064000,4308300,1162300,2166300,9023000,1868900,2351300,4875400,6838500,17548000,266800,3317824,6833900,4432100,6807500,6127600,19530100,9805000,7484800,6523000,26975000,6435000,767900,3640500,1424800,473069000,4243300,10595500,6346600,2995000,19467700,3384700,527200,1758000,4130900,4711200,9819300,2783000,421600,866100,5984000,4754700,9554100,1088400,8323600,4412100,1022500,864600,1052900,28281300,4720600,1834900,4273100,118367700,711800,3301100,1858400,3561500,3309100,5146900,648900,1275300,24872400,1151000,13921200,12667200,3627800,14283200,1562200
2023-09-11,58953100,2911600,7179000.0,4891100,1551300,2083300,2540400,4145000,50611300,2135100,1393100,56764500,669600,15710000,2611100,4522300,34168300,4447500,563500,2921600,6415800,11404200,1515300,2486100,18092800,1191800,3286600,21172588,1053400,4294500,1388600,4418000,15842300,15636300,7155100,6339400,1428200,2766194,26579100,1684200,3992900,3626400,738500,766600,3921500,2831300,283300,1539500,3597000,34673600,6583400,1263700,5272499,8053800,3776700,11777000,20763400,1283100,6512500,2087800,2244439,3273600,1704000,36349300,1566500,6309300,6854200,901100,14767400,862000,3876500,1618300,1657900,9529000,1544700,2433200,3695400,6503900,19489300,228900,3398314,9566100,3803000,5069300,7780900,16583300,9310400,7981600,5102700,29138000,7584700,843300,4802000,1397900,473966000,3698600,22155600,7917300,4512700,27574400,4288500,514000,1992800,2482600,3105400,18771700,2331600,374800,1055900,24520700,5577500,7641700,1035800,8392300,2838600,1349900,973300,2101700,28625000,4042200,1555900,5271800,174667900,1077600,3191900,2059200,3638000,2995800,5554700,363300,725700,18883900,1669600,15053800,11912100,5586300,14383600,1069100
2023-09-12,90370200,2424800,7342700.0,3531400,3205000,3961300,2681800,4470600,44413600,1574000,1341500,42668500,646000,16680000,2659000,3256500,42284000,4130000,404000,2898400,5643800,24774700,1587300,2542600,15495000,970900,3639400,22415109,921200,4486600,1055500,4002300,13916100,13581400,7521100,3871800,1127800,2680015,16594600,1546600,3689300,2379300,605900,1217100,2447900,2442200,315300,5506800,5485900,49507700,8955000,1133800,5275255,4181200,3233700,15578400,18405500,2054700,8072900,2190500,3891218,4457700,2367300,55326600,1205400,6045800,8363200,805500,12292700,1047900,3212100,1307700,2192600,8924000,1997600,1450200,3998300,4834500,13480400,233000,3823134,7754900,2841200,4605400,8942600,17565500,11062100,7171300,5482500,31240000,6307700,581600,4647000,1075000,349256000,3704500,68605700,11441800,3331100,17987200,4537800,618100,2275300,3071000,4229600,9250100,2646200,296100,931400,17931800,5007600,9448200,1358100,11476400,3754600,1314000,968700,1146700,27383300,3678300,1568000,4862500,135999900,846600,3739900,2195200,6232500,3499600,4273900,540300,642400,15784400,1761100,18393900,11757300,4702400,20145800,1675700
2023-09-13,84267900,5953700,7893300.0,3192500,2496200,3465200,2936800,4625200,44702300,2182800,1639000,60465200,627300,17413000,2976700,3538100,37215700,6272500,645200,3261400,5710200,31031900,2119300,3423800,23991200,1177900,3111800,18048092,1370000,3879700,1162700,4173600,13092200,10486500,5759500,4611600,1104200,3273456,9772700,2822100,4383300,4107100,896000,1372000,2497000,1963400,229200,5816500,4013700,62579700,5233600,1524600,3508651,4407700,3042800,14287400,20749500,2165000,6227900,2564300,5365795,2627800,3258200,35407800,1225300,7397500,8325900,837400,12641400,1207500,3126600,971500,2769400,8777000,2142200,1724300,3315600,4026600,13210900,326400,9059820,8929000,3177200,6761500,10617400,16544400,14525500,8925700,11608600,118430000,7140700,472700,3193500,1110200,398355000,4928400,27171000,9142900,3781400,23853300,4040600,1041300,1864700,4688400,2779400,8131500,3310400,396500,973200,11613000,5830200,13621300,910000,7914300,3632100,1451900,680800,1433400,30916600,5481900,2359100,5427100,111673700,970100,3331900,2197800,4071900,5657000,3184900,612500,739500,21027900,1849600,15274200,14364300,6006000,13472800,1935700
2023-09-14,60895800,6336900,8365500.0,4086600,1904000,4786900,2779600,5629800,45920600,3072400,1444600,64033600,550900,19648000,3209900,3974800,44634800,7657500,660100,3670100,5574900,19422800,2660500,2835900,24656700,892700,3409500,20977433,922300,4686200,1257300,4297200,15760300,8425000,8822800,5719800,1272400,2132033,22371900,2176200,4594400,3112500,2265500,878600,2637000,2370000,260700,2267700,3764700,43461600,7455300,1568100,6637768,4424400,3693600,11797300,24751000,2822700,5731900,2707600,3906814,2723100,1828400,30616500,1348400,7758400,10034900,899200,12311600,1231500,3244800,992400,2621700,10359000,3557700,2219700,3680500,5183200,19343100,340200,5004184,9764000,3526400,6872400,8109600,20267000,11170300,7944900,9943800,107090000,7075300,543900,3340500,1575500,370097000,5902100,19849700,9851300,4118300,23759900,4606800,724200,3375500,4214600,2526300,7138100,4112300,388900,843400,15600400,6039700,8074200,1035500,6862500,3698700,1627000,825500,1390100,55155000,5182500,1598300,7191200,107709800,813300,4071600,2334300,2796400,12000000,3737600,649200,775200,26570100,2842700,20764500,14923800,5419600,15210700,2000700
2023-09-15,109259500,8868300,74788500.0,8303300,3339300,9774500,4598000,13654600,71103600,6161100,3514500,102909300,1354600,50190000,7273600,4670600,61661100,21440000,2816100,11595000,14535200,22983200,4940900,4574400,24302500,1595000,5597100,48481706,1659900,12441000,2945300,9939000,44029200,12757500,17439700,7657500,1986200,6425765,21631200,5884300,9702900,5405600,3205300,1581600,7287100,4880300,601100,5063500,10297200,63982400,11064400,2075300,8437076,11145100,7635700,19709700,38919600,3063900,11078600,7117800,6380854,6234000,3817900,68881200,2791900,13392100,19863400,2831400,55727500,2820400,5941200,1681600,9188500,31613000,4755500,5730700,8587300,9339800,28131100,998400,7178631,28877500,11636400,9639000,17629500,37679800,16416100,18391400,16419900,91167000,10467300,1034200,8552000,4859200,506831000,18363000,23215000,23148000,11661200,58063800,10262400,825400,4818500,6932700,9312900,12247400,5411600,1032400,1091800,16049800,8767600,23653400,2620100,19793700,7353100,2880800,2472300,2134400,80594200,7606900,5179500,19544200,133692300,1623100,9427900,5334300,4382300,13077900,8068000,1457900,1741600,38205200,7623000,47371800,63925200,9226000,34568400,3262600
2023-09-18,67257600,2967600,7351400.0,3652600,1350700,2650700,1650900,5607700,49061300,1770100,1499100,42823500,665500,16541000,2413400,4299200,25752300,5287500,494400,3130900,8139700,10467400,1363200,3292000,19251100,626300,4042700,13713938,737800,4945300,1003100,4279400,11825000,9099900,7027600,4071900,969300,2210429,11894200,2111100,3701700,2449500,844200,786600,2163200,1998900,260500,2258400,3536300,47444100,6683100,1780500,4700880,3337800,4126700,10471500,21861300,1356600,5135200,2740400,2436905,2508100,1593300,29322200,1007000,5789000,6512400,1178400,13617400,652000,2723600,951200,3447200,12598000,1808000,2884800,3746800,3915000,14234200,390800,5141006,7971900,3003600,3911300,5501900,16834200,12735700,7534100,8806100,47047000,6946300,692600,3305000,1643900,500271000,5925300,11744100,7746800,3182600,25421900,3536500,488000,1654500,4557100,2237500,5065100,2523000,406100,884100,9847200,4477500,8713500,1471400,6232100,3686800,1334700,638300,1042300,29972500,4274100,1300100,4000800,101543300,918700,3180100,1997500,2729200,4771600,4418400,496500,628300,16233700,2163100,15849700,12997800,4445300,14045300,1228200
2023-09-19,51826900,3509700,6674100.0,4090800,1898800,2385800,2238500,6365400,41704100,1528200,1612600,61482500,579100,13126000,2230700,4039900,34888100,7035000,428100,2603700,7549100,11031700,2313500,3014800,23552300,735700,3016000,16928489,1084200,4190700,1144700,4001500,10748500,9192400,6615100,4185300,1957300,1994755,21478900,1673100,3291000,2403000,1087500,1235100,1891700,3671700,322000,2551300,4230600,40900000,12864800,2217600,3882045,4002700,5740200,9546700,20353700,1660200,7511600,2776500,3047298,3945400,2091500,53288100,1076500,5550800,7943400,663500,11998900,1458800,2185100,862300,3449600,10945000,1730900,2128100,2232600,4048700,15924400,439900,3192483,8771800,4507700,5818300,5769000,16505900,10399000,8215500,10531200,40768000,9386600,597100,4148500,1486800,373064000,4394700,9536100,8150900,3369300,30323300,4704200,687300,1834000,3723200,2970100,5658800,2991100,344100,666800,11389300,6803000,7313900,1264400,9067700,3961500,1130500,849000,683900,33190500,6972400,1181100,5252800,103704000,1255200,3244400,3230700,2348900,4709000,4568700,656500,800700,23379300,2371400,15318100,14019600,7856000,12562900,1373600
2023-09-20,58436200,2744800,5189000.0,3966000,1693100,2626000,2073800,5806900,55180600,3575300,1885600,46263700,593600,13681000,1969700,3738800,26641100,4557500,334100,2268400,15133500,11240700,2380300,3676500,22637100,768000,4212100,16676997,880800,3444600,1311500,2990900,12219900,11581900,5939100,4795300,1289700,1758665,12715200,1689300,2855800,1317000,818200,1085700,1646300,3818600,355400,1229400,4908800,37449600,7265000,4014600,5134919,4826300,6780900,10807900,29927500,1224400,4928300,2320000,2518920,9632400,1621200,57660800,1391200,3837400,7332000,709800,14766600,1747300,1869900,1044100,2490000,8468000,1580000,1979300,2666800,3845800,19379500,388600,2936300,5843800,2538500,4593600,5268200,21436500,15522100,5804000,6774700,38666000,10274200,432700,3884000,1053500,367108000,3731900,8777100,6735500,3695800,24651400,5446400,539300,2497800,3765000,2491400,7073800,1505100,304300,458100,10817900,4572100,8867700,864500,5351100,4072900,1560600,773500,834400,45303600,5076200,1271300,3396100,122514600,806800,5035700,3724800,2300300,5756600,3719700,974700,903900,23742000,2117500,16788100,10120800,7670600,11879900,1485500
2023-09-21,63149100,3660300,8514300.0,3943700,1911600,3844600,3163300,5241000,59704300,2437100,2499200,70343300,768300,53654000,2712100,4745700,39906000,6682500,547700,3178600,10507300,12260100,2277600,4574300,22663700,1696000,3315200,17364358,1425500,4470700,1687700,4957300,37436100,9295900,7150000,4219500,2209100,2718367,14378000,2016400,3129300,1813800,959600,1340400,2181300,3614100,306800,1937100,6719900,40140500,12882000,7079500,5760292,5271600,6014500,11338000,31503900,1685100,5243200,2766500,3095468,4944600,2362200,45240600,2039400,4526700,8052400,1055100,15941800,1362200,4049900,1669400,2959600,11694000,2450700,2370100,4733000,4773400,21319600,557500,4252856,7066100,4152000,5856600,6933900,35560400,14978600,9458600,6949900,55479000,7958600,767900,5350500,1205000,450736000,8675400,12645800,10259900,5351000,26980600,5096400,650000,3722800,3591700,2730800,7007200,2314200,400300,942900,12456600,6108800,8686200,1207700,6841600,3982700,2385700,1078900,961900,33709200,4975600,1606900,4297400,119951500,1582900,4492700,4703900,3801200,6881500,6812000,1581800,1061100,17993800,2532500,14990500,18782400,4904800,14400600,1691800
2023-09-22,56725400,3049200,4278500.0,4357800,1994400,2702100,2515600,5301100,52169400,1894100,3732500,59904300,612600,27764000,2380600,4450900,41284400,5907500,468300,3969400,9439800,15438200,1707800,3532500,21291500,1170900,4242600,13294393,1197300,3641100,1527300,3848300,17869500,6117100,5963000,5634800,2410500,3108317,11495300,2019000,1973000,1994300,966500,820700,2448700,3222700,419200,2068300,3759900,65205500,7816000,2826700,6249463,4351800,6619900,14272000,26397300,1669100,4673800,2289200,2996582,2562000,2268500,29232700,1962400,4976700,7071700,800800,14644100,1017300,2353800,1453300,2940100,12743000,1885000,1958300,3713300,5976200,25369600,623700,4172724,8177200,2809100,5027200,7420600,21447900,15487200,11796500,6409700,36928000,9289400,850400,5535500,1156200,479236000,6976500,11150000,7146300,4542300,28570800,6327000,799200,3612300,4903600,2426300,6965500,3585800,464500,727900,9673000,5118900,7019500,1091800,5979000,3528500,1585600,1159300,953400,33964400,4352200,1198000,3175300,127524100,1079900,3715300,4558500,3206200,5935500,4114700,1021600,938800,22740000,2537200,16780300,13215000,4904300,13197300,1281800
2023-09-25,46172700,3740000,4154500.0,4096300,2054600,2219500,2229000,5161300,43223700,1705300,2681100,46017800,586400,15648000,2434400,3527100,32749200,4880000,458300,2556200,6747200,10866800,1257400,4303900,29506500,806600,3296400,12666677,829400,3291300,1313300,4067300,14224400,5272100,5510000,5519700,1383600,2142862,11034400,1218100,2376500,1291200,969500,706200,1869200,2710600,376100,2133200,3849300,41219400,6611100,2355900,4741101,3885700,4420400,7283400,20094600,833300,4243700,1882300,2889209,2694200,2569300,21729400,1519300,6722500,7044700,630500,12358800,1558100,1686500,748300,3971600,7635000,1846500,1895500,2182500,4516700,18987000,440700,5315263,6711200,2123700,6052200,4748800,17836000,14900000,8656500,7344200,37573000,8291700,676600,4007000,1247900,419091000,5307200,8410000,6234000,3553600,19443700,5527000,603800,3221000,4092700,2499100,6782500,3065800,294700,435800,10430100,4818800,6994300,978300,6279300,3038000,1576500,946300,922000,30428700,4273300,961500,3910500,104636600,631700,3107600,2758500,2900500,5921600,3241900,624700,698100,17616900,1336800,10624000,10459500,3617800,11316000,1551100
2023-09-26,64588900,3936300,4194000.0,3967700,2343600,2375400,2910000,5343000,42866500,2367600,2702800,73048200,741600,17641000,2332100,3666300,42237400,5422500,589000,3063900,7656000,21786500,1756400,3789800,26210700,1051400,3789400,19629919,1126000,5204500,2425100,5404500,15618400,5821700,5659200,6859200,1270400,2277319,14867900,1721900,3000600,1363400,868900,886000,2496700,3382000,385200,1708300,5592700,41261000,11739900,2368300,6022043,5643900,5379300,8250800,25718700,1481800,5599300,2655500,3606870,4824700,3731600,34198300,1297500,4904800,7468400,1008200,11194700,1769500,1864300,1108000,2782400,10590000,2940400,2251600,3996400,9672000,19417200,635100,4159927,6163700,3004800,5400500,5557000,26297600,12752500,9042600,8859300,40894000,8060500,617500,7546000,1270600,402282000,5231400,13209000,6196300,5213700,26015500,6366500,571500,3179200,4184800,2350800,6559800,2407200,479800,493700,10323600,6086600,8948800,1030900,5796100,3948400,2228000,1852900,2661700,35412000,3867300,1190000,4661000,101993600,980800,4164000,2420200,3461800,6193200,4936800,938500,633600,18841600,1788700,15219400,14435700,6275500,11805400,1463200
2023-09-27,66921800,3621300,3771300.0,5391000,2435400,3311100,3455500,6296200,51261500,2331900,3178700,66553400,670000,15352000,3705400,4015500,38296300,4460000,548800,3535400,8483300,15083400,1991600,4427600,25160200,1217600,3572800,17452919,1222100,5364100,4591400,4123800,15845500,8214200,9124400,7536700,1403900,2532022,14662500,3216500,3715400,1245300,1002100,1001500,2323600,2735000,430000,2033300,5320900,41616600,10358400,1885800,5912656,4443100,4865300,8339100,22746500,1493000,5787200,2513900,2372078,4439800,3876400,44369100,1749100,10211600,6717800,1059600,13766300,1254900,2004200,1317700,2860000,11951000,1987500,2735000,3596800,10621700,36429800,408000,3669089,6523000,2709800,5635500,5708200,19410100,20852300,25606200,16109300,38435000,7631000,987000,5081000,1869700,444935000,5416500,8916400,11679100,5729900,26430100,5403700,568000,3226600,4793100,2793800,7225000,2248000,380300,816400,9391800,4731500,7746700,1243200,7663100,4712500,2376000,1437600,3033000,27561600,4913600,1344300,3396900,136597200,815200,4232000,2593700,3419500,6006700,3644000,1050000,860600,22083500,2579500,11815500,15711000,4481200,23976200,1450400
2023-09-28,56294400,3697400,4058900.0,6092800,4326800,2720000,3162400,5341600,72542100,2430700,2694000,54555000,1100200,16180000,3489800,8009500,36734300,6760000,696100,2731700,6579600,14409800,1994700,3610300,45202200,1016900,3364000,13980368,1090600,3964600,2192400,4344000,17204400,5676300,7151800,5110500,1309200,2641663,12229800,2261800,4489700,1738400,874700,1045300,1861400,2274200,472000,1515700,6134000,49109800,10314500,2038500,5518337,3482900,5249100,12673800,22513100,1389600,5174100,2369600,3089950,5783200,3271100,32265300,1206400,7861900,8868100,851800,12484800,1065500,2178800,819700,2379000,11734000,2216200,2182400,4321600,6688800,22167100,221400,4883866,5673700,2994700,4758800,5665400,19683600,46749800,31153800,12912500,43699000,16315600,997400,5790000,1232200,424663000,5850100,7373600,9156800,4841600,28197600,6237100,581500,2177000,6932800,3294300,4851300,2889100,369900,501000,8490600,4736300,6154300,1371500,7574000,5083500,1984000,1907200,1577400,27817600,6608600,1443300,2791900,117058900,1230300,4271400,2922000,5571600,4203900,3587300,1123300,578900,18772100,2146100,12454600,11617200,4362200,16808100,1115900
2023-09-29,51861100,5581600,4782100.0,5150500,3171700,2796300,3419100,4448200,56078600,2118100,2529300,62411700,695100,16481000,3579400,5158400,40645900,6307500,539900,4932900,11501700,16916100,2257800,4198400,91954900,1358500,3226300,16151179,1325600,5308900,1887500,4405100,13951200,5365800,7396100,5903900,2124300,3692508,11261400,2266100,3900500,1770600,1029700,1374400,2041500,3374700,494500,1317400,6834100,62364900,10169400,2374200,4924165,4179900,5329800,13587900,30859800,1403900,8529800,3502600,3534085,5704000,2960800,28763700,1294200,7680700,11917800,815400,12271600,1474100,2967700,764100,2304800,7707000,3032300,3367100,3311200,5562800,25373700,392000,3640744,5796400,3331200,7232700,6830500,24147300,24315500,19047600,9465300,42053000,34935400,790100,6685000,1213600,397830000,5298500,7299100,10063300,5194200,42421400,6683300,535100,3414600,5330800,2841900,4869300,3992100,409800,595200,6366300,7700200,8061700,1450900,11279200,4928500,2228800,1142100,1342800,29640900,5420900,1380500,2804800,128522700,1231700,3664600,3006200,5034600,6045200,4302200,717600,896800,19787600,4353400,13124500,18842400,4079200,18813600,1498500
2023-10-02,52164500,3827800,3489100.0,4349200,2063300,2411500,6352000,4896900,45118600,1912300,2061100,48029700,1015400,14676000,2657600,5244700,50388600,4017500,569000,3527600,5259800,16178900,1778200,3216600,38918600,978600,2634400,18453978,952500,4769500,1831700,3745700,13934000,5342300,6839600,8691900,1989800,6387700,9128100,2210700,6498300,1590700,949300,1174800,2600600,2625100,368100,1989400,9033600,51204000,8687500,1913000,5389278,4578700,6006100,10966100,22288000,1303800,6581200,2806800,2865549,3275300,2320400,26086200,978200,7259700,9170600,716500,11792500,1298400,2810100,733200,2264900,9882000,2856800,4425000,3442600,4929100,16265600,474000,9823466,7243200,3986700,7079700,6722200,20570000,14880500,54022800,10829100,31021000,12776300,889300,4970000,1460200,433298000,6159100,5963500,10859900,3838800,44620600,5153800,482100,3570000,5299600,2445800,5751500,2685500,487700,631100,6791300,6430500,8859300,1217700,7553600,7772700,2077700,1568600,1159600,36600200,4685600,1652100,2935500,123810400,1372300,2922300,3550400,3243600,5175200,4109700,853700,750200,24722600,5079500,15102000,12992700,4875400,14395000,1270200
2023-10-03,49594600,4580900,9019700.0,4597500,2454800,2004100,5808600,6173000,48117000,2797900,1783300,51565000,1265900,18761000,4184100,7285500,62144500,5705000,678600,3151700,8414800,19283400,2187900,3376100,53693600,989100,3174300,18118194,1636800,4162600,2007400,4622400,15700600,4392300,6168600,10466400,1212200,4817100,12586200,2668200,5606500,1659500,1171000,887400,2743200,1917900,341700,1676900,8591300,55074700,11198100,2090300,8624900,6075300,7922200,13060900,22989400,3118600,7272700,3609200,2642208,3284400,2786400,45292600,1059900,5740800,9431100,758800,13604200,1747600,3266100,899200,3532500,10197000,2527900,3408100,3740000,7959500,17362300,437600,6428620,8813800,3734100,5924000,7526800,21033500,12481500,36257500,12896200,88781000,10964300,844500,6860000,1487900,470850000,6352400,8783300,7765900,4873400,31059900,4670600,454200,2466300,4129500,2988400,7750700,5288900,426700,847400,8175800,6666600,15459400,1787600,8407900,8589500,2202500,1027000,2002300,36830800,5094600,1559400,4468200,101985300,1083400,3510700,3143200,3687600,5585700,5762100,895400,784700,21389400,3277500,19252900,11253300,5161400,13297100,1671800
2023-10-04,53020300,3159600,5822000.0,4336100,2153800,2027200,4031700,5543600,51023200,2526400,2217100,44203900,1086700,16417000,3476700,7419800,55696400,4655000,546700,3244600,10035700,23342000,2970100,3589800,35704600,992900,2777200,22129580,1519900,7287600,1798800,3656400,17009000,6017100,9664700,6008400,1219000,3445800,12010500,1935900,3322900,2011300,1208500,747600,3361400,2814200,371000,1649700,6822900,45217900,13597300,2152600,4876551,4707600,5443400,13412200,26752300,1872000,8684600,2956300,2438921,2637600,2750300,39842200,1123900,4955200,8128700,748400,12100500,1897900,2220400,1243400,2569500,9588000,1813400,2820000,3519300,5757700,16880500,607900,7799475,7765800,5777700,6720500,6848700,20720100,12912800,28467400,10442300,43037000,8045400,900200,3525000,1458300,361821000,5468700,8842700,15878800,4134000,23722300,4727800,504700,2700300,4151600,4464100,7189400,3436100,344600,844800,10264000,6166100,10421900,1872100,10923300,5147200,1295900,1069600,1085400,37089000,4349200,1022100,3559400,129721600,868400,4129900,2801700,2600400,5430900,4097000,1336700,895500,23694100,2970100,14343500,15755700,3948700,19622200,1673400
2023-10-05,48527900,3599500,7630200.0,5708300,2095400,1818800,8103100,4310400,51789700,2883700,1486000,39660600,827600,11474000,2706200,4331700,49044100,4550000,496900,3027300,5477100,18734100,2639300,4258300,24169100,1095400,3565300,18792324,1595100,4070100,1579700,3592600,14929400,4498900,8073000,8615900,997200,2273000,15466600,1552800,3716400,1320000,800400,1088300,2758400,2526400,234800,2983300,5266400,47425000,13218400,1460100,4819539,4781900,5095800,25255400,19832600,1584600,5538000,2469300,2427780,3223900,1368700,25771200,963200,5993300,8576200,881900,29878100,1821900,2950700,1162800,2233600,7537000,2116600,3799600,3338400,7626600,19130000,438400,5812799,7151400,4003700,6449100,5589300,16965600,14045000,29911400,9309300,50348000,7430000,792100,3314500,1215800,393483000,5067200,7651500,10278000,10556400,21279400,5205700,835400,3377100,5452600,3206000,5089700,2762000,387300,819400,7402600,7548600,8601700,1220800,7491800,5269100,1083500,714200,1044800,32171500,3649500,917500,3686000,119159200,924400,4389200,2790700,2922100,6126200,3399500,949800,670900,22774400,3116900,11820600,14269500,3835400,20128800,2083200
2023-10-06,57266700,5370100,5153700.0,4790500,2441500,2526300,4584500,5234400,64864100,2838000,1878700,46836700,875800,21103000,3204600,5364300,58177300,5140000,608300,3174700,6319000,17080000,2293400,2938100,26188700,1051200,6481000,25039289,1789600,4209700,4246700,4989200,15665500,4278800,10190400,7236600,1203400,2696300,15391100,1738000,3511900,1667000,819100,1112700,2154700,3477800,284000,2546800,6224100,57558500,12692300,1580600,5284026,4635200,5714200,22422200,27597600,1595100,5605800,2922500,4000819,3511100,2078600,33262200,1444000,5802200,10270600,995900,30298900,1571300,4745200,1135600,2250800,10649000,2484000,5130700,5348300,19041700,21803900,627400,5331888,10053200,3372000,6854900,6306400,25673600,15113400,24718500,13366800,47781000,8532900,947700,5907500,1539200,434436000,4249200,8247000,12539400,12774700,23760400,7406700,855300,2217300,4987300,2625500,7930600,2185800,392400,555200,8540300,6979300,11471300,1196800,8642600,5158400,1123800,880400,1523200,53313500,3947300,1108400,4870900,118121800,1386000,5016200,3647200,2383500,6401300,2829400,1228000,1147900,31291800,3837600,13976800,42616200,6337200,25367500,1490600
2023-10-09,42390800,2903300,5092000.0,3958300,1407600,1713500,3391900,3271500,39593200,2284300,1952100,38773700,584400,15760000,2279400,4575800,39953700,6062500,536100,2762800,5006600,14859700,1640800,3308700,37982300,762100,3983500,16788818,1620900,6532800,1781500,2781100,10163600,5634100,8183500,5562800,831200,1949400,13604400,1409400,3008500,1404800,812400,712100,2581100,3720000,180400,1721300,5558200,33328000,7766200,1725900,5418473,3394000,5511200,9112000,19278100,1094400,9903000,1929900,2417913,2354400,2442800,19376100,920400,4414100,6964900,634600,15704700,846100,4208100,5343700,1649600,6921000,2475100,2782300,2884100,8349300,22503700,358100,2822082,6276300,3354000,5061100,5125000,19891200,8588700,20644600,13135100,32998000,5964200,2864300,4041000,1025100,409675000,3747300,6012400,17276600,7244500,17468100,5062200,450800,1818300,2457300,2769800,4714500,3089300,256700,437900,13726200,4120700,8168600,1140100,6667700,3845600,882100,638600,715700,30659800,3487100,1182500,3800500,101377900,1117300,2747000,2341600,1765800,5372200,3798900,774400,1429300,20344300,2464700,12096600,21022500,2702100,22369900,1215100
2023-10-10,43698000,3729000,5114700.0,4352200,1904600,2090900,5050400,3342900,57105500,1808700,2793900,42178600,906200,14718000,2909100,8062400,51960100,5512500,626700,2858600,10592700,18902100,2009000,2378300,26502400,1070800,4737800,16600813,2171500,5705500,2176800,4503500,13105600,6532100,6512900,6391700,1317400,2215500,9450600,1706300,2619500,3612900,650100,898600,2688300,2833700,267400,1743600,4880800,40404600,11390300,1501000,5707039,5040100,6688200,11985700,27786600,1193800,6024000,3116300,3461725,3015800,1425300,24044100,1459800,5273500,11288800,839300,20909700,1335500,3526700,2626200,2209700,6741000,2713800,3129600,4324400,9107700,19038000,334300,4435844,10771100,2946300,7177200,6245400,20557100,9007600,23164300,9430800,72889000,8499000,1383600,7040500,1264100,368582000,6226300,6910400,7885600,11456400,19212100,5988900,408800,2430400,6983600,2662300,6253000,2351900,261400,522200,10633900,4974800,8373800,1277300,6608900,4253000,1019100,889900,1360800,35746800,5786000,1304900,3761800,122656000,1248500,3657400,2455700,2083400,4644000,3998900,541500,966600,19151900,2435600,14429700,16014300,3117900,13892000,1665300
2023-10-11,47551100,3189800,3456500.0,9269300,1298000,3307500,2388500,5136900,51085600,4523100,2782300,40741800,845800,14334000,1727000,7394000,38508200,3630000,515000,2620800,17763600,12763900,1538200,3445700,25157700,1220600,3310200,17968600,1345100,7300700,1449800,3971000,12658000,4776000,12570700,3227500,942500,2444900,9499200,2226700,2658900,2085000,464700,922000,2231300,2447400,445300,1132000,6456800,31321500,6235900,2149200,3580573,4434100,4108100,10673700,25884300,1672500,6052100,2292800,2345022,2511500,1302200,19262600,3560400,6922900,8698200,913000,21138900,931400,5850600,1419500,2178900,6615000,2055600,2919400,3122100,5996400,22036300,258600,2536955,6706000,2825100,5375100,8928700,20063200,11165300,22401400,9900400,91514000,7642900,865800,4394000,1258800,378137000,4027300,5641700,11481200,7371500,24221200,5469100,733600,3561700,3604200,2035900,6378600,1759800,306800,680600,7349800,4499200,8068500,1470700,5641100,3908100,1479000,611400,3069100,31793500,3916100,1207100,3752500,103706300,1364900,4452400,2819300,2209800,4760900,3012300,455800,1184600,15694200,3409700,14835900,12026100,3116400,57939000,1053600
2023-10-12,56743100,4554400,4023300.0,7387000,2295500,4624000,3803200,8109900,60959400,3052600,1765100,55528600,1256300,43871000,2377200,5668300,44249800,4290000,744200,2677500,19234700,18112500,1910500,2609300,28842100,1527600,7153500,17879826,1951700,3859500,1458000,3548500,11846100,6656400,7397000,4853700,1375200,5081600,9554900,2268600,3172500,2451900,839200,852300,1853200,3039000,270900,2489500,4770500,51644000,11862200,2514800,3861746,4037900,5139100,11355500,24765500,1727700,5969200,2546400,2561148,3921100,1794200,23639200,5153300,5792400,10484400,1428800,19330400,888400,4063500,1121900,2488500,13285000,1779000,3528300,4190000,8044800,20530500,322200,2796128,7764200,2773900,5124000,11654600,19313100,11408700,27972800,8835100,73761000,10705200,1084200,4123000,2089400,481325000,4110400,6598500,8634600,9024100,21809900,5965600,901400,2314500,3660500,1976800,5371700,2326600,308200,746400,6921300,5485200,9412300,931900,5023100,4192400,1604400,861200,2358300,38543700,2808300,2026200,4125900,111508100,1832600,5643300,2377300,2340300,4472800,3961700,538400,1303800,21718300,2703400,14878100,13514100,4775600,31183000,1306300
2023-10-13,51427100,4304700,4926500.0,5623600,1672500,2832600,2809400,6600500,52881500,3473200,1969200,45786600,577400,28312000,2951500,8215700,55089700,6830000,1263400,2804800,11188400,32082900,1918300,3092600,25958500,2387900,3898000,17668560,1771600,5589100,1243900,3677500,14413800,6610900,8042800,5534900,1074200,3365600,10808000,1472100,3277000,1547600,666800,1665100,2136200,3573300,263800,2656100,6173800,47221800,9435300,2919200,4578337,5651800,4564200,16710500,23420500,1785200,7413300,2092700,2382582,4582800,1512400,28390100,2937700,5359800,29427000,1157100,14494600,1214200,3963800,1519300,2220300,12292000,2235600,2646500,4758400,7316600,21341000,236800,2809284,5753800,2568800,5787500,6442800,21072400,10287900,22319200,15289700,63126000,8774700,1464500,3885000,1534800,474115000,3230800,5879400,15373900,6757100,32388100,7078900,788200,2578700,3119200,3393200,6035600,3201900,526400,1284300,8661900,4780100,12412900,939600,6819500,3368600,1499600,661900,1698900,34104500,2846000,2004300,3181200,102073800,800100,4319100,5245400,2759600,4966800,3825100,491900,1360700,24528400,2727100,28077900,13809000,3732700,30276500,1287400
2023-10-16,52517000,3704400,2706100.0,6452300,1491600,2179700,4907800,6097400,42464500,2459400,2062200,42832900,551500,21150000,2586300,4701000,56817500,5942500,695400,3117800,7146900,25044200,1678600,5127300,28778300,2283000,6437400,18208889,1519500,3769500,1428300,3623200,11736600,8149800,5446000,6253400,1202600,3088700,10275100,1112100,2993500,2271400,976700,2759100,2670700,1993600,292000,1486700,6931700,29183000,10920500,2025800,5616698,6958200,3496500,14711500,28501900,2273900,5982300,2567000,2581413,3361500,1556600,29555800,2283100,6408100,12663500,806000,12816800,1182400,2941500,1931300,2139900,9990000,2202100,2774700,4787200,7588900,16536100,256700,3186862,7417200,2406900,6473500,7901500,22158000,11294100,17089400,10715500,51289000,10845400,959900,4157500,879200,375099000,4545500,5488000,8005600,5605000,63317400,6509800,467700,3131800,3682900,2750200,6254700,2011600,381400,515900,6299700,4595900,20509400,1132900,5949900,4242000,1235800,826700,1699700,31727900,6125100,1247700,3009200,88917200,1229000,4872200,3827600,3349700,6227300,2852000,581400,1767600,21087900,2356400,18419000,14348100,3184700,18452000,1264400
2023-10-17,57549400,5372400,3073600.0,8288600,1576200,2355300,2236700,5915900,49642100,2863200,1732500,49344600,780600,33008000,3919400,5121800,95344200,5307500,578500,2998600,7423900,20258100,2110100,3651700,22430900,1183400,10084500,16801195,1496500,4213800,1404600,4006100,17105900,5953400,7538300,4615200,899800,2643900,9985700,1485100,2911500,1866100,736400,1453600,2196500,2670000,311200,1149500,5631800,40516500,11333800,1462500,4916647,10602200,3931300,19812300,23515800,4123000,6340900,2139700,1961683,4172800,3162300,24993600,2518700,12244400,11482700,777400,16457200,920300,2911700,3103900,1698900,10340000,2176000,2627500,3667800,7935800,16387800,260000,2535759,5318000,1991400,5827200,12324800,18338500,11843000,13365500,9371700,59084000,9253800,1175500,6986500,1097200,812333000,6089900,5261800,7290600,6411300,40015800,6160100,578400,5379100,2716600,2471900,7334000,2335600,323100,638100,8035100,6086700,15991300,934100,6525000,4596300,1470500,728100,2174500,34771800,4373500,1355200,3663800,93562900,1623700,5098900,2586000,2937000,4527600,2277900,569000,1674500,21186000,2182700,16982300,10893000,3778800,19775400,1716300
2023-10-18,54764400,4910500,4098400.0,16482600,1373800,2614500,2850500,5357900,50450000,2789100,1728500,42699500,520600,20404000,2632200,6268100,68371100,11407500,664500,2977100,7164700,23232600,4257100,5802700,37759500,1049400,6058300,14281582,1455100,4781900,1311900,3380800,13087300,8486100,6893500,7986600,1495000,4346800,10047000,1189400,2790100,1479800,893300,2076700,2503400,2307600,277300,2520000,4937800,44840100,12195000,1842400,6080433,6781900,3953600,14318900,23375000,3460300,8251100,2720100,2399982,3330000,3336700,22086000,1993100,9097300,9620300,800400,12809500,1486600,2049100,2024100,2694700,13346000,1951400,4559200,4673700,7677000,16851000,313600,3214130,5026400,2215700,7136400,34732300,23153600,11201000,13593300,10765100,114296000,8757300,740200,4361500,1575000,627294000,3930800,5123900,8930500,6650600,30307600,10508500,1065800,3734600,3842900,3249700,7174500,4635600,383800,1477000,7791000,4110700,9949100,1540600,6964100,3545000,1294700,975900,1737800,36230900,3701100,2134800,5464100,125147800,865300,4837500,2551400,2974700,9528300,3780400,779400,1516600,22024300,1689800,16053200,10559100,3830700,23380300,1228600
2023-10-19,59302900,6147100,4374400.0,8537800,1384700,2809300,2770600,9400300,52734200,2536400,2672200,60961400,471900,26620000,4642200,4043700,58611000,10907500,1040800,2741300,8528300,17483300,3850000,8487000,36476100,1190400,8005100,19108796,1062900,4491300,2019600,4995900,16325600,6453700,6580200,6496900,1348000,3793700,14316800,2238100,3134300,1747800,1298100,1238000,2678600,2421300,409600,2001300,4372400,49057500,15584400,1388400,5035055,5563400,3396900,18053800,26066000,3211800,7749700,3028600,2722208,5314200,2693900,29201800,3022800,7733800,11143600,1245400,16202200,1249200,3493700,2012400,2944200,25078000,3472800,5646200,4081500,8736200,18709200,317800,3667295,6791500,1906500,7647600,17486100,25052100,18111000,11580400,13559400,280744000,8391100,672000,5364500,1762300,501233000,4883200,7989200,8545800,6336800,26880300,8146000,939200,6388500,6693300,2091400,10511500,4056200,488400,971000,7421400,5610800,9981700,2148400,7488400,4067000,1571600,899800,1157000,97636500,4276200,2014500,6731800,170772700,742400,6041100,2351200,3035100,5927400,2998600,837100,1514700,28806600,3790600,16120300,11745900,4442300,20972500,1602300
2023-10-20,64244000,4223800,6195500.0,11517800,2385700,2729200,3270200,6149500,61317900,2455000,2560800,56406400,669200,26953000,8268100,4523500,62058400,7842500,850300,3466100,6090900,21396500,3103500,4481800,33490700,1263100,6560000,23962366,1277600,5289400,2295400,5539100,23888700,7618600,7458300,5447500,1468100,2926100,10437000,1559300,3468400,1519200,1326300,1159600,5700800,3425300,434000,4930400,5034700,53307500,16094400,1680200,9714760,5183700,3973700,21643500,26335700,2329000,9437200,2885300,3229047,4865600,1952000,32303300,7002500,7207000,13332900,914600,15686400,1334100,3666900,1715100,2776100,13013000,2652500,3779200,3642700,9887000,22312300,343400,3056258,6143900,2478900,12467500,11270600,25027700,11506100,17798900,16801700,127829000,7823500,920400,7092000,1570700,477266000,4965900,21831400,8296700,5486500,39407900,7284200,653200,5620500,5591800,2667200,7756500,4008900,743100,1120400,7995600,4699000,9786400,1663600,13102600,4195000,1506700,2062600,2142100,68058400,4166200,1599300,5724800,138010100,1297700,5391500,2811100,5022500,5748300,3075900,750000,1389400,27271200,2596800,17498900,15056700,4224800,22445300,1932000
2023-10-23,55980100,3903300,5442500.0,6178800,1314900,2172600,3844700,3820100,50817400,2433500,2187700,48260000,722600,16456000,5313500,4146200,59857200,6670000,469500,2794200,5745300,21333500,3193200,4355300,41028400,1595100,4517600,15438850,1497200,5969400,1776500,4564100,17760000,6310000,16232400,6403900,1308100,3917500,10772500,2282500,3172100,1363900,1093900,1644200,2790800,2281300,376800,2759400,6526400,49073800,11470800,1342900,7300229,4049700,3759000,17917700,26317900,2959800,7764500,2590900,2199984,3457500,2627700,53924700,2556200,5874000,10133400,620100,21212700,1648700,2781900,1502400,2322100,8106000,1771800,3409800,3587800,5162100,17796800,400300,4158014,5989400,2422700,8493000,12847100,24374700,9762000,15200700,10710600,73900000,5966100,802000,4715000,1807200,478530000,4859100,10722600,16032400,5795800,29412100,5981800,634700,3978700,4059500,2463500,6679200,3863500,473400,735400,8357200,4481000,10885600,3265800,9655500,3700200,1560600,1128500,2118200,53938600,3395000,1897500,3353100,150683400,2809900,5398200,2357700,4552700,5071700,2749000,705400,1566000,31725800,3080800,13785800,17097000,4854200,18185000,1075400
2023-10-24,43816600,3362900,3651600.0,6677000,1849200,2358100,3068900,5238800,51982900,2253000,2404500,46477400,673200,14972000,3521100,4652900,55975700,4712500,657200,2355700,10162400,17181000,2304600,3024100,23219100,864400,4163300,20848967,1293500,4664400,1678600,3959600,14824200,4958300,17689900,7758800,899100,5925600,11499500,2216500,3213100,1148600,1316500,1180300,2566000,1813900,450700,2360100,5210600,47775600,12380500,1469500,15904078,5424800,3171000,26058100,44814300,1697100,10122100,2705200,2707990,3698000,2784900,52673900,2529000,6155300,8881400,855500,25290800,1590000,2633000,1367100,2107500,9659000,2003300,2468000,4801600,7711000,19525500,276500,7675928,6477400,1759100,6347900,9265500,31153600,8450700,20060300,9802900,64592000,9252200,771700,6635500,2139300,401463000,4002400,6174000,7463000,5265200,26923800,6322000,560600,3050700,2915200,2331600,8578600,3259400,346900,522000,25548200,3600200,9022900,3721400,8407100,3782100,1521500,1548500,2906200,66404200,4186400,2376600,5045100,118231100,1536300,7024400,1978200,2802300,6844100,2913400,844700,997300,61617900,3474000,15097800,17535000,3854000,16786100,1201400
2023-10-25,57157000,5461500,4844500.0,8157700,2174900,2526000,4912700,7118100,53424500,2302300,2448200,74577500,687300,21432000,2841400,13806400,45522400,5885000,562000,2623200,9612200,15570100,2542400,3373600,22471300,1144600,5355300,24906874,2249800,5010600,1757500,4490000,14384700,8302700,10502400,6750500,773900,7514900,9372500,2110900,2652800,1141200,1148800,640100,3484300,2421900,610400,1810900,5973400,74213800,10861900,1612400,8224191,5148000,5299900,24400400,84366200,1809300,9022800,2962800,4400391,6472500,3103700,44658500,2618100,5880800,8242600,1515100,16701000,1492900,2283300,1228900,2406200,11332000,3504500,2759100,8532300,6916700,42192500,306800,4618593,6894400,2479500,7849200,8461700,55053800,11924300,19262400,21804700,62996000,7054700,1062100,10044500,1565100,398379000,3336300,7081700,6676100,4534600,28857900,6172900,626300,4069000,4021700,2581100,8571600,5235200,340100,646800,22157600,5497300,8056400,2266700,8571800,3781700,1465200,1113300,1943800,42605800,3951300,7906700,9277900,107065100,1243600,12349200,2380100,3565800,10365300,3056200,772700,958000,30832800,3161200,13849000,16621800,3133100,22047300,1273600
2023-10-26,70625300,5569400,5217500.0,6838100,2692500,2876700,3264200,5462700,49896400,2269900,5013500,100419500,745100,27917000,3378000,6961800,60921000,7230000,856400,2685400,12274200,25109600,3859200,3848000,38025200,968900,6871000,53355762,1504000,6066500,1925300,5149100,17594500,6112300,10830400,6863800,1124900,3409600,11651000,3289500,3033500,1715800,1213000,676200,4452200,2367500,671000,1699900,6967700,84725900,10294400,2987800,9738191,4630900,6793700,22788200,57061100,2011200,8470700,3108200,5111474,11130200,2725500,59142500,2924900,7612500,9109400,1589100,16228400,2168400,2846500,1432000,2855500,11976000,6920100,2702600,4571700,6808900,66684100,680500,4623975,22791500,2929200,11335700,10903200,37828500,16697900,17357800,59217300,68497000,11222600,1545600,17740000,1891500,541001000,4299200,7565600,8717500,5147000,27162700,7582100,559400,3501400,4297800,3517900,8705200,9953800,351200,758700,33222400,6201700,14097600,1536400,8157500,4655100,1388500,946100,1882500,41165100,4031600,2971200,7252000,115112600,2499100,7888800,2675800,10581400,6414500,3992500,2527900,942100,34367000,2602400,15480300,16220100,3468000,18768300,2891100
2023-10-27,58499100,9427200,5201600.0,5934100,1480300,2985600,2876300,4397300,52458700,2874900,2829500,125309300,648200,18236000,3442500,4606300,64709300,5245000,543000,3608200,7452100,20654700,3229900,2992600,25951000,1269800,12666500,38357583,2000000,5312500,1503100,3168600,13333900,6929900,24524300,4602900,1436400,3966200,10300600,3383600,2764300,1494200,1077500,880100,2429300,2779000,338500,1780900,5213100,187029600,10565300,2004500,6677237,6037800,5292900,25825600,44566500,2601700,7357400,2907300,3607718,5469200,2508700,84128200,1861700,11385800,17434700,746200,13626500,1945300,2717400,1288400,2371400,9497000,3624900,3209000,4197600,6251600,29596300,410400,3962109,14405900,3524200,8933800,11099100,29856500,9980300,11921000,20582300,49976000,9602700,805700,8779000,1491300,416784000,4107900,5207900,9197900,5078000,33877100,8131800,476300,4082900,4321600,5214900,7292000,5109500,438900,709000,21946800,8293600,10574800,1426800,6944500,4214300,1744800,1160900,3783600,35849200,3553200,2495600,5429700,94881200,1515900,5327500,2585600,6594600,5540900,3674500,1569300,910700,23924800,2481000,13582800,13829700,4310600,23092000,2407100
2023-10-30,51131000,9258500,5218000.0,7168900,1843500,2806900,3668400,4604600,43716600,2974600,2568600,72485500,668000,20889000,3303300,5507100,41891900,5247500,528100,2634700,8448100,21777500,4478300,3595900,28263900,1725200,6534000,19421854,1454600,5830500,1696200,3438300,13322400,7905400,13857100,5347000,1277500,5493600,10291200,1876400,2426900,2408400,1480800,1114500,2772900,2614600,608100,2518800,5177900,106474700,11163100,2081700,5611435,4760800,4952800,23227300,28940100,3065200,6783100,3074400,2794462,4204100,1413700,36656300,2277800,8205300,9855500,688000,15014300,1478000,2290900,948800,2683200,8657000,3386400,6305100,6769600,6471700,28435100,369600,3161626,10301400,2949000,6915500,9769600,22828100,10667700,11017700,14514100,53171000,8206700,1032600,7241000,1201100,388028000,36132700,5433700,7252600,4625900,33063500,5412800,527400,3588700,3821600,3194600,6634000,4435700,371300,769500,23380600,7852700,9293000,1920000,6698000,3945800,1458400,1546500,1847400,41832200,3453300,2946500,4830400,136448200,1622100,6640800,2555400,5665500,5170300,2925400,1091600,872400,31497700,5863600,14141900,12653700,3818400,19379900,2756200
2023-10-31,44846000,10394000,4647400.0,7452300,1953400,2052300,4095900,4108100,79547100,4885100,2930700,51589400,871700,14747000,3737200,5043000,50106700,5457500,508900,3066900,10120600,16373100,12093300,3604700,25679000,1592500,7591100,20124687,1346000,4505000,1394700,3425400,13509300,9085200,14261300,8996000,1233200,5208200,8672200,1821700,3094500,2300500,2621100,1253700,4904100,2368400,372700,4811000,5971300,82238800,9175200,1550400,6349452,4684100,3216800,17507200,26292300,2611000,6359800,3036000,4000288,6591800,2401500,41185200,2373300,7576900,9672500,1315300,16639400,2020700,3661400,1418700,3181200,8179000,2978800,3990600,6721800,5575200,19434200,387800,5555659,14571000,4139700,7522600,8949000,20265300,8268400,19978300,15768900,38776000,6558500,1089700,8077500,1454300,517969000,18220500,6258400,5572700,5947400,42648200,6762100,1178400,4561600,3487100,3618600,6485500,3394200,382200,812700,18663800,9308300,13193500,1249000,8045900,4856500,2384200,1748100,2719000,33688400,6610000,2895400,3971900,118068300,1146000,6570300,2464200,3996900,4828400,3914800,1224000,987700,28903400,4149300,11919200,14168400,3832300,22185200,3208900
2023-11-01,56934900,4207800,9336500.0,6985000,1973000,2644500,4065600,5127800,138641500,2509600,1781300,61529400,1121000,18684000,2332600,5832200,44046300,7762500,537100,2789700,7156100,16011000,4932800,3834000,26672000,1755300,4757700,20812048,1727200,8350900,1735300,3593600,14300700,17541500,10819600,5950400,1073000,3766300,9093000,1748400,3944500,2724800,1862600,1556700,2771600,3394600,345800,3716200,7721800,75469700,9698600,2079300,12703791,5446100,5220800,17364000,30082400,2345400,4995200,2747300,3563581,4750100,2643200,41710700,2087300,5733000,9432000,1238900,14110800,1564900,2935900,1267000,3070100,10439000,2354700,3543000,8116400,7991300,20434600,822800,4181934,9527200,4023200,5838100,9429000,28158800,16777500,13428900,13935900,48061000,7272400,841000,8847000,1724800,437593000,8149300,8602400,6285100,6682500,23568300,5896900,1202200,2585500,4170400,3343100,12809900,3712700,419500,1379100,20200200,14292500,13862700,1327600,6197300,4880600,2080800,1411700,1492000,41502800,5079600,2275400,4277100,121661700,1629900,7503200,2747400,3566800,4996200,3741700,1717700,1003500,26071200,2961000,19850300,14899500,5029500,28984900,7269900
2023-11-02,77334800,4066800,14053500.0,4683100,2152800,2634800,5569300,6088400,71377000,2470400,2908000,52236700,856700,18759000,3108400,4313000,63278300,12622500,1174000,3433700,9901300,23283600,7749900,3558100,30172100,2231400,5624700,17877905,2035500,9068700,2100600,4963600,17459700,9131600,11099100,8291700,1259300,2535900,11518500,2169500,4553000,3990400,1158700,1183900,4912200,4313600,476500,2628600,6467900,66914000,9225600,1490200,9398127,6166100,3710300,15531400,27124600,2597000,5385800,3628000,3246236,3902700,5667100,35440000,1965800,5349100,10186200,1254800,13087200,1586700,5181300,1242000,2220100,13560000,2816000,4109700,9691800,10467800,21631800,525600,3144404,8319000,3828200,5379100,11638000,24348100,11926000,15076500,12085600,44760000,8135100,1353400,8792000,899800,409172000,9626500,5918300,7404200,5413400,29640900,5859200,1580800,4532300,3600000,2566900,22106100,3182400,729300,2249100,15755700,23396300,14948800,1495500,5811800,5970700,2049500,3046500,2989800,35788800,8158100,1713900,4880400,125987600,1959400,6297900,2350900,3904600,6286700,3569500,1207900,1138000,24946000,2733300,19998500,15492300,3961300,25212700,4137800
2023-11-03,79829200,5414500,9020400.0,5652600,2145600,2066300,4149800,5560300,65632200,2509800,3417100,44059800,1011600,18041000,2667700,4485100,62613600,14512500,894200,4409100,9440500,20287700,3929500,4020100,43517900,1580400,4362500,20278869,2425100,5935600,1826800,3861900,17644900,8030200,13160000,14830600,1173200,2930400,11331800,2339400,4022900,2642200,1056800,673100,2686600,5531600,387200,1852900,5902900,60912400,9307300,1409500,6941620,7040000,3164900,17424100,26393100,3742000,4748200,3071900,3140560,3510500,3156400,30502700,1310900,4926800,9538700,760800,13958700,1339300,3056500,1365400,2755300,9832000,2269100,3126500,9982100,9269400,16764300,282200,3266396,7997300,3275900,6005900,14951100,23637700,14457900,13938000,12703100,36671000,7568000,785700,7391000,1174800,424610000,6433100,7280000,8661700,4063300,28071000,6587700,1127000,4562500,3929900,2525000,10670100,3884300,456200,1460800,21269500,15995700,12839200,1444600,5896900,5554400,1956400,1888400,2791800,42807500,3978400,1921800,4323900,119534800,1386800,5818700,2739500,3272000,5029800,3297600,961300,1456800,23323200,2553700,16147500,17240100,3920600,30555600,1974700
2023-11-06,63841300,4377000,7702000.0,6137400,1426200,2593400,3372400,4823200,49270400,2768100,1943800,44970400,1242300,12870000,2490000,4222200,45548000,11975000,469400,5486200,6061800,20843900,2891500,2988200,30665400,2272600,4288100,19932520,1318800,4610800,2056900,3729700,15429600,5802300,10634200,13464500,925900,2362600,14160900,1959300,3370700,1516500,1050200,723000,3004000,4344500,407300,1584200,6858400,48435500,7805900,1018000,6131806,6649800,3945800,12412100,19052700,2087600,5415900,2890300,2482634,4597200,1702000,23877200,1156000,4851400,7625100,705900,12673200,1464000,3978500,1440800,1920400,6929000,2020500,3090600,4998400,5600600,12887700,248900,2578217,8741500,2427500,5951200,8140300,23828300,10073900,9299500,13362600,30032000,5231900,636800,4424500,1007300,400733000,7734800,6062800,8165900,5784600,27381200,6480800,822200,3147300,5216500,2484500,7756400,2298200,422700,1195700,5950700,7532000,10606400,1048200,5165500,5497000,1225500,1209300,1263100,32805500,4686800,1613800,3253900,117335800,1926700,6601400,2684900,2931300,5254100,2073100,1138500,1999000,15544000,1900600,15148600,14529000,3139700,19097300,2112500
2023-11-07,70530000,5024400,5163900.0,4466500,1860400,3993600,3786900,4886800,50550200,2526500,1544400,53553500,4484500,19365000,1583300,4012900,33081900,7707500,440800,3062900,6559500,11463200,4074000,2398500,22553000,3558000,3275000,21096084,1220900,5491000,1373100,5467100,15153100,5719700,15054600,9494700,1711400,2212500,10540200,1708800,3054500,1865600,832100,1202400,9919900,3582100,343200,1503600,5491100,50430800,12611900,948600,5237415,7609000,3345800,18254100,29757300,1505000,6552300,2629000,2633508,3549900,2296500,32052000,1810200,4840400,6297900,611400,10449300,2647400,3168200,1220100,2150300,8192000,2324200,2360800,5131800,8028600,14055600,241700,2636223,5770600,2843300,6616400,7657700,25833900,8248400,9615500,98183700,32911000,7745800,1009700,8289500,1116200,343165000,5787000,7412600,13014700,4687200,18086400,6003800,626900,3092600,3085200,2180700,7898400,2189800,670800,1383200,6352900,6239500,10955900,1017200,17838000,5092600,1661200,908800,1363900,26425500,4438400,1708700,3504000,116900100,1881700,5193000,2604800,2952600,4219700,2641500,670400,1930400,17654600,9874000,13796900,15023400,3515300,20272500,2938200
2023-11-08,49340300,5299100,7814000.0,4416000,1815000,3079200,3013600,4305900,41880600,1916800,1447300,44521700,2465000,15280000,1804500,2984200,31896000,5877500,482200,2602400,6989900,14761600,2532500,2126500,30333400,1565700,3113100,20154776,1580400,5884300,1343600,3433500,13633800,6124000,12654100,12275500,1178000,1611900,26942600,965000,3623800,1963900,985800,973800,5833500,3840500,313600,1508800,5553300,38700600,10634700,1104800,6065021,13103500,3700800,18282600,26425800,1484400,7036100,2454900,3388304,3618600,2686600,33483400,1620200,5460000,7618200,881200,13744000,1631400,7776400,1386400,3077500,7304000,2838400,2223300,4393500,6608800,13609700,475400,4142466,7776100,2949700,8152100,8075200,26767800,9917600,12781600,17943100,23568000,8639700,952700,8511500,1184000,346719000,5455100,10994900,11345100,4926600,29398300,4832600,715200,2588600,5185100,2898600,7681900,3787500,637200,1059100,9844700,7453000,6386800,1173800,13767100,4665700,911300,781700,1486600,28224500,8107400,1848100,3558600,106584800,8062400,6901400,1769200,2896600,5117500,3278200,555800,1276400,16971500,12513600,19418700,15591900,3953300,19184100,3326300
2023-11-09,53763500,14970300,5519600.0,5007900,1574900,2336600,2985500,4979900,61146900,2266000,1949300,36235400,1909200,24486000,2052900,4576300,32267900,5147500,437100,3052100,7135200,19128400,2708800,2584200,22164800,1389700,2631900,27728022,1620500,4306200,1288400,4731400,21039400,6625700,10359500,6288900,1094900,2316900,51062700,944800,3441800,2172500,1083400,793200,4765100,1827000,333100,2428900,3867500,59356900,9730500,944100,5786605,8878900,3566400,16045900,23747800,1787900,4658400,4059100,2884116,3412700,2220600,48955800,1095200,6973600,7992500,1019800,12021100,1305400,6279800,1775500,3271000,12196000,2657100,2501700,5678100,7639100,16103100,392900,2540543,10842100,2297300,7377000,9497200,24847300,22435900,17147900,24427600,27355000,9154200,971300,6075500,1026600,540496000,5464300,6853900,7046600,5639300,28737700,6581500,815900,3350800,5264800,1802200,9002700,2604400,622200,1001000,9638100,7607000,8548700,1116300,9278600,5923300,1204700,1200200,1592200,26080800,7382800,2042400,3347200,142110500,4612600,7061200,1819600,3411100,4866600,2553300,826800,1207100,15685800,2633800,14006500,15080100,3871700,18380500,3479300
2023-11-10,66133400,4586400,4773500.0,5479100,1433500,3062700,3478900,6699400,75135900,2070600,1738700,49287800,1554500,36272000,2088100,4788500,32858500,5660000,522700,3701100,7496300,11912500,2525200,1974200,21955600,1224600,3667800,21422586,1109700,4602300,1908800,4112600,17369000,5753400,11988200,3994600,1311800,2110000,25175700,1571000,2491100,2492200,749100,762200,2922700,1934300,274600,1632300,4495800,45069700,9922100,1239500,4382618,5946700,3157300,16946700,26913300,1781400,4292000,3653500,2311495,3179000,2422700,38862500,1536400,6930700,7983300,1295000,11678900,1378100,3645900,1525400,2381500,13734000,2807000,2664900,6186500,7076700,19096200,350100,2864420,12271600,2377500,7627100,8924000,28042100,12306000,12776100,20512200,44406000,8897700,758500,5118000,915100,421245000,5189600,5233900,7604100,5552900,33844100,5387200,505500,2385600,6008100,2429400,12191600,1606000,994800,1125600,10351200,7338500,6356000,1518300,9267900,5902500,906900,1201200,1468800,23755800,6767300,1896500,4010900,130994000,2430200,7214700,2480800,5683900,4094400,2965800,839600,1315800,12791200,4190400,14706600,14319900,2912100,17825500,2108500
2023-11-13,43627500,4454700,3408800.0,6894800,1448600,2505100,4549900,4125200,46741900,1579800,1425200,35680600,1110300,16893000,1753600,13040300,28521800,6037500,356400,2196200,12619400,16332100,3035700,4142600,19364700,1002800,2805500,15164738,754100,3225700,1650700,3306600,14931600,4230900,8747700,4715000,1418100,1683000,12834400,869300,3396400,1333700,649100,581900,3123200,2413500,275200,1421800,5511300,34458300,8944500,946200,5753776,4742500,3414500,16394300,18324800,1403300,3605400,4586700,1778130,2647200,1562800,24558300,1772500,5889300,6676300,1045200,12798200,1420000,5744800,1003800,3155700,8158000,1614600,2591900,3581900,6178700,16908900,178000,2551307,11639600,2400900,5878200,4868400,19986500,9116000,8951800,20068100,28961000,7055600,1020300,4983500,733200,384136000,6125100,5740500,6830600,5402300,35519900,6297500,374200,2473500,7640200,1487900,7959200,3907400,736700,987700,7740300,7120800,9827200,1079300,6853600,5187100,1321700,1164900,2128400,23876000,5520700,1675000,3151900,140447600,2829600,4345400,1507900,3211500,4088500,2831700,605700,957400,17236700,2581100,12159700,15408900,2960500,15308400,1544900
2023-11-14,60108400,4509200,8405200.0,5527100,1823700,2884900,3836900,6505000,61017400,2060000,2910400,56674600,1759300,23886000,2968600,7280100,66676300,7467500,1011000,3387500,6031400,26218500,3441800,4946000,46888800,2766800,2919900,24027133,3196200,5421700,2037600,4743800,18331000,7270700,11224400,6285500,2115800,2900000,13152000,2123700,5739200,2326300,875500,687300,3645800,2556100,494300,1801200,6434700,67684000,11724600,1899100,6007634,5534400,4656000,24219700,32395200,3592700,5498700,7952800,3131648,4321900,2359800,45457400,1847700,6713600,9927700,1130400,12697100,1350500,3827600,1336800,4237600,9555000,2733900,2647800,6996500,7502900,17179400,331000,3972394,12681100,2986400,6944400,12287700,27683900,12972700,13399500,23998500,40609000,9674800,1064800,6756000,1239700,416954000,7029200,6733700,6766900,6238900,40084300,7982600,588000,5787500,6202500,2407900,11255400,3618600,545200,983400,13128900,8323000,15361400,1664000,6989700,5711500,2105700,1674000,1400500,31504200,7076000,1822400,5262800,149771600,2315400,7051600,2454000,4258800,14092000,2847500,1068600,1578100,17667100,3894100,20183800,19792500,4250000,18260500,1421500
2023-11-15,53790500,6473200,6851400.0,5370500,2347100,3088900,3404700,4383300,59555600,2795100,3803000,63875700,1262000,16099000,3272600,5205900,46968900,7105000,747400,3572900,5759900,18894900,3739900,3400300,45858300,2401900,4810900,18268641,1663900,4733300,2165100,4800700,32188200,6782600,10052100,7506600,1515500,4110600,20593100,1726500,3175600,1750400,762000,1316000,3273000,3861900,376500,2678000,6703800,45193700,14733400,2121900,5245309,7102100,7324800,19628900,23861500,2534500,6696800,3985900,4325485,4632500,2130300,47392100,1889600,6729100,8365300,881300,10201900,1139900,4287000,1098400,2848500,6295000,2434600,2575900,6602200,7262100,14531200,433200,4533079,9460300,3226600,7392600,9841600,26860100,9954000,11295000,17021300,50353000,11140800,649600,6167500,820100,475497000,5937800,7386200,6789600,5611200,43614600,7672600,749500,4620300,6297800,3203500,7789100,3286800,502100,1040400,10757800,7980200,10245500,1201300,8328000,3392300,1623400,1243600,1058200,25233500,11607300,2184000,4675000,150354000,1805700,5957000,2473700,4766700,13258900,3239000,918500,3234900,22855500,3461700,17268100,35769900,3439500,20137600,1714100
2023-11-16,54412900,5257000,4177300.0,7603200,2142100,2040400,4380100,10513800,49661900,2366200,3260600,49653500,1537100,26198000,3749100,4655100,36952800,6475000,558900,2822500,10875800,14744800,2625000,2745600,31253700,1774300,4432800,19598443,1872700,6733200,2954700,3712300,79057800,8517400,14031300,6723000,1736200,3499300,12923900,1458800,3872300,2054600,991800,1082400,2719600,4075100,408600,1633000,10366500,45408100,10034700,1496100,5825072,6820700,9404700,16692000,28013200,1620400,8186800,3114000,2263644,3519200,2430900,86405700,2296100,6875600,8126200,1193800,16010400,1228100,3030500,912900,2705700,10047000,3060600,3593700,5371800,6440200,18932600,305500,3661913,10810000,3494100,7889700,6757600,27182300,12989000,11155400,11921500,36560000,5386800,429900,5238500,1334800,339756000,7522900,7476100,10976600,5386400,32407200,7590500,778400,3609900,4579400,4559600,11655700,3124500,493800,964800,7578700,8037200,10189400,1327700,11053300,4517100,1271600,1062300,1900900,26214200,9584200,1613400,3641000,136816800,1405300,5599400,2360300,3729300,7051600,3365800,803300,3094500,19110800,2340700,16931200,97658700,3970800,22469100,1566900
2023-11-17,50922700,4332300,3795700.0,6069100,1561500,1968500,3507100,18912700,38508900,2642900,2593500,49636700,1537400,19789000,2975800,3564600,38493300,5310000,715600,3260000,5200200,15573100,2792500,2512700,25665200,1517200,3231700,14282862,1206400,5799100,1773600,3634900,32593700,6446800,11075600,5251100,1342600,2474400,12189300,1542700,3340600,2717100,986500,983400,3494200,3667500,357000,2036200,10869000,36501200,8961500,1231400,5186418,7874500,4623200,19919800,37240600,1465200,6189300,2770300,2342370,4426500,1785500,49735000,2993400,7023300,7812400,1315600,14475800,1542500,2628200,898600,2216300,10265000,2365500,2604800,4887900,5427800,14494400,282800,9073693,6658700,3451500,6767000,6080700,40157000,9376900,10136300,8347300,27985000,6352600,519800,3963000,983100,325205000,7215100,4791300,9178000,5583100,27009200,8495600,538600,3125100,3059700,3354300,6543300,2727000,354500,653100,7343900,6341800,7366700,1104400,14077300,4594500,1121300,1647100,1325900,27162600,9344700,1556300,3267800,142532800,1067200,7524200,2676900,3320200,7238200,3131200,713100,2035200,19355200,2196700,13893800,42487800,4327900,22984900,2425100
2023-11-20,46505100,4490000,4634600.0,6869100,1413900,2393900,3499800,7087400,43138700,2213900,1945500,41951200,1540100,18674000,3242900,11568100,46783400,5675000,668300,3215300,4708700,19670300,2661400,2991300,23870500,1394900,3150200,15421671,1308400,4046400,1624100,4599300,27421000,6418300,8062400,4472700,2197300,2568500,14105300,1319300,3637300,2312400,800900,799600,2607000,3133700,270700,2142300,7680200,46933100,12322100,1201600,5190678,7012200,3165000,19348500,27815500,3146000,6056300,3459000,2122212,3658500,1749400,44564900,1746300,8851700,7019000,817400,13051000,1678500,2827200,982000,3159700,10264000,2768300,3499400,4030300,5778200,16960500,353200,3986627,6399800,2387100,7449900,7644600,52465100,11424100,8404900,11014900,36176000,6197400,594200,5397000,856600,414120000,4947400,5728300,6135400,4886200,26335700,6856500,426800,3356200,3466300,2876700,7148600,1769000,340700,1292200,8359300,9799500,8233100,1987900,8086900,3353000,1283500,1510400,857700,30868000,7061600,1183500,4007700,116320100,1162200,5836900,2518400,4733300,8604200,2324600,552800,1520500,18656400,2897400,10369100,26663100,6312100,17458800,1056700
2023-11-21,38134500,4690800,4587100.0,7111600,1602800,1906200,3613200,6517900,41064800,2636600,1989300,71226000,1245200,43344000,2759700,5362100,41611900,4605000,642900,2918800,7228500,14466700,1765500,2275300,26656000,1274500,3669500,12507161,1234000,3720200,1173700,3852300,21510500,4829400,6783300,4005400,2163100,4614100,7654800,1238800,2483900,1391100,784800,868300,2467100,2281200,276800,1568500,5053400,47284300,11351800,851700,3506019,5120400,2910700,19693500,22635300,1900900,4322300,2977200,1991921,2859500,2050300,37252100,1461600,5916300,7083500,910300,13891600,1225300,1851600,1177800,5880600,8709000,2567500,2940800,3899600,6057500,12027900,493300,3239605,6271300,1926800,7403500,7394800,28423100,12016700,11952600,11531400,29977000,5803500,449000,4631000,1021800,565747000,5302100,5995300,6092600,3980000,25988700,7310400,453900,2717300,3211600,2039400,14641800,2626700,310700,1091000,7125000,6149000,4901200,1838300,6888800,3251400,1213700,1059400,1076400,25680000,6659800,2915900,3112300,122288000,885200,3877600,2115700,3080700,7213700,2369700,746700,1227000,22946400,2032700,16078400,29382300,4139200,14989000,1423800
2023-11-22,39617700,3428500,3973900.0,6470600,1425700,2064400,2499700,5071300,56862200,1649100,1393300,45669100,1004800,33743000,2527500,5384400,41422700,4815000,498100,2110200,5601100,9441200,3593700,2080300,26064700,905900,3217300,13716392,1172700,4559000,1068600,3893600,17308400,4421800,7216100,2685200,6304700,3727100,7328200,1397000,2553200,1153700,719800,979800,2778800,3369300,282000,1470600,6251000,41116300,7624400,954700,3773785,4419100,2747600,11338100,17813900,1235200,4816800,2873500,1996378,3044700,2481500,31481200,1199700,4633500,5174500,594400,11320600,1111000,2052200,833800,3232400,7819000,1967900,2285000,3110300,3647100,10702700,389900,2863463,8223300,2422200,5724000,4265400,23345300,8579500,9626900,7639200,28416000,6280300,589900,4440500,695000,899420000,3993600,4343700,10582400,3235600,19226800,4372700,572100,2325300,3508300,2212000,6647400,2531500,233100,1034200,7024900,4828700,6830100,764700,7941900,2753000,1190200,977600,744500,21301600,4982200,1463800,2913800,117950600,1118600,3159800,2234500,2640200,5701400,2631200,511800,913500,14613100,1674500,11862200,26416500,4060400,18072000,1501500
2023-11-24,24048300,1636500,2058900.0,2166800,708500,942700,1140200,1992000,19001000,930800,614100,22378400,399800,23158000,950700,2312100,15815600,2925000,279600,1282000,2476800,5941000,982200,1193500,8927300,416200,1150400,6252620,522200,2159200,645800,1869100,8209500,2215900,3861000,1650300,1275300,1276500,5440500,585900,1472400,583900,299400,310000,1248100,1318100,87800,526200,2523100,22028100,3536700,452200,1981995,1931000,1262500,6941400,12514300,460100,2266100,1259900,1140045,1799200,809500,13037100,601300,3351400,3496900,306500,4816000,711300,1341700,326600,1322200,3006000,1053500,1218000,1608600,2067700,5467500,107300,1267640,3153700,1264300,3168000,2398000,10176600,4349600,4629400,5580000,14047000,2443600,191200,2250000,435100,294645000,2454200,2168200,4449200,1751700,11129700,2132500,221700,1284500,2080100,1173600,3708200,969700,171600,315500,2346300,3206400,2725600,364900,3077600,1119300,767600,404200,382500,12431000,2066400,722800,1341400,65125200,539200,1604800,1135000,1644400,1640900,1204900,172500,658700,6766700,920000,5287200,13975200,1357700,9480800,635200
2023-11-27,40552600,5529400,4408400.0,4572500,1586900,1854400,2677800,3429700,32743000,1846400,2525200,53762400,1159000,96962000,2146400,3691200,42039500,6332500,868100,2580300,5313700,14679700,1743300,6304300,21496800,1220100,3706600,20604304,1134400,5289500,1627400,4885500,17651600,6334300,9850800,4418600,2322200,2048900,11049500,1303700,2439400,1254200,929600,1048100,2657800,2384200,234200,975200,6884700,32247600,8251400,1787400,3984415,4552100,4389000,19878800,23436500,1250500,7736600,2992600,2631811,4053100,2240800,33339900,1084300,6449700,6259100,588400,16246500,1301200,2630700,1496900,2345700,6819000,2665900,3703900,3493700,7100000,15684500,336700,3939504,6601700,2178700,7356500,5237800,22179200,11005600,9779100,10994700,36259000,5785000,482200,5050000,1349400,395662000,4751900,5165300,8319500,3664700,26066700,6021300,384700,2770900,3478700,2447200,8586400,2369100,440100,1054700,9378400,7853600,8715200,1378500,6371200,3794300,1027500,1326900,995500,29976200,6165500,2427100,3923200,112031800,1008500,4130700,2675800,3320000,5478900,2455000,657400,1308600,15245300,2336300,15715000,23393700,2834500,18013500,1442700
2023-11-28,38415400,5347200,4024400.0,3607600,1377800,2302900,3412100,5799600,32047100,1753400,2105200,42711700,893800,39025000,2117800,7817800,29705800,4502500,610200,2953500,6450700,14064700,2149900,5348600,18419200,1437000,3471200,15484624,1319400,3469100,1286800,5535300,16360900,4291800,9746500,3582200,1904600,1911500,18660300,1826100,2774300,1404500,1057000,767700,3418000,3380900,301900,1886200,5652500,38510600,11345400,1141900,4378107,6792700,4572500,18156700,18730000,1419000,6057500,3116900,3532175,2666200,3058500,24548900,1559000,5909000,6582700,965500,13739600,1134300,1793900,1124900,2651100,9053000,2645000,2199600,3290000,5967700,12637200,270200,5184182,7042800,2465000,8738500,9197900,20453100,19225700,9473600,26586500,28902000,7287400,550500,7603000,1472500,401491000,6855800,4892600,6972800,4056100,29497700,6110400,803900,3226900,2456500,1926400,8817900,3011300,446700,1109200,7094800,6848100,7866000,1249600,5620900,4804700,1149700,1134400,1069600,24258400,3865000,1549600,3096900,148549900,1324700,3883800,2859300,3073900,5234900,2045500,802200,1154100,14521700,2676800,15332900,23535000,3667100,20629500,1348900
2023-11-29,43014200,3996500,4615400.0,5458700,1307300,2595600,2992600,4975600,37876300,2005200,2933400,40610900,1096200,34843000,2720200,5424400,57954900,3895000,750000,3141100,4780400,14027600,2224700,7393100,27451400,7568700,4010200,14164532,1537600,6065300,1319800,12327400,16700500,9856300,16417100,4859800,2263500,2240200,13857000,1878700,2986800,1304000,969300,1687800,2128400,3000100,437400,1432200,5268300,77246800,9792300,1012100,3792831,5091700,4511000,85193700,23967200,2038100,5812100,3083800,2379823,3568900,2376900,38982000,1388900,5190000,9126100,1277500,11263600,1405900,1908600,1272900,2119000,8125000,2151400,2433400,3629600,5163600,16024500,254300,3087594,4839100,2935900,10286800,7420700,28963400,14062900,17019100,12792300,28555000,9601800,554500,7326500,1252600,382005000,5561500,6127200,7542200,4722400,26185200,5342700,504100,3241100,2627800,6873900,10608300,2611300,627700,888500,6852100,8428500,15656600,1037400,8002000,4201800,1151700,946800,1131100,26623500,5014600,1195800,4326500,135401300,1562500,3647100,4550000,2981600,4955100,3180500,609400,1497200,16387400,2534500,16746000,29896500,4314000,26802100,1524400
2023-11-30,48794400,9297400,5956300.0,16766200,4298100,3960300,3756500,7555600,44494200,2686400,2943300,65814000,2341800,49571000,4253100,8736200,52547700,6392500,961300,4606800,8346200,16249000,3210500,5697100,30451000,7046800,7148500,25225374,2263900,10242700,1755200,24425700,37165000,12331300,16276000,8814200,1950200,3543400,13396700,4633400,4959400,2402100,1673300,2083800,4201200,5597800,608800,2210100,11572700,80525700,10439000,1806600,10174611,10393600,6840100,45236500,38988300,1903600,13769000,4493700,3303954,6740600,6601300,46263000,2437500,12481900,9869800,2208500,22727500,4023900,5658400,1514500,3812100,12922000,3203500,5030400,7440400,9089900,23146400,455400,7190950,8996700,5973500,29299700,8480500,30554400,21701600,15381700,22025300,42873000,8690900,701300,9164500,5483700,526247000,10126200,11075600,15858700,7346700,45356600,9771300,636700,8202800,4319400,9147400,11731800,3220500,954600,1896300,8366100,11442600,20200300,1648000,11520300,8114700,2300500,1666000,1423600,50630000,11206300,1914000,5596100,132353200,1508200,6641400,7121200,4664400,6874700,4460700,808500,1637000,36623500,6975000,23247500,29925900,4797100,29254700,2581900
2023-12-01,45704800,4903400,7424800.0,4682300,1688800,2490500,2785100,4929400,37048000,2303900,2093300,39951800,1706200,29612000,3412000,6956200,46133300,5125000,746700,4705700,4730400,20053400,3731500,4672300,31943600,3401900,3488400,18111151,2153200,4675800,1475300,14538200,18744700,7094700,11906500,5664600,1764900,3134000,11898200,2457300,4016400,1931700,1112400,1361500,2651200,2990900,376000,1605600,7382800,61619800,18671400,1994900,5668572,5400500,3349200,31661700,31442300,3623300,6670500,3613600,3301938,4871900,3492100,43928400,1388700,10342900,8916000,619900,15371200,2107300,3638600,856900,2965600,6919000,2171400,4967400,3883600,5266200,15276400,413700,3329425,6700100,3124600,6863400,9617100,33040500,14354700,10510200,14179300,43415000,8051800,696100,7266500,2038800,369317000,6197100,5739800,9722500,4897400,103624000,5685400,578700,4159700,3197800,4757300,8866500,2783300,560200,1086800,5487400,12506500,17131600,1537100,6377200,3996100,1833600,1974400,1110400,35407200,4964500,1219700,4391200,121331700,1733700,4095500,3462200,3945300,3939400,2516500,653400,1135000,20762500,3281600,18116100,39273600,2918600,17845300,1367200
2023-12-04,43389500,4845300,5263400.0,4717700,2349500,2541500,3448900,5859600,39854400,2357400,2668500,48294200,1782300,25009000,3631000,5228500,37811300,5895000,767900,3053400,9420900,19351000,3028700,4712500,36854500,3027800,4154400,24282146,1385500,4824800,1624000,11429200,17812900,7413600,11842800,6342800,1405900,2246800,12602800,2163800,2796500,2226900,1642000,877800,4068900,3000900,479500,1592400,8158300,54196100,15675100,1420300,4747116,8194600,3381800,29590100,36669900,2178100,6133900,3827900,2883268,5779000,3818200,50417600,1431200,8920300,9607500,889300,14942200,2092400,2577100,1265700,3429700,9036000,3097900,3522900,4680700,6118900,19037100,451700,6016119,6543600,3075100,10169900,6713800,32063300,11659300,10239600,14412000,51577000,10086600,1079100,5830500,1580600,437543000,7323500,5587500,11467600,5323300,47410400,6578300,553100,5388600,5729500,4842900,7485000,4200900,508400,963200,5525300,11477400,11690900,1608800,7772600,4205900,1920900,1513400,1584700,40542500,5884400,1222300,4127700,104099800,1878900,6572000,2709200,2717800,5247500,2960000,830900,1469500,22109200,3011700,13424000,24883200,3606900,21523900,1559500
2023-12-05,66628400,3961700,4202200.0,4315500,1516500,2577700,2914600,5206300,39191600,1853600,1738000,46822400,2196300,37066000,6452500,3589800,45723100,4592500,860700,3061200,5393200,14813100,2682200,3329000,27681700,3121000,4075300,30967648,1225300,5821400,2349700,5771500,20985000,14773700,9597600,7371400,1572700,2674400,12357000,1787300,2601200,1809200,1426200,1037800,3327700,3478300,382100,1392600,7114900,41551100,13057200,1176200,3688206,6276900,2986200,25717600,27384800,2429700,7064800,3269800,2741836,4556700,2821400,31859300,1246300,7268200,9135600,578900,11891500,2207000,2157300,1055700,2552100,12201000,2755600,3005300,3218800,3992400,16952100,334400,3675786,7271800,2761200,10789100,6103200,23065000,8800500,12544800,14946000,33807000,6960000,637000,4575000,1476700,371718000,7666100,5913600,8243300,4553800,39853000,11895800,492800,3727700,3606800,3484500,6231600,2137500,319400,614900,5945700,16027300,7172600,1786800,6902700,3635500,1668700,1661200,1216400,72091000,3840200,1613600,4577400,137971100,3597000,4935600,2645600,2485300,4199100,3128600,836300,1113200,23003300,3330300,14531700,21883800,3110400,22250300,1425900
2023-12-06,41089700,4978800,4932000.0,4296000,1502100,2080400,2927900,4491100,60599000,1765900,2037700,39679000,1313000,24813000,3890700,4740600,49803100,4727500,624800,3039100,4837500,33903400,3632600,6380500,43374500,2035000,3595400,17733220,1760500,7489500,2233900,5374800,19535500,16318800,18079700,7733600,3218300,1909600,10462000,2497300,3260400,2132000,1065400,596900,3336300,4613900,343000,1305400,7815800,47223500,9356900,1649300,3964241,5745300,3568200,21736200,23576200,1869300,10186300,3030800,2366985,3555900,2217600,31992300,1182600,6642900,9366000,766700,14868500,2263700,2093100,864100,2595400,6348000,2224200,2765100,4104800,6123300,11294300,238100,4285029,14833000,4039700,9954800,7321800,21182100,8883900,13235700,9482700,41788000,6317000,446300,4004500,1532000,380590000,11296300,7815700,12915500,4726600,33410500,7610000,417200,2989100,5719600,2952000,6912400,3987900,554100,936200,6125800,12115000,8544500,3189700,13575300,4829500,1769800,1475600,1383900,45867500,5102500,1241700,5433600,126436200,2544900,4952200,2239700,2995800,3874000,3454000,717900,1137600,20218500,3717200,18923800,26447400,3779800,31154800,1552900
2023-12-07,47477700,7225100,7108600.0,5199000,1870200,2605200,2820000,5753600,118579100,2081300,1964500,52352800,1408500,43517000,2797100,6363700,32699600,6982500,784300,2830000,4027700,14896800,2162500,3794700,33502900,2919500,3107200,20830294,2857900,5816800,1690400,6568200,20478500,11383400,14786700,5641000,2753800,2767500,10264700,2913800,3813000,2056400,792500,803800,3577200,3524500,367200,1397900,7687100,40523200,10691600,1401400,5064626,8588600,3658200,20158800,56767100,2162400,11219300,2742300,2585551,3665500,2880100,29118700,1313400,6532400,8130900,679500,11587900,1914100,2095000,861100,3069300,9009000,2363000,3131900,5818600,6082700,15905100,222000,2831650,10658000,3606600,9602200,5430400,23118900,10641300,12230500,15406800,35067000,7294500,530500,3256000,1228100,350823000,6195400,6772800,11624600,4934800,35782900,6119600,532600,3072200,5511700,3702200,7815700,2329100,567300,491000,5443900,7858300,9500600,1923800,12955100,3575900,1983700,1243000,1434400,31309100,4210200,2101800,4232200,107142300,2437200,6495400,2511700,3241200,3589300,3277700,485200,865300,15223200,2512300,18787800,25362600,3749600,29990700,1088600
2023-12-08,53406400,5695200,4411200.0,3426800,1274500,2499700,2708000,4990200,89341000,2608200,2364300,41906000,744100,69668000,2681300,7171200,34794300,6122500,456000,3289000,4300400,17591600,3258200,4391200,32727000,2781400,4317800,21464946,2493400,5713900,1502100,4605800,16039900,10516100,10821700,6508800,2060500,2527500,9498200,2857400,3271700,1531400,726900,1099200,2365900,3858400,562900,1909600,7433400,48961200,19549100,2046400,4925418,6569000,2452600,20280200,32260100,2238800,6459800,2889300,4822563,4561300,2505800,42815000,1222900,6254700,7369400,1038100,11178700,1483700,2446800,761100,2210400,7944000,1959300,3623600,3838700,5321900,14087400,254600,4119024,7966400,3092100,7530300,10343400,20154400,12007100,9408300,9035500,34584000,6122200,411300,5418500,928500,359224000,6648000,7766000,8209000,5115200,31890700,6385300,858400,4257600,3877500,4102700,7678600,2650600,388100,741000,5535000,7125200,10159700,1265600,13211000,2711200,1394100,1651500,1078900,42137200,5124900,1871800,3791300,103126800,2078700,4732100,2039900,2845900,3732300,2176100,563600,1394600,21850400,2072800,20238400,34069500,4343700,22074900,1474600
2023-12-11,60943700,6343500,4560500.0,5208200,1814100,3270600,3711600,6945800,98668300,2838600,2468600,50907300,1120800,101184000,2811400,7545000,32254000,8267500,781300,3108400,3653400,17666000,2898300,3642200,34179200,9029500,3958200,21289318,1584700,7250100,2139300,4766000,25618900,8336200,9849600,6805200,2057900,2591500,10811000,2053900,4989100,1854800,969300,1423100,3068200,5004100,444800,1575200,7793000,39700900,8606700,1295500,4643869,8190000,3429200,23314400,31138000,1636000,6837600,3520700,3932278,6077200,3433100,48288200,1730900,6090400,8093900,1134700,14524800,1653400,5614100,1021600,3390100,15849000,2236000,3353000,5766000,6648300,25802500,321300,4169136,8174700,3017800,7429700,6378100,27708800,18547600,11005700,10519700,49297000,7972800,429300,5293500,1321300,509728000,6461100,19544200,15273800,6912600,37833900,8471200,829200,5433200,4270100,2976800,11010700,1978800,458700,736400,5897300,7639100,8281700,1360800,8820900,4000800,1452900,1380200,999700,43835000,4891000,2030900,5170800,97913900,2478100,7585500,3655300,3742100,6479300,3293300,880600,1255600,21914500,2220000,21116900,31883400,4332500,22252300,3199200
2023-12-12,52696900,5882200,6823200.0,5354500,1935300,2968900,3096800,5705200,111677800,2556900,1712900,44944300,1284300,90242000,2946200,5719200,34566700,6075000,607600,3188800,4625500,14735600,2375700,3241500,22240600,2933200,3798500,18708245,1614100,6888800,2374400,5827600,18712200,7249500,9863900,6744700,1832000,2892000,13218400,2572000,3942700,1552000,1322300,1178700,2905700,3447800,382800,1258900,5695700,40206200,13640500,1539900,4664543,6118200,3841500,22492100,29032800,1597600,8380000,2893400,3282628,5292300,4207900,31452200,1371300,5324400,10223000,871800,12899000,6829000,2846100,1008200,3552100,12019000,2736500,2252200,3941600,5850100,18485500,319800,5590463,7522100,2930200,7933500,7395300,24838300,10262100,9931000,11758900,33027000,7378400,379400,4517500,1063300,372387000,5013300,57666500,23323200,4515800,48587500,6069200,518500,4197900,4038200,3484900,7380400,2227100,500500,838300,6811200,6313800,8274200,1890000,8871400,4376000,1330500,1095900,951700,41348800,4237200,1420200,5049300,95328300,2270600,4714400,2706100,3039900,5946600,4041600,619800,972400,17096700,2140700,19787100,21381900,3289900,26084000,1899700
2023-12-13,70404200,8104500,6673900.0,6534800,2461000,6188500,4082200,5561700,70651600,2380000,2244500,52766200,1367600,71654000,3207700,5513400,60311100,5500000,600000,3132700,6764400,22212500,3708300,4295500,38465400,2443600,4000100,19904778,2804600,8570100,2436900,6567600,18689200,9012700,10641300,5543000,3406900,3749700,10173200,2564800,3970200,2177600,1579700,822900,4146100,5765800,778500,1210300,7994500,68066700,15442500,1500000,5506309,10582400,4380900,28807100,30104800,2876500,6337200,5822700,3250267,4989100,4580000,35216100,1447000,10764600,12379100,783800,16196800,3359600,3112500,1300300,5170100,8889000,3694200,3312300,4861000,5504100,16353300,322100,7142512,14063400,3457500,10995000,10144600,30955500,11629900,13013400,19102500,58202000,8182900,778300,6058500,1469800,447792000,8882400,29392200,15845700,6082100,158100700,9055500,644100,5883200,11393000,3054600,7507700,3285600,680000,979500,8057900,7741900,13922500,1864600,10502400,5762900,2192300,1204900,1504700,53889700,5567000,2776700,5195300,146286300,4475600,5940900,2876600,4058100,4859900,4238400,512000,6222500,32473200,2712700,26549100,35348700,6787200,19915400,2104700
2023-12-14,66831600,7869600,9568600.0,6611600,2551300,11315300,6941500,7401200,76115200,2935200,2975000,58400800,1372800,66964000,4548100,7883600,107190000,6885000,1197400,5512300,8267800,51664900,6464100,7682500,41074500,2817400,8434000,31791052,3369300,11490400,3839200,6613200,28418700,8469000,14960500,6679600,3576000,5922500,12439300,2746400,6870800,2287900,1594500,1107500,4417700,4842400,646400,2209000,26399000,110777600,29234600,2889700,10454155,8531100,6086300,35593100,38722400,5376300,8861700,7594800,4016628,6129800,5157100,70620800,2068800,9240700,13643000,1499100,22478300,2220500,5275900,1891000,7636600,17234000,3989700,4626800,7914500,8149600,19607300,434200,6894342,12031600,3559800,10723000,19849500,43277500,17342800,16809100,18867700,51764000,9590500,1205400,15116000,2399500,391232000,11549500,22865200,19890300,7119300,101889800,10565200,766600,9543800,8806900,4260100,11468900,3363500,598100,1638400,11124700,9764800,26968400,2130800,19567600,6377300,2874700,1320900,1860500,54485000,7156000,2763900,5758600,160829200,3013400,11428500,5386800,6401900,8168700,4415300,917600,3124900,28551600,5067600,41115400,30891300,7975200,26165700,3044400
2023-12-15,128538400,15203000,8239000.0,13316300,3880200,8666500,10926100,8577200,70211800,8731000,3722400,110089300,3312900,118544000,7139200,14995900,83771800,22607500,2703000,8578200,10461100,35156100,7321200,8435400,36118100,4357000,10225600,64390036,4737700,30860400,8807700,13739500,58860100,12916100,30850900,8031000,3891400,7886300,17551600,5289700,8742700,4548800,2716500,3222500,5091600,7429100,1098900,4369800,38846600,85298200,23084700,2767800,13586279,20354200,11833600,34158100,50847100,4522300,15661200,11212800,7982221,11016100,4795600,84583400,3637200,21727800,20309300,1387700,65177400,4241100,5317000,3973400,9581200,17817000,5566600,6328500,10915500,15088700,31776900,912500,13255507,23248700,12266800,26393300,16905700,78502300,19547800,28901500,33146700,78410000,13633300,1746600,10913000,3915600,479948000,20187200,30212300,17700600,17734600,138388400,14550000,1331500,8413600,17596500,9648400,25053500,4568100,1791700,1710100,19196600,12466000,21428000,2849100,21720600,12327600,3723300,2389800,4139900,65906500,9827600,4354900,11044900,135932800,15610100,16337400,9030100,8738200,13374000,9641800,1092500,4074700,51721600,7153000,44099200,70003500,10786600,55527000,4058300
2023-12-18,55751900,5379600,4175200.0,5142800,3208000,5452000,3329000,4772300,45199500,2227600,1804900,62512800,1384700,54741000,2814400,6140100,40694700,5050000,916300,4526400,6317600,17871400,2691700,4618400,26063300,1364700,4212400,19095032,1696300,7000500,5733400,7498500,20453100,7785900,11561700,7526300,1404400,2307900,9083600,2117700,4277100,1892200,773600,926600,1889700,2875500,510100,1523900,23411000,43424400,12242000,2469100,5206215,4926700,5446000,18151800,32258000,2740900,6800700,4420500,3151913,3677300,1999400,27895700,1937800,7231400,8469600,928400,16717700,1717600,3033900,1197300,3132400,8841000,2686900,2490100,4291800,5243900,18993900,317600,3616704,9083800,3307400,12805600,9145500,21802900,12416600,10755600,13168900,64107000,6874800,757900,5616500,1994800,412587000,8848800,13473100,9284700,5439500,63329400,8421800,514300,3805000,4606400,2987700,7832100,2210400,627400,536100,7701100,6146400,12870800,1255400,9356700,5131900,1425900,899800,1416000,34621800,4367300,1607300,4072300,116416500,1962500,5015200,3260300,3883800,6041100,3621100,832700,1867300,22057200,3144900,20531700,26316000,6632200,21610400,1543100
2023-12-19,40714100,5476700,5090400.0,4675100,3252800,4150700,2351100,4958200,63739800,2484100,1776900,43171300,1340400,36020000,3978300,6089500,44534800,5410000,756400,3084600,5898200,23161500,3659600,4647600,27102200,1182000,3370700,17517579,1879300,6379200,3437300,4665500,17035800,9035400,8738100,5148200,2078500,3087000,8804000,2072200,2711900,1930000,1025700,1790600,1856100,3498900,429900,1012900,16414300,35722900,16499800,6880300,5957138,7452300,4827900,11875400,25476800,2091800,5810100,4654700,2755311,3766600,1785000,35358800,2276700,6651500,10345700,877800,14612200,1344600,2192700,695000,3101100,8906000,2256200,2054200,3941500,5096700,17729400,214800,3151101,12884600,2583900,8043100,8114900,20603700,14316400,11509600,15649800,38490000,7697300,600000,4526500,1718200,464444000,6198200,10108500,11375100,4855900,70094700,5233600,547000,2613300,3897900,2873100,5658400,2999500,844200,629500,9912600,5992900,10781100,1789300,7351000,3733500,1318900,1181900,1433800,28077400,4429400,2569400,2722800,106737400,1324300,4379400,3645600,3926500,8731200,3741200,503100,1595900,17642500,2124700,20556400,24417000,6398800,18904700,1600300
2023-12-20,52242800,4716400,5718000.0,5666200,3406200,2587300,3402200,5488700,54671700,2561200,2991200,50322100,905100,34523000,4020700,5151700,44711400,7897500,547900,3926700,5844000,17452100,3818400,5141800,34109700,2105500,5326800,17371934,1850100,7767200,3782700,4510500,17812200,13112000,9370000,7004900,1592100,2676600,13060600,1613400,3428500,1751500,1403800,1386300,1782600,3671100,381500,1435100,10523500,54981100,10798700,18816500,6231921,5227800,7992600,16585400,49107200,1836500,6653800,3259500,3553926,4865800,2350500,38159100,1845600,7008300,10734700,1036200,17701000,1578500,2647100,1306800,3727300,11409000,3058300,2398500,5762500,9276100,16369900,254800,3883890,13691300,3166100,8441600,10467000,26316700,29085000,10091200,9283800,45637000,9176600,598400,4705500,1543500,397894000,5402900,9242000,11445000,5157800,56184300,7663800,625700,3448200,4461900,3365700,7264800,1858000,515900,470300,6961800,10057400,11408600,1567000,6480200,4363800,1215800,1553400,1162400,33476300,4783100,1497300,3866600,125097000,1569300,5098700,3847800,5624500,7240900,4492200,540900,909500,18134600,3196600,20481500,21967800,4264500,20988900,1833200
2023-12-21,46482500,4036100,3318500.0,3555600,3304200,3192800,4092600,4257300,47179400,1850000,1685500,36305700,790100,24106000,3496800,6487200,32325700,5450000,341100,2851200,5138600,13089000,3209300,4991700,63822500,1089700,5267000,19290827,1027100,4149300,2388400,5160700,18772300,9138900,7264700,4829100,923300,1743800,13037200,1237200,3072500,1604300,936500,1525100,2113000,3841700,457900,1054500,8332500,66424600,7032300,5851700,5185165,3791000,4637800,18421900,27488300,1301600,4252800,2794200,2290275,2982900,1895400,28320500,1969700,4598600,7601700,640400,11725100,1534000,1786500,637200,2640200,9349000,2213600,2313100,5001900,5538100,15289600,190300,2624263,10097800,2064800,5919400,7748000,17708000,53969700,12604200,7344200,27562000,16533300,484000,3935500,955900,300425000,5859900,8168000,9863000,4374000,51056600,6104700,313500,3256400,3617600,3235100,8361600,3089700,332600,501000,7732800,7097200,8674300,921800,7470900,4146700,2114000,817500,1046200,36327900,5376200,1016600,3213600,109594200,1069300,4040100,2491600,3778600,6246700,2977100,614600,819100,15421000,2097200,11127700,20087700,2807700,19250900,2118600
2023-12-22,37149600,3373400,2937400.0,2565700,2313900,1660600,2775000,2770600,35396600,1814200,1106400,29514100,756200,19089000,2782600,4434000,37265900,6372500,426600,2332200,5404300,14440600,2833800,1412700,38240400,1167500,4042400,12690791,1224900,4299400,1641700,3110600,12903800,6079400,6396100,4624300,1077300,1577000,9419800,1094200,1927500,1192300,572800,613400,1634000,1741900,222700,743100,5795200,43764600,6984600,3347400,4030650,4109700,3211100,15027600,26532200,1538200,3627000,2029900,2004972,2442700,2237000,30095700,1024900,3798900,6576300,409600,9029400,838900,2226100,623600,2368800,5251000,1759000,1700300,2388700,4109000,11772800,179800,2728913,7587800,2121400,6028700,5800800,17107500,22531800,9799400,9136800,27027000,46666200,362300,2465000,927400,252507000,5287200,5680000,10994200,3030400,35162300,4413800,376400,2361300,2578700,1402200,4659200,1856200,742800,311600,9769500,6361000,4456900,1347900,5115600,3013400,1191500,698500,1068700,26740400,3463200,1081500,2783900,93370100,1347600,3492400,1759500,2332500,5111500,2279000,470000,804200,13171600,2187700,10450400,19405500,2429300,12927800,1548400
2023-12-26,28919300,2073400,4384800.0,2513400,1535700,1595100,1750600,2520500,47157400,1330400,1053100,25067200,446100,16793000,1230000,3938600,24845400,4942500,280600,1964400,2834200,11501500,2019000,1554000,26668600,752500,3572700,10269128,1327200,2893600,1774800,3218800,9721200,4069000,5165600,3369200,966100,1461700,8086900,1218200,2228300,1028000,648900,396200,1536400,1852100,166400,683900,3900300,26293700,6701000,3594500,2480063,2659500,3140200,10733900,16780300,837300,3594500,1585500,1973672,1772400,2032000,60287400,736700,4170000,4683600,654700,6422500,619300,1678700,516900,1656400,6941000,1258200,1381500,2417800,4002900,9898600,110600,3332176,8488100,1525400,4727700,2726200,12673100,11203900,6791600,4979200,20345000,12846700,420000,2319500,477000,244200000,4212000,5767400,7126500,2779200,30119100,3634900,267500,1215900,2608400,1542400,4381200,2039700,306200,407600,4442600,3709500,3565700,548500,5632300,2131000,786300,535100,539200,22750400,3275600,639100,2991200,86892400,763300,3202200,1390800,2384000,2085100,1807100,302800,531600,11856600,1008400,8856600,11679900,2147500,16835100,814600
2023-12-27,48087700,3747400,3989600.0,2471800,1309700,1394900,2608500,3319600,49033400,1866800,1860500,31434700,759800,20055000,1825400,3484900,24498600,4225000,298000,2478500,3186600,9901300,1876500,1442400,25594200,992200,3268700,9873805,1530000,3441400,1875900,3387000,10414300,4184600,5337200,4231300,823500,1683400,11123500,975700,1987600,1002200,528200,488700,1844400,2568300,231600,938400,6882000,39891300,7172600,3134400,3314310,3541200,2580900,11128500,19628600,1367200,4267500,2764300,2482846,3234600,2202000,52148000,750000,5288100,6428600,586900,8560100,850900,2163400,699900,1449300,7623000,1324100,1892100,3411300,4061500,13207900,183100,2922785,9285800,1712700,5387000,4073200,14905400,9186300,6787500,7687800,25613000,10157900,378400,1948500,855800,233648000,5619600,5627400,5456400,3502500,35000700,4569400,302800,2714600,3717200,1799000,4470300,1701300,1273900,310700,5440600,4959300,4320000,694100,7132900,2771900,1185300,821100,1029800,27728700,3525300,806000,3575700,106494400,936900,3264900,1851800,3116400,4034700,1358000,461700,594000,15267600,1332600,12536700,19896000,2865900,14558800,766400
2023-12-28,34049900,2601200,2770800.0,3206100,1300800,1702600,2164900,2909700,63800700,1228400,1125400,27057000,531800,21247000,1486100,5096400,21799600,3492500,311500,2740600,3382400,10218500,2267400,1410600,17540700,825800,2317100,9627968,1099000,3711400,1496900,2958700,8549900,3877600,8148000,3463900,1125200,1501900,8479600,944600,1912700,720400,521000,489700,1527700,2137200,219600,773300,5832800,26688500,5426700,2246900,3965494,3553100,2370500,9719400,16045700,1024700,4179200,2859400,1748210,2071300,2895700,27705200,740700,4377500,6320100,514100,8400100,814400,1973500,741800,1543400,6007000,1505000,1907100,2375300,4095300,11798800,233500,3360282,7195700,2372400,5530400,4089500,14327000,9606200,5981900,6259400,17105000,9352900,387700,2510500,1002300,246587000,5243000,5689100,7957800,2911100,30472900,5023000,467700,1953100,3425800,1827500,4928800,1527200,637500,331900,4622700,4518300,4352200,664200,6995300,2790500,997500,679000,788500,32112900,3249100,763400,3013000,113619900,784900,3023000,2001000,2254900,3020500,1661200,427200,735600,14931700,1318300,9872600,16776000,2421900,16329300,880100
2023-12-29,42672100,3712000,3076100.0,3550200,1233500,1893900,2476500,2980700,62079200,1766600,1584400,39823200,886000,20558000,1915000,3686600,28060700,4112500,318500,3269400,10667400,13149400,2300600,2353800,25436700,1187000,2463300,14613205,1502000,3643600,1947500,3706600,12492900,3788700,7658600,3644300,1104300,1407600,9211000,1499500,2295300,1087700,703700,606100,1448100,1756600,312900,949000,4634200,40964700,6509700,1949000,4441133,3586900,3808700,14127700,18733000,881300,4759000,10325700,2394040,2526200,2966400,29288700,1303300,4313700,6435100,512900,9244300,975900,2000100,832400,2631400,5191000,1706100,2227800,2488500,4658600,14987100,191300,2887622,8074900,2507000,5889200,4772100,18730800,8549200,6814600,6986200,27406000,7667500,403400,4628500,903600,389293000,6688600,6899700,5926200,3291500,30363100,5300900,401600,2938000,3709200,2023900,4839300,2006300,534300,326000,4624800,6135700,6047700,682000,8641800,2895500,1227800,884300,1150900,33285400,5342500,804300,3867900,100891600,916600,2920600,2080100,2186500,4074900,1964000,559200,727400,16222700,2331400,11733600,21948300,2813300,17746400,1007200
2024-01-02,82488700,8059900,3485200.0,5058600,2319500,2840200,3429100,8607300,64902000,3374900,1566300,47339400,1109200,28831000,2236600,5815200,36668600,8335000,660000,4737000,6775400,24784900,2433100,2231200,36400200,2881800,6099500,17620972,1794500,4688400,2657700,4741400,20242900,8780100,8879700,4915900,1414600,2764000,10587600,1300000,3352200,1848300,1158600,1358900,2159900,3023000,309900,1309000,7584600,47494800,9620900,2488000,5189425,7417500,5264000,17501300,23711200,2263100,5503400,2833600,3323795,3825000,2228000,45905700,1379200,9622100,9977400,967500,16322600,1571900,3226700,1206500,3277800,11136000,2463700,4458400,6584900,6321800,19042200,343100,3321053,12615200,3187400,11920100,6132200,25258600,13597100,10064300,8242900,50494000,9326600,742500,5654500,1208000,411254000,5815300,9597500,7456200,5743100,57948700,7238400,635600,2899100,5038500,2500300,8495800,4642500,1000900,415000,10455600,8859700,10111200,1968500,12105200,3955100,1162900,1080600,979200,47624300,5273500,2310800,5049700,104654200,1506200,5652500,3415700,4363800,5471000,2638200,720200,1269400,23810900,1906300,14916000,23539800,4627600,23483000,1642300
2024-01-03,58414500,5301400,4266600.0,4239600,3060900,2478000,2915600,6100100,61988600,2771500,1533500,49425500,1117600,34735000,2720500,7219900,45988700,8185000,638700,4321800,6594000,30897600,3043400,2027600,43978500,3004600,4959600,16477361,2813900,4881900,2612600,5097100,20303900,6836200,10255300,4674300,1397600,2425000,11929800,1680800,3687400,1444000,903700,1205400,2199000,2794000,304100,1843200,6784000,70120100,13723000,2949900,4531850,7329600,5477700,20308800,24212100,2265300,6926000,3309600,4046654,4086100,3102100,35858400,1596500,8232000,9852300,819100,14830600,1536300,5130300,1174300,3285400,9224000,3093700,3114800,5271000,5610000,15451100,460200,3547575,9807100,4674200,10721900,7487900,23083500,12915600,10306300,10382900,34437000,10573700,773500,4415000,1624200,320896000,5312500,9455600,7269300,5588200,43426500,7697500,553700,3195000,4145200,3094700,8133300,3638500,758900,823700,9957500,7161700,10661900,2153200,6572400,6290500,1248500,936500,1355400,33612400,5337800,2170300,4608600,121082600,1061400,5874900,2891400,3257200,4148300,3078000,744500,1026500,26263900,2079200,21653600,18756000,4538600,23490800,1493000
2024-01-04,71983600,8332200,4056900.0,5296100,2750600,2092100,3155500,6196100,58610300,3357900,2033000,56039800,956800,25658000,2777500,5170700,39834600,4415000,580200,4142800,6083500,23714300,2995400,2293100,33978600,1769800,4441900,20908505,2564100,5891500,2171100,4489800,18134100,22085600,8220300,3524800,1332100,2719400,12087400,1470900,2423700,1236200,1065900,1037600,2221200,2847500,376100,1303600,5443600,54920300,11897500,2911800,4364199,5881000,3888000,20138000,27137700,1618300,7153300,3652400,2697062,3212000,2845500,47797800,1471700,6766600,11972500,859900,12912900,1517800,6272500,1087700,2487000,10330000,2042600,4615400,7079300,5218700,12099900,333000,3319976,8894600,4495800,11492200,8735600,20901500,19134200,10568100,8469100,36365000,10420600,791600,4571500,1809100,306535000,5107000,6822300,9423300,6283200,45558200,7067400,546000,3613800,5179400,3125200,6770300,2737400,557400,753900,6656500,7118600,6755000,1711200,8268800,3442500,1162300,1052100,1419000,35703700,5328000,1831300,4068700,102629300,1238900,6445700,2994400,3173400,3843000,2586500,862800,1547200,24214600,1824900,15917500,19282500,3129300,19395200,1851900
2024-01-05,62379700,5607600,4006600.0,4127700,1510800,1923200,2463900,5400100,69657700,1874400,1884000,45153100,777400,22475000,2243300,3849700,49242400,8045000,471000,2965200,6020500,17782200,2684800,2650300,34785400,2341100,2825100,13495950,2340500,3984600,2233500,3676000,13989300,21756100,7455400,3738600,1100300,2236700,9092100,1444100,2192100,1698400,760100,1044200,1638300,2157100,347500,985800,4980000,44443800,8420600,2268200,4190157,7369000,4016200,15019200,22513900,2913900,4473700,2664300,2846239,4199400,2061500,34344000,1042100,5602500,10066000,767000,10412800,1400100,2404000,705300,2577900,8219000,2415900,3407300,3968600,3733200,13920700,254800,1991579,6126500,3373700,6861500,6027800,21004600,15483700,7803800,6833600,26313000,8044500,511500,3618000,1489800,415039000,3944200,6133800,8016800,5252500,33612800,5294200,423900,2393600,3251800,3126500,6827300,2773900,486100,635200,6796100,7191000,7243200,1343000,9827700,5670200,1187200,921200,807300,33311400,4533700,1817200,4552800,92488900,1039100,3087200,2815400,2537300,3748400,2958000,618700,1000200,30276700,3072400,15074800,21709500,3531000,15827400,1088200
2024-01-08,59144500,6001600,4179700.0,5030400,1909500,2830000,2471800,6515500,71756900,3467700,1703200,46757100,912200,33110000,3442100,40730400,40253900,6617500,513200,3445700,4699300,17359500,2369100,2620300,26151600,1597700,3703300,17204735,2474600,6769600,2245300,6626000,18070300,22172800,10038200,4093200,1233300,3123200,11103700,1250900,2453400,1438700,960900,815800,2045500,4244600,374500,1278600,6027200,41514400,9226300,2226700,6920068,8641200,4030900,13774800,21404000,1902600,8938300,2736200,4265220,3321700,3165500,42135100,1463300,6569800,11229900,1268100,11554600,1142300,2453900,716000,2462700,10889000,2125400,3097000,4621200,5596700,13890200,237600,2535042,8563000,3108000,8193100,6738400,23134000,16219800,7766600,6704000,36758000,9414200,658900,5991000,1274700,642510000,8842900,7038700,10343500,5735600,32972100,8255300,486400,3208700,3828300,3636500,7729400,2146700,723200,549400,7625700,7536900,6534200,1334500,16693600,3296400,1232800,1193100,1126300,41215100,4716100,2126800,4135100,85166600,880100,5717500,2648900,2469500,4659000,2756500,662200,1142200,28483000,1787200,15119700,20680800,3738900,23370100,1610600
2024-01-09,42841800,4454000,3560900.0,3802100,1625900,1926900,2922800,5606700,67875700,2603700,1578800,43812600,831600,23225000,2055500,20687500,39268800,5607500,454700,2998800,8180700,17237400,1974500,2174300,21013000,1215500,3714500,15836521,1963900,5935600,1886200,4571800,20489200,20724500,11784700,4618700,1012400,5255800,11255100,875600,2024900,1328500,777700,688000,2378500,3043300,325000,974300,6096200,49536700,9119800,1514100,4815028,7601600,4779100,13892800,24759600,1708800,7036000,2338100,3270108,2617200,1835600,30097000,1421600,6357000,9923600,810300,10493700,1256200,2918900,732900,2025000,5904000,2439300,2176400,6725700,5078800,13463900,219900,2939768,7414500,2767900,8822300,7594100,20830000,12138700,6921600,9638200,35268000,7759500,617500,4920500,2199000,773100000,7605900,6725200,8531400,6268800,39856900,9786800,525300,3109500,4523500,2172600,5856900,1347600,499300,578500,5400500,6348500,7069300,1730400,18420800,3073600,897800,706200,1343100,30338400,3609400,2890000,4102500,96705700,1067000,5018500,2677000,2639500,7055800,2273300,406200,1106100,17880100,1731700,13625200,23322300,3510800,19496600,1983200
2024-01-10,46792900,6609900,2492700.0,4672100,1569100,2135700,3053400,5035700,56951200,2210900,2088900,44421800,922000,17643000,2757800,12883700,34904000,3712500,510800,2448100,4853600,16532700,2048000,2471400,24717400,1151700,4491000,13003529,2115500,4445200,1801900,5128300,15174200,11833200,8490400,3223800,1003900,3334500,15091600,1492500,3076700,1735300,601000,574100,1665200,3128700,222300,1233000,5345800,37539200,8167500,1968700,4571320,8386600,4566000,16042600,21320200,1547300,5756600,4109300,2516904,2967800,1977000,31480200,4868400,4945100,9670200,793500,12258000,1170600,2679100,666100,2311300,8376000,2709300,2199700,5124000,4675800,22117200,241300,2391761,11082800,2327400,7129100,6929200,25514200,10748600,8100100,8683300,43424000,6784700,499300,5059500,1203300,533796000,6719400,7270500,10864200,4394900,37413300,8591100,456200,2354000,4837400,3619900,5652500,1440500,382300,689200,5706500,5847700,7990100,1824100,17704900,2563200,1675700,1002500,1302700,26893800,4653800,2026600,4502200,91628500,884300,4045200,2180000,2399200,4355800,2714400,519600,1192400,16354700,1881700,11849800,20121900,3341200,18206100,1325200
2024-01-11,49128400,4591500,2383500.0,5163900,1785800,2331800,3574600,5995600,62764600,2137100,2271600,49072700,1046200,25757000,3493300,11830500,48790600,4187500,735800,3577800,4995900,25444400,1941400,2771900,23338900,1226800,5186500,13557729,2151700,4212600,1670800,9012600,16458300,15508100,8612500,4629300,1190600,2440500,9642200,982300,3063500,1192600,847300,749600,2066900,2134000,195100,1366600,6882000,48692000,8279700,2020400,5014005,5862000,5727100,14628200,24008700,2209900,5973900,3530400,2059083,3778200,1723300,31707900,2230600,4946000,11919500,650600,13754200,1110500,2690300,784800,1864800,7742000,2320600,2047400,4206000,5221500,17205400,256100,3212217,9499100,2534100,5754400,9400700,27850800,10579300,10686000,8390100,79933000,9537700,544600,6153500,824000,596759000,6628800,6119000,9455300,4800700,46884700,6659400,449100,2787500,4467600,3540000,7374900,1329200,521300,703400,5860100,6483600,8294800,1341200,8783200,3407600,1554900,1328800,920100,59137500,4287900,1983100,3662000,105873600,1255500,5635600,2814100,3341800,5599000,2388100,640100,1593100,31289800,1505100,21049200,14355300,3825900,15833400,1589500
2024-01-12,40477800,4971400,2482000.0,3884800,2405900,1477000,4672800,4083700,48293100,1567900,1763400,40484200,1201600,26882000,3366300,11285500,74344300,4180000,880500,2623100,6386200,37908000,1955600,1944200,24801400,1344400,5562200,13596141,1810600,5549800,2388400,4847600,18785700,15458400,9386900,4734200,1221800,2795500,11919400,1631800,2791900,1132700,681000,1218800,1572100,3010800,283700,1011700,4096900,55030100,7622500,1604000,5640380,5884200,4299600,16651500,18785500,2223800,6783400,1956100,2577381,4958300,1555000,27587900,1456300,4496900,19436500,617400,13218000,849100,2067800,966500,1603900,4972000,1892400,1714800,3025700,4494000,19310000,230600,3490526,7703700,2473600,6823300,8303100,21661200,10187500,7796900,9096700,50037000,6680900,701200,4164500,774100,352994000,5892800,9703800,11246000,3546100,30373500,5684700,327400,2380600,3593200,2909900,6546600,1572800,559900,455200,5277300,5641200,8457700,1515300,12732800,3184000,1641900,842800,1646600,32658900,2958900,2013100,3394300,123043800,945800,4205000,6327300,3474500,4656100,3276300,711000,1183600,18774800,1937000,30454100,13629000,2753600,18041700,1726500
2024-01-16,65603000,4747700,5514800.0,5876000,2097500,2126100,6900500,6528000,112711400,1996300,2400000,41384600,1435200,26145000,4142900,35290000,58420800,4330000,895200,3046500,5780000,21209400,3140100,5121300,24477200,1144000,4252000,18334474,2588200,6677500,1626700,5858700,17015900,12435000,9380400,6915300,1292900,3267400,16780900,2537800,3527100,1166800,1078200,775600,2401700,3420200,323200,1538300,7465100,45207700,16524400,2805000,6314619,5139500,4101700,18287200,22670500,3926600,6656000,3669400,3713924,4869600,2289100,43720700,1494800,6923200,17206400,962200,11826900,1464700,2413600,814900,2594400,6847000,2398000,2859000,4335000,6040900,15306900,279000,3631534,10541900,3268000,6832300,20369000,27202300,13713500,11633100,11303300,46790000,10547900,734600,4675500,1534700,449580000,5809000,7547200,13323500,4576600,38826000,8120100,594400,4001200,3304500,3169400,7483000,1888600,761400,563400,9568200,7493400,12604100,1177800,14966000,3515000,1934700,1127800,1599800,39033400,5972000,1838900,4839800,115355000,1264900,6682800,3736700,5331400,6196400,3519400,637700,1787000,31039400,2243500,25209900,17032500,4354400,20235700,2316200
2024-01-17,47317400,4423100,3039700.0,4672000,1917100,2588300,4394900,6630600,104085000,2210400,2629300,34953400,1201300,18314000,2377600,20140100,48811300,4560000,617100,2550300,9442400,17393500,3789200,4237800,15919000,1356500,5357800,19813016,2571600,4864100,1786800,4706500,17370600,7922200,8167000,4891400,1466300,2225800,15735200,1782700,3272700,1340000,1192800,1111100,2894200,3282300,366500,2041800,7004100,52671300,11757200,1904200,5031171,5809500,4829300,15352800,20968600,2415100,6985400,2646100,2663428,4288600,1535700,33488000,1246100,5072100,11107500,741100,8982100,1369100,2124100,920800,2824000,9631000,2690400,2008200,6446500,4650700,12724800,254500,3156842,6334400,2691000,5591400,17198500,22234100,10245400,11543100,16109300,48946000,8226200,612100,3369000,1632700,474394000,6658200,7771500,9651200,4392300,33312600,6541400,635000,3912900,2753400,2437000,6584700,1653100,526700,575000,7669600,6672900,24688400,1562600,12992700,3775800,1591800,1041000,1466600,39261000,5530800,1966300,5598000,103164400,983600,4079000,3791300,3930000,5118700,2764600,553000,1407700,21377100,2005200,17445600,14827800,4019600,18384000,1678000
2024-01-18,78005800,5074300,5273000.0,5098000,2064100,2793600,6144800,8133700,131864900,2357000,2881000,37850200,1157300,32228000,3215200,20046800,35484400,5575000,506700,3007800,8712200,15788100,2479300,3975200,31558400,2249300,4027100,21123719,1947700,6150900,1900600,4752400,18487500,14358600,11187800,5408300,1125900,2867300,12203200,1542700,2453700,1450000,1034000,2246100,2426300,3378700,607000,1295300,6258100,71667200,10158600,1995300,6508082,6260500,3860600,22571800,25746400,1771200,6635600,2510700,2763481,3776900,2267300,46681300,2533100,5368500,9382300,1445300,10397700,1232200,3385000,780300,3121900,14863000,2075700,2221200,6735600,5121600,16354300,296700,2981748,7832800,2722100,10524700,15016400,23392100,15077700,9626500,10762700,40544000,8852400,875800,6491000,2470000,491650000,7117800,10362300,12283500,4709400,50321100,6526200,443400,4062900,3640800,2337300,12893000,2868000,513600,529100,6594800,7549500,11301800,1215500,13695800,3797300,1214600,1204100,1472700,35127800,4390100,1728200,4041000,108595400,1202800,6583700,7367000,3095800,6694300,2565600,469900,1339100,17112800,2284200,17901300,18190500,4447800,20940300,3832800
2024-01-19,68903000,5863000,4089100.0,6843100,2506500,3760100,4301600,9159000,140367900,2566500,1986400,51651600,2509600,53077000,3388900,14345400,49493600,5877500,681500,4063700,6584100,18211000,3116000,4177200,21539400,1760600,5147500,25187815,1604600,5702200,2267900,7413600,23015300,16165400,11192500,4233300,1223100,3258200,19790100,1791300,2965100,1294100,2739700,2008800,5133600,2838400,516200,1500400,9295200,61143300,13539600,2430500,6154611,6400700,3765900,17599000,34271900,2603300,8909000,3234600,3278066,6929100,3047200,55979800,2392500,7071300,13115700,1335000,14392600,2265900,3125000,866600,2851900,18628000,2400200,4250900,6381300,6427700,21670800,287600,3910322,7827500,2492700,7605600,14787400,29331100,18156800,12762600,10724300,56724000,8517200,1369200,6790000,1219500,543501000,9218000,11163800,9597300,6528600,35549300,7848100,650200,3559000,5893400,2880300,16193900,2394400,716500,604600,7509600,9565900,12711200,1673700,20328400,5003300,1550500,1172500,1905200,52563000,4138600,2124000,4332300,102260300,1503900,13345800,6143400,3097600,7226500,2964700,495800,2586400,20561700,1946600,25606900,19175400,3582400,20088400,2285100
2024-01-22,60133900,4864000,4482900.0,5062500,2302500,4488000,2971000,7176400,122973800,2599900,2185500,43687500,1501100,31222000,3145100,10760800,43903400,11410000,760500,3552500,6417800,21573200,2072200,2457900,54155000,1234300,6237700,19294241,1324500,5740200,2452900,6735900,20298700,13278400,9184600,4414000,1113600,2276200,15119400,2385200,2465500,1515100,1141400,1727100,2862900,2482900,408700,1727400,5031600,45479600,19429000,2300000,10052443,20378600,4328400,15127100,32200400,2922700,11147100,4003700,3808141,4926000,1904600,45639500,1813100,6824200,12837500,967600,14314300,2105400,2030200,1216800,2540800,13652000,2715500,3250200,4977900,5210200,17680500,216100,5879656,8186400,2661300,8786200,11626500,27016900,14371200,12979900,11795400,52123000,9897400,871200,8125000,1642900,452955000,45785700,7485300,8047500,5697400,41663900,11084100,384200,2280900,5201900,2307900,10456100,2197500,530600,562700,14052800,9421000,10041700,1169100,18491300,3670700,1611800,1025000,1868500,44093400,3974100,1818500,5253300,117952500,875500,6850700,5922900,2631600,5984300,2903000,722200,1411400,26039200,2170800,19372200,13938300,3858700,19955900,1890700
2024-01-23,42355600,5784700,3882100.0,5037300,1693100,2723500,3808500,5053600,76830500,1775400,2108900,37986000,1539800,16952000,2327600,9076900,30003400,5955000,718300,2896300,5119200,12962500,1866300,2410000,40097200,1032500,7078300,16764811,1573000,3969500,2208600,6573800,15044300,7168800,6767200,5496700,955000,1890200,11559400,1423600,2903000,1241600,1025800,1581200,1768200,2367700,263000,1959300,6110200,45465200,18432900,1633700,13333800,7837600,4433600,16822800,21636100,3313300,15096900,3878400,2157862,3983500,1543400,37224100,2393800,9149800,8360800,895700,14481600,1293900,2525000,3613500,2375900,8243000,2328600,1874000,5147300,6295100,15506100,223800,32544236,7957100,2601500,6501400,8555700,20525900,16850900,16081000,7507800,155060000,8208000,1083800,5723000,1479600,294654000,12145100,9185900,6337500,4932700,33466700,19101600,469900,3426400,4429300,2309600,6232300,2306400,568200,427300,19434800,10227100,5857400,1409500,11432900,5660300,1138600,816600,1366800,59713000,3387500,1116600,6194000,106605900,827000,9459400,2672900,3443000,5883000,2883200,856200,779800,49713700,2408400,16422100,12066600,4648400,15863400,1488000
2024-01-24,53631300,5422200,4857200.0,8710800,2250100,2999000,5085800,9729000,125516400,1954200,3308500,48547300,1768600,34805000,3052500,15119100,36403900,6522500,659700,4589300,11290500,14402200,2765900,3217400,35602600,1697300,5880900,20749736,1636100,5332000,1946500,7037800,19458500,17535800,8100000,5693400,1447800,2106300,10454900,1541800,3869800,1418800,795900,2378900,2467300,3527900,464600,1541900,7287600,59064600,27944600,2466500,10785198,7563000,3491500,15483400,25233500,2235800,14417400,3474400,3696418,9097800,2278600,49375800,4949700,7247900,9967100,1083500,16370500,1594800,2276900,1768900,3514800,19276000,2725700,3209700,6640400,6612800,15698500,201500,11202454,9232100,1851000,5859900,12480900,24867000,19752800,14471400,13515300,264328000,7879300,1194800,14085500,1379600,560271000,8218600,11702700,7615400,4984700,42720700,11592700,557200,3491500,5562100,2649200,8331900,1485800,390500,543600,12872300,7661400,5977600,1847000,10498000,6257700,1364600,892400,1420600,79217000,3438900,1842500,5743000,123369900,1050200,15100400,2918800,3187600,5021700,3140800,823000,1670900,27910400,1943000,17776000,22932900,6092700,17330600,1837700
2024-01-25,54822100,4465800,3677500.0,5648600,2227400,3806200,3183600,7234400,127171400,2005400,2510500,43638600,1936400,36356000,3472500,22112500,46204000,6952500,723800,4055800,6908100,15634000,4647100,3736100,40046700,2464100,7526400,31713481,2012200,5958700,2751900,4178000,18936600,27493900,9773600,3985700,1103500,3468300,8661600,2152400,2460800,1513700,788400,2233600,2344500,2962500,572200,1678400,12960400,49356700,15599800,1714500,6086573,8337400,3071100,21520300,29149100,2376300,11492100,3064200,2815045,29596200,2043500,84845100,1873300,5478900,8873500,1716800,14899700,1550900,2407900,1813900,2892100,31073000,2977800,3219600,6521500,5003800,15091100,196100,7322988,9566300,2912500,6689800,8792400,21021200,15892400,15702600,10949000,94519000,10063700,2293200,15638000,1624200,482777000,6945800,8877200,9611700,5373800,47605500,10352500,692600,2590400,7212600,3167700,7740900,1909200,394000,547000,10584600,11991500,5904400,3830800,11845300,3897800,1139000,1071000,1200700,54457900,4326700,1748100,7629700,198076800,1524300,7088200,14671000,4070000,6894900,5293300,655600,1230600,24613200,1790700,17979600,16369500,6470000,22089500,2530600
2024-01-26,44594000,4654300,11342600.0,5176600,1404800,2137800,2446800,6653700,107381200,2035800,1831100,51047400,873200,25818000,13555400,9911200,30839800,5240000,687900,3621400,5748400,14041200,2920500,2424900,39896600,1157600,8668700,21432189,1691400,4156000,1825500,4877400,13160300,11689200,9151900,4511800,884900,6343900,7812800,1917100,3554100,1800400,688600,1272400,2344500,2683800,411600,1138600,6182300,35837000,10135100,1755800,4696495,5481400,2821300,14190100,26115500,3464700,8835500,3177700,2042107,9895900,1497800,127665300,2144700,5591900,7443000,2195400,13025100,1146600,2410300,1260500,1912600,16751000,2725400,4210500,4710900,9517300,13163700,173600,4449359,7286200,3248400,8300300,6384400,17803300,14934500,11650000,9500000,127706000,9735800,1147600,8999500,1370600,390309000,5696200,5541800,7102800,4849000,47073800,8356600,444800,2333000,5935800,3389100,7744700,2857900,460500,385500,5987400,9229400,5108500,1721500,9172000,5987600,1010300,787600,907400,38567300,4163600,3172300,8882500,107343200,1123100,8800900,6212200,2818200,8586500,5286000,691600,944500,20367200,1293300,19211100,15746400,4038900,20817200,1840200
2024-01-29,47145600,4704100,5316300.0,6480600,1683100,3212200,2307200,5370700,89384500,2447600,2466000,45270400,1192400,21526000,4935500,7535400,30269300,5487500,622200,3797400,5560100,12158300,2101400,2416400,37138300,1219100,6426000,20554261,2393100,4705700,2215400,5762300,13492400,10291700,10494800,3338700,969400,3127700,13422200,2229600,3149000,1474600,1070700,1256000,2856400,2648500,524600,1464800,5454500,58249600,8875500,2612200,6126544,6586000,3226500,24054800,27784300,1632300,5857600,2732000,2330805,6107900,1934300,51790900,1603000,6483200,6971200,1060600,14547100,1400400,2718500,1903300,2194700,9904000,2314200,3899700,6610400,9821900,18742400,287500,4544800,8047400,3124000,9138200,7440300,24510200,12108100,10102800,13098200,69054000,8860800,857100,6653000,2203700,348733000,6329600,7014400,7175800,5713600,67082700,8987400,615800,2553900,6509100,3099600,10770700,2587200,530000,534600,8488700,12728100,5546800,1564200,10072600,4673800,1305400,1073600,1427300,38264800,3636500,2445900,6604100,125013100,1155400,6076600,4554100,5459700,6574500,3464000,696900,1004100,23905700,1580900,16725200,18240300,4798800,18317500,1669900
2024-01-30,55859400,3819600,3884000.0,4768400,1849500,2007400,2514100,5255300,122265700,2637000,2428100,45207400,2053700,20683000,4284600,13321200,60315700,4637500,936600,3090900,7257100,40086100,2150200,2471200,42567900,1079800,5659900,16726079,1453100,6206500,1610500,4810900,14322100,7220000,9902900,4144700,1098300,6158400,9139600,3044700,3201200,2251400,870000,1016200,2896500,2947200,689000,1828000,6400500,70213300,10859000,3961500,7871346,8102400,3020900,57982600,36331800,3897900,18937100,2336500,5990406,4575100,1646900,47958800,1375300,7200500,10822100,1036500,22061500,1647600,2006100,1016400,2742500,10696000,2663600,2524200,4283500,10329200,18614700,242700,3827798,7127200,5858700,7469500,6569300,33477600,12980400,7807700,7633200,61818000,7542800,2324800,5406000,3647800,410735000,8151000,8231900,8337500,4804200,86072400,7794700,806600,2764300,6120500,3664500,9132800,2317500,374700,759500,9073500,17625200,5641200,1367700,47358300,4578700,2234500,1098700,2006400,54946400,4112800,2301300,6502700,109982300,1280800,4897600,4931200,16983600,6549000,4304100,753300,3329900,20044600,2878000,14736800,15270000,3782900,19610900,1607500
2024-01-31,55467800,4993900,4126600.0,8325200,2320100,2666800,3642000,6049400,133157300,3456700,2454100,50284400,1941500,27400000,3495000,22409400,54716000,4660000,730800,3856400,13910800,28967800,2813000,2645400,37512800,2463500,6330600,19824433,2786200,5501400,1928500,4557300,29311800,8678700,10428000,6600700,1342400,5077100,9592300,2892100,3678500,4345500,1715100,1018600,4273000,3281900,540600,2300900,13440600,74558900,16275400,2990600,6253472,7637300,4579600,34203100,71910000,3421100,12417800,3377900,5967595,8876100,2406400,51584200,1802100,8256800,11521800,1081200,22837000,1782000,4719000,1120100,3429300,9969000,4740500,3476200,6713800,19236200,20180800,308600,8260533,12462700,4260400,10779000,8414700,47871100,11396700,11124900,12557200,48576000,11547600,3213800,6822000,3037400,453795000,12325100,7386700,8941900,5769200,81192100,8870000,1686100,4811300,7323000,8307900,21184200,3840800,601900,6466200,5560700,26751800,8916100,1910600,26286300,8371500,2292600,1820100,4931900,52968100,4967000,3589400,5427200,103221400,1078800,8665200,5358100,10906800,6139300,4273500,706500,2755200,23392300,2766500,20394400,26134800,13842700,22415300,2150000
2024-02-01,64885400,5584400,3416700.0,4520300,1500000,1687600,2762500,4082600,91576700,3883200,2700800,76542400,1517100,19411000,3028300,10679200,57084800,4912500,626600,2947100,10527000,21178700,3196300,2388200,41876600,2981900,6904600,19828274,1616800,5255200,2039200,3218300,20635700,10532300,8641100,4581900,1485600,2711700,8484800,2550600,2745900,2717200,1129800,997300,2724600,2569600,535500,3663800,5605700,81065800,10854300,2417100,6190572,7698000,3855500,21343000,40466500,2138500,7803800,2439100,8296065,4669400,2380800,38819900,1630100,8012000,9354800,890100,15870900,1893600,2494300,1175000,3265400,7633000,3292700,3380600,5489600,9887200,29727100,416200,3943571,19419200,3203700,11650700,8365000,30657700,10459000,8687600,11872700,31740000,7666700,2179400,4431500,2250100,369146000,6320800,7882200,11277700,4920800,53883000,7601100,1632700,3984000,5169300,5090500,22810600,7838000,520500,2080100,13827100,15001500,8942600,1503100,18539700,4554400,2139500,1078100,2004500,71660400,4608900,2163900,5104000,91843300,1105500,6542100,4242600,6774900,7065000,4695200,702700,1484600,19586500,4542600,27566100,20792700,5303200,19240700,1584200
2024-02-02,102551700,7870400,4252800.0,7575700,1590500,2542800,2947000,4740800,82134300,2585900,2914000,117218300,1934600,26689000,3393000,6275300,40416000,4940000,509900,3806800,10866000,19283100,4661500,3629900,32332100,3376600,6441000,26924785,1583700,4610200,2377400,3629600,20533100,10539900,12839100,3650000,1666900,2819500,9321300,2052600,2519400,2547400,1180000,1005200,2128600,2927300,457800,3172800,5819500,73130900,14120200,1999200,6103864,7588800,4384300,19818300,62499600,2180900,7243700,3697600,4581080,4055400,1810900,53683500,1773500,8295900,8607600,854300,17544900,2218600,3019200,973900,3304900,7629000,2050300,3971600,9615300,8314800,84707600,426900,4440030,10858900,2301100,10175600,7728600,28256700,10450000,14952900,17116100,40328000,8966900,1616400,4874000,2097100,476578000,7480300,6499400,8412400,5307700,51718500,7937700,1165200,4195000,5036000,3702200,10442700,5004300,752000,1710200,6067800,11366600,9803100,1526400,19020900,5652100,2028700,1552900,1159600,33248500,3973400,1327500,4164200,110612700,1120900,4922400,3804500,4343000,4848700,3639600,1036900,2181300,21548600,3900300,19329000,21670800,3901800,21973400,1177700
2024-02-05,69668800,6486700,3010900.0,5670000,1787300,2131200,2819400,5749100,76349200,3563300,2489100,55081300,7998200,22045000,3099300,8682500,43573000,5770000,501100,3651900,7197500,14040600,6557500,2965200,32575500,2305400,6627300,16568803,1422900,4520400,2276900,5274800,19602000,23864100,8277800,3683700,2164000,2644200,11679300,2042300,3142600,2616700,1769800,916900,2412800,2957200,372100,1990000,6336100,81026800,16202100,2624900,7158013,6690400,3259500,19722400,38505400,2231100,7251300,2653800,4914764,4379600,2405500,28890300,1575100,9121600,7820200,903000,12759600,3487800,7602400,1379600,2303700,8651000,2438800,7581900,7174600,8487700,40832400,437600,5354372,10440000,3430100,8027700,7788700,25352300,8409300,14293600,12077100,41431000,10097900,1656000,5402500,1508800,680078000,9135600,8084500,10196900,5142700,42633400,6931900,794100,3591800,4672000,2899800,8032600,3007500,703800,1234800,6764600,7335800,6953800,2267500,18305800,5015400,2333000,1247300,1539600,31496900,5466200,1473700,4311400,134294400,1530300,4190100,3646300,4536700,4899100,3462400,1064900,1920000,20466200,2726400,14202700,19145100,3177000,17190900,2112500
2024-02-06,43490800,7037400,3697600.0,4734600,4012000,3436200,3208300,4550100,68854100,5767400,1777000,42505500,4983100,25354000,3255300,7556900,27188000,6925000,666300,2573400,5522100,14832700,2825700,3061000,22660700,1857900,6564400,19902644,1313200,4777100,1920200,4207200,19265800,11651700,6198200,4070700,1740600,2443100,16455500,1789400,2171800,1480600,1444500,773600,2776000,3506400,499800,1919200,6444500,98636800,13060700,2625000,6026178,8121200,4652300,16280200,29128200,1487800,5298100,2045300,3969732,3337600,2901400,34068200,1694300,9229900,6764800,1027700,12775200,3227000,8187300,1065700,2147500,10546000,2201900,5927200,6298400,6191700,21655200,411000,4453186,9818800,2783000,6153000,7335500,18382600,12990300,10305400,9501600,28403000,11368600,587900,5487500,1264900,683111000,7198800,4637500,9081100,5182700,56958700,6185400,649100,3764300,5160100,3323300,7286300,2963800,460400,1765800,4718000,11531500,6171000,1517400,12807900,3471600,3199700,975700,1314400,25734200,4410700,1328100,4142300,122676000,925000,4139800,2745400,7566800,4400000,7278200,818000,4504000,17517600,2821200,13926600,14181300,2918500,13347900,2459300
2024-02-07,53439000,6409100,4214100.0,4757500,2531800,2313800,3087100,5103400,53665400,8411300,2254800,47174100,3469400,25768000,3272100,7747700,29660100,7120000,700600,3426800,6807900,13383300,3203000,2436800,27082300,1809800,5530400,33314408,1534700,6100700,2145500,3621400,16794400,14953200,6252000,4481000,1671500,2300700,28886300,1341600,2470800,1517600,1164900,852600,9072200,2986400,351000,1377600,6946600,137224000,9705200,2155500,5807655,12449800,3651200,19093800,25208900,1963200,7588000,3272200,3214618,4841200,2243800,34269200,1458800,8690300,7225500,857700,10259900,1985600,5798000,980700,3303000,8570000,2544300,3954700,5765800,6067800,23066000,399300,4521956,8046500,1952400,6742800,4952200,22340500,16374800,7761300,8250000,43736000,9447800,748100,4558500,1663700,495575000,4686700,7672900,8045000,5769700,36843000,7209300,529600,3907500,4694300,2607800,7361900,3007800,456400,1867800,4625200,9078000,6990500,1828500,11848000,4406200,1803100,1584000,823900,33871800,4641900,1451400,3686800,111535200,1406000,4627900,4109100,3985200,4785900,3014900,822400,1989800,21815600,2645100,15839600,17082600,2621200,13826800,2017800
2024-02-08,40962000,5709100,3508300.0,6980500,1679800,1815700,3293500,7327900,43385300,5946100,2001100,42316500,3243700,29326000,4136600,5787700,36852200,9412500,545500,3357700,6823600,15822200,1986100,3003400,25545000,1417000,4819100,47886533,1890700,7715500,1918500,4488400,19599000,12115600,9237000,4033900,1142000,1774400,60558400,1840200,5581100,1770500,767700,913300,5305900,3159600,403900,1581000,5935400,68653900,13849300,1847300,4327110,8815200,4001700,15864500,22563800,1913700,5445500,2521900,2669688,5161200,5492000,33206500,998700,9755000,6060300,733200,12874800,1488900,4636900,972200,1909700,8627000,2081300,4605000,6136900,4848800,18815100,374000,4741303,14659200,1789400,6308300,6218200,21225300,12524500,8143000,8156100,31755000,6330400,527800,4465000,1003900,414422000,4484400,4472800,7706500,9269700,29048400,6121600,478900,3261000,9260300,4018700,9448700,3149600,487600,2029000,6197500,9888100,5689100,1260000,12157800,3811100,1226900,3790200,1445700,66974900,6246100,1549300,4052200,83034000,3063100,3487700,3343000,3316400,5833400,2673500,882000,1407400,19523500,2161900,10839200,14427900,2570900,19636900,1520900
2024-02-09,45155200,3502700,5006800.0,5947500,1482600,2091400,2710300,9539900,56375700,3341100,1903900,56986000,2381700,26293000,4785100,4349700,36176000,9972500,536600,2509800,7161800,13843300,2823000,2641000,45686600,1508300,4533000,29201763,1712100,5974000,1426100,4376300,24076900,9000500,9194500,3145000,1426300,2538300,21509100,1223300,4642800,2061500,997400,800900,3497200,2607400,394200,1557600,6520400,47649600,15822200,1786300,4324604,10718300,4260400,13066000,26829500,2028200,4668400,2389900,3911164,5064600,4066600,51193000,1233900,6529200,6296700,1246400,15235300,1351500,2833900,1038600,1359100,18363000,2155400,3323000,4905700,7424900,18413100,320100,4388244,8420600,2185900,7891200,5664500,22032800,12161500,8003500,10676900,30557000,5449000,906700,4547500,1198700,436637000,6516500,5787100,8114600,12731700,29062700,5978000,565300,2870400,4966300,2889100,11981500,4447200,613800,1503800,5948100,9385600,7562800,912500,8258300,3792800,2222400,1863700,1402300,44427100,3488200,1280800,4475500,84476300,6604100,3919500,2715400,2825900,4618300,3795000,1050200,1169500,18479400,2124100,16594000,14329800,2732700,20410500,2234100
2024-02-12,41781900,3477100,7909500.0,4232100,1325000,2317200,2507000,7085400,58177100,3298500,1589700,51050400,1946400,24778000,4041400,4077400,34160400,6182500,499300,2817900,4659200,17162300,2483600,1860600,28026400,1021100,4746500,23118476,1412700,5802000,1572600,3750000,19046300,11201500,6713000,3600900,1698100,2284800,13424000,2127400,3925900,2465800,1046800,703100,3904300,3786900,434400,1331700,7862500,54036500,12932600,1773200,4516313,7605800,3399100,18113100,21564100,2797200,8691200,3119700,3000402,4724000,2099300,51107300,1569900,6701500,8539300,1233200,13516800,1272100,2932300,1007200,3258400,12542000,1794500,2392300,5507100,5776400,19382000,595300,4893673,7995200,2772200,5257400,7888000,21202900,10366000,9622000,9856400,36085000,7501900,723400,6206000,1171800,613710000,5069600,5439600,8878200,7867500,30323700,5482000,575500,2523800,4022300,3753800,11806300,3140800,604200,1330200,5483500,9224400,6692400,991600,13460800,4782800,1554500,1817000,845000,31151200,4062500,1073000,3261900,95498600,3436500,3853000,3194000,3253700,3676200,2825000,910400,1368200,15060500,1916300,14101900,14795100,2691100,18173100,2469000
2024-02-13,56529500,5480400,11801700.0,4263400,1696900,2985200,7370200,9692500,63071300,3610100,3512500,56345100,2769700,31907000,3381700,8263600,43801500,6602500,637400,3458500,6911500,17672100,2923200,2992100,26733700,1140800,4469900,26194317,2502000,6321100,1951100,4956600,23633700,8859800,6987100,4106700,1765200,2189400,14594500,1995100,3428000,2250700,3193200,1064800,5069100,3933600,448700,2512400,9168800,67907700,14272300,2513600,9054930,8560100,3866000,18979000,27837700,3030800,7038000,3106500,4702458,4290500,3024700,36622200,1705300,8621000,8397600,1499400,24195700,1313300,2860300,1089300,3388600,12595000,2407700,2756100,7910500,8809200,20916600,644100,5496338,7140200,2366900,7273400,11339400,27824900,21207900,12759700,14169900,35115000,6180500,1020200,8929500,1530700,602580000,9692900,8171700,10324700,7302000,37927500,6046800,801200,4759100,5935300,3226300,8976300,3045600,523800,1451200,6039600,8138500,8998800,975000,11578800,5357500,1567200,1888800,1548100,29734600,4190200,1268000,4783600,86759500,2385100,5357900,3436000,3706000,5493800,2730300,859600,1163900,14483600,2552600,13660100,18574200,3253400,18917400,4139800
2024-02-14,54630500,4348500,16021800.0,3991100,2114600,1615100,3365100,8437900,57402500,2617300,1818100,42815500,2117100,27306000,2770800,6503000,27833900,6342500,420900,2669200,5498100,14891900,1887100,2313500,25927100,1198400,6611200,26281064,3413600,7248400,1472500,3850700,31176400,9769200,5995100,3570300,2409000,2838100,11405500,1645700,3062300,2499100,1966100,649200,5078100,2568000,574600,1430900,6822200,52978800,9269200,1454000,13116028,7487700,4176900,13278500,22704200,2041300,6578700,2998900,2244227,3173400,2125500,36186200,1147600,9098800,7056700,1175000,15872500,1345200,3394300,2503800,2002100,11849000,2202700,2139300,8419500,7769400,16858400,483800,6024132,6044000,2509900,6622400,5973700,20401200,12870900,8831300,9943400,56342000,5743300,1002200,3870500,1357900,504917000,5923100,5946100,12516600,5731900,25270200,5727300,688500,4294100,5534900,3086700,8715100,2598600,373500,1039100,6677900,5510600,6324900,945700,9389200,4146900,1454000,1621300,1904500,26468100,4765700,1297000,3782500,81203000,1547000,4528000,1918500,3831400,4218400,4085300,1024800,1133100,12443200,5693800,12683400,18484500,3965900,17651300,2726800
2024-02-15,65434500,5276200,11923000.0,5450700,2358800,3677400,6648500,8622900,51126400,2902000,2411900,49855200,2429400,21873000,2644500,5309100,41683100,7437500,508200,3076000,5718500,16865000,2362900,2273700,26700100,1572300,5268900,22290697,1828500,9421900,1264100,3986500,42766500,13529900,8950300,4361900,4933800,2360900,9961900,3125900,2951900,1849500,1988700,690600,3104800,3082400,768800,1398000,5052500,57811800,10171000,1520400,8627532,5482900,3097500,15688600,37590700,2218900,9206700,2662800,2118074,4714300,2020300,44024500,1053100,7462500,8723400,1025400,13695800,1721600,2507000,1136700,1925100,8529000,2354100,2401400,8322600,5890400,24212300,430500,4559391,7833500,2095000,5756700,7993500,21825500,11527600,9880000,11095200,52209000,7201300,974700,5283000,1194000,420122000,5127100,8455600,21966000,4451400,36111600,6249200,644900,3409200,8765600,2810900,9372400,2223300,334300,1466500,5267200,8878000,8268300,977400,9901900,10332900,1474900,1378100,1516100,25926700,4802900,1519000,3363600,120831800,1283000,3725300,2292100,3855400,4834800,2729900,1187500,1474000,12081400,3125100,46473600,16948800,3571400,23196300,2725600
2024-02-16,49752500,6689900,6520100.0,7161100,2410200,10328400,6292700,15557900,53940300,3596800,2127500,48107700,1694100,21268000,2831300,5986500,33290700,5240000,393700,3532200,7300300,11527500,2513200,2949700,24237600,1282600,4805600,24091580,1441300,6967800,1764900,4159400,24912300,8242900,7570200,6185200,2274300,2152200,8782200,6572700,4120800,3311100,1975700,620100,3167400,4150900,842100,1650900,7831000,43228600,12614300,2112800,8616756,12823200,5854900,12396700,31468900,2376800,7266700,3899600,2473191,4842800,2084200,29975300,1272000,8541000,8152600,1060400,13947100,1460800,5009400,806000,2388400,13280000,2237200,2837500,4055600,7077700,23324600,648600,5345522,7323200,1964300,6266800,9673900,22296500,15553100,9943500,9469100,43257000,14590100,1016300,5708500,1908000,495327000,5678200,8936000,13472000,5246000,35935300,6617600,703100,3421200,4382500,2690100,8429100,2080000,367400,1152700,4949800,5737500,6057200,1699200,6365400,8509100,1792800,1813400,1343100,28848800,4470000,1028200,4594300,111346700,1499700,3167600,2135500,5442400,6630700,3002100,2202400,1190400,12645500,3102200,24359700,22373400,2476100,20151400,1953700
2024-02-20,53665600,5484100,5229700.0,9601100,1631000,6567600,4043200,11216100,66550000,3402000,2241000,41980300,1927100,26329000,3341700,5248400,30372900,6372500,582200,3530700,7580300,16537900,2701600,4592600,24917100,1624900,5404600,22252178,1273800,6458300,2407300,4295500,26402500,6924000,6977900,4807900,1973600,1982800,9770900,3411400,2590700,2128100,1188500,611200,2517500,3674600,568000,1263600,6695100,44591000,10516300,1671600,7166032,7874200,5978400,16971300,25144700,2358900,7906400,4830000,2929527,4247200,2501500,61514100,1483400,9501700,9668000,1262800,18339300,1869200,4701100,1363900,2580100,10890000,5044200,2264000,5653900,7733400,18015500,339700,5174614,8768000,2896200,6952800,6626400,24307900,12627200,13014600,9491000,31242000,8759500,1367700,7427500,1421600,704833000,6095700,10975600,16896800,6117900,34232000,6622100,685800,2995200,4448000,3483200,8745500,2265000,417700,1833400,6023700,8844500,5357500,998200,10236400,6385800,1221900,2424700,1161900,29103900,5591600,989300,4066700,104545800,2076500,5406200,2600200,4254900,6157200,4060500,1115300,1056500,12069500,3622600,19839100,71788500,2895100,17650000,2502800
2024-02-21,41371400,3818500,4561400.0,6144600,1757700,4486600,4162600,6977500,48365700,1934300,1863200,44420100,1582300,20579000,2599400,4171600,37847100,5620000,419100,2717600,6759800,9317200,1779700,3170500,18529500,1396200,3369000,22036111,1681800,6925500,1564200,3797200,15981300,18722700,6628900,4778100,1364300,1545400,10427500,3219300,2781500,1539100,1176700,647600,2138700,3111600,448700,1314700,12104100,41835800,11343900,1496000,5302571,6233300,3738600,15977200,23223300,1772500,6190800,3277800,2089640,4723700,2585300,57485200,1215800,7472500,7024000,745400,14373000,1230900,3541800,969600,1700000,7123000,2895800,2076400,5335500,7316400,12921800,334300,4061855,6623700,2544000,4849200,6444000,18518900,9913300,9322100,13376400,22706000,8888100,1284300,4376000,885400,673755000,6522900,7865300,10308100,4192600,27348300,7121000,473400,2436400,4171900,2403100,9760300,1578300,300500,970000,13186100,8284600,5184900,1097000,9693000,4256500,1038300,979400,1177600,22644500,5690400,786500,3928000,103500300,1491800,4530000,2095900,3017100,4770100,3130200,650100,916700,16268200,3004700,18562500,40501500,3579100,20991300,3178900
2024-02-22,52292200,4852300,6115000.0,4916100,1614600,5023400,4129900,10225900,100684700,2992700,2149700,55392400,2181200,40819000,3027800,6513500,42756900,11850000,549600,3687600,4872300,12904800,1875800,3478100,39773500,1373900,4114700,20587765,1844100,5104900,1801600,5264300,22020300,5698600,8874900,7675500,2197900,1826000,9266200,3440200,4131500,1673100,1039400,815900,2362600,4753400,516200,2496300,7518300,36980500,9548500,1344900,5753024,7323600,3113500,11458100,27191900,2326800,6449600,3387500,3856735,5078400,2839900,62809300,1540700,8065000,9296500,1077800,12982800,1386900,3167400,1236900,2115700,12639000,2572800,3146600,7121800,7953300,21625800,286000,5083837,8211000,2561300,6517400,6782100,27009900,17510900,10426000,30588400,35266000,6705500,1801300,10731000,1259300,865100000,5764000,8957800,9369300,7539200,31957500,6619500,602400,2946900,4161700,2633700,11407500,6059800,614700,1054800,7600000,8124700,6084300,1020700,8047900,3530400,1658300,1328000,1326900,59974500,5463200,1139600,4394800,92739500,1397200,5041200,3186800,3027500,5100200,3467800,717000,1091800,22068900,2609100,20467900,29512800,3251200,20470700,3339700
2024-02-23,45119700,3941800,4851100.0,4261300,1614500,4546500,2765900,5108100,69207400,2462400,1458600,59715200,1795400,23115000,2617000,7433400,30586000,23962500,492500,4015600,4599900,11668900,1575000,1709200,26825200,998800,3161500,15654597,2050900,5206200,1265800,4416800,13141900,4337200,6561600,11570900,1704300,1351200,11724000,2086400,2494500,1380000,1435900,598100,1819800,6200500,309700,1230700,4552300,32152100,10291600,1128800,7066168,5573500,2248900,15194400,19493800,2247400,6489900,3398200,2599662,3433800,2174000,33810700,1000300,6726000,7105800,597900,13612900,1164900,2394800,842200,2112600,6868000,1764100,2199000,3925500,6732600,18374300,344600,3774217,6808600,1929200,5177400,5810100,16295900,10232800,10563900,21714400,25689000,6947300,574600,6486000,1095600,829388000,5181800,7504500,7789900,6409800,33182600,5486500,547900,2131800,3981300,2189700,5953300,2583800,439600,792000,5810000,6845200,4196900,1387800,7420700,3222200,854900,871200,691500,32270900,4581400,970000,3910500,78841900,1466900,3479100,2502000,2414200,5107700,2520800,786800,749700,15228600,2007200,20863500,74365800,2415400,15975900,2391100
2024-02-26,40867400,4327400,5277900.0,3483100,1455000,4251200,4705300,6466600,45435100,2448900,3310700,44368600,1657100,16282000,2684500,4807200,31129200,10830000,577800,7432300,4368700,12307100,1650000,2898800,25467300,2311200,2831700,22527678,1827700,5751200,1707000,8719300,13018700,5296400,6900800,7000100,1592500,2506300,8694200,2033900,3797700,1984800,1378400,831000,2393700,4035300,380300,1960300,6997400,40241300,10433100,1294700,7705449,5177900,3641500,16610200,53641800,1797800,5076500,2461000,2152345,4620800,2446600,27035400,1024500,5465400,7145400,649800,10336100,1286000,2243800,980600,2928000,6091000,2066900,2595300,3011300,7264100,12101400,258500,3914388,8093100,2736000,5158400,5608100,16193500,28920100,12753800,23497000,23937000,5831500,618600,5604000,1298100,503973000,5120200,6342900,8510000,3837000,45685500,4531900,483100,2000500,3941500,2584700,6307600,2612800,541200,765600,5293500,7043800,5377300,1532200,5793800,4060000,1108900,1135400,1224100,26815900,4688600,758600,3907600,111747100,1340500,5251300,2308900,3052900,3856900,3350600,855800,788000,25108400,2270000,18099900,32154800,2418900,13360800,2098500
2024-02-27,54318900,3888500,4623700.0,3203300,1083200,3247600,7562500,5167100,43665200,3353700,4672100,31141700,2338100,12126000,2428100,3932900,40536300,9822500,555900,4609100,4021000,11039300,1640900,3389200,56116000,1697100,2638800,14024541,1593000,5060000,1471300,6178800,12515400,5245100,15093800,6555300,1559700,2265200,7595000,1495900,2962200,2319700,1275700,930300,2235600,4337100,363200,1678200,6158500,36508800,6760200,1029900,7300354,6090400,3119900,11507700,33099200,1724900,5954600,2802900,2601360,3641400,2023600,25126400,1042900,5078600,5717100,717400,9931100,1086300,2716700,887000,5076700,6303000,2011100,2811200,4485800,8864100,10809600,358600,2736807,4876300,2046200,4780200,8066700,14835800,21422700,12421800,13232800,44894000,5317400,421100,7070000,1234000,391705000,5966900,6593100,7051800,3567600,38598400,3868200,389200,2976900,4503900,2106200,6021400,3468200,464200,785800,4853900,5356100,5484200,1434000,8009200,4146900,1250900,1493600,903900,28350800,5436200,901000,3403800,108645400,2173100,2886600,3780600,2382200,4145200,3047800,727400,917400,17074100,2707400,19548200,18012700,5752600,16360000,1982500
2024-02-28,48953900,4331300,4329100.0,3383800,1264200,2313200,6342100,6207900,35914400,3027000,4059100,28180500,1793600,10967000,2599200,9654700,39548600,8490000,513000,4067400,4740500,13448100,1471000,2787900,28772600,1981200,2936800,14079705,1084800,4578900,1365000,12490800,14635100,6782700,6715900,7247500,1675600,1945000,10773000,2446900,3255400,1584600,1166300,1083200,2190000,3162400,437200,1278900,5618800,51447900,10166200,1442600,7633025,4245600,2554100,15697500,37328600,2572900,5557900,2282500,2826610,3216300,1646300,26928500,902800,6071100,6131600,622600,8076500,1562400,2716300,1029300,3288600,6150000,1931900,2507300,4955300,4628000,12715500,494000,3543030,5540700,2605000,5697200,5624100,13183100,14190700,13240400,12681600,26052000,4219800,535600,6333500,963300,393110000,7631100,5278300,7838200,5275300,31010200,3802900,433600,2478800,3431700,2594700,5211000,1957500,486000,1227400,5626100,5622400,5126700,1340300,6991600,5211700,1613300,1222200,1289400,33531100,7555500,1021400,3354000,99806200,1589000,2933000,9558600,2258700,4358800,3895200,1066800,786600,12437000,3651000,20045200,14803300,6761900,14810500,2003300
2024-02-29,136682600,7485700,8002300.0,6135200,3329500,3844400,10228500,9449600,105538500,5863400,4676900,53805400,1726300,27536000,5186500,6670300,43863400,12022500,758800,4845200,9710700,23744600,2699800,4368400,34166800,2185000,7900500,30629836,2302500,6624000,3361200,21737800,22962500,14536300,9334400,9703600,2491200,3466700,11658300,4098000,5245500,3482300,1731600,1646000,5067700,4341300,704000,2534300,11354100,43098500,16037500,2789200,8177329,8583200,4187500,18005200,42133000,3139100,9270300,4382800,3646975,6458500,2873200,48875100,2134800,9849100,9643000,998900,18152700,3684200,3905400,1503100,3107400,13084000,3072500,3601700,6229100,9569500,17732000,854100,6169446,8394700,4548200,11246100,7657100,31947300,17027000,19993600,18472200,35721000,10811600,927200,7431000,1998500,507289000,6753300,12193900,7574400,8489400,54643200,8348100,851800,5131300,5735600,3370200,8321400,2845000,792200,1155300,5874800,11221100,8522900,1852500,12542800,8578100,3365300,2070200,2283300,46155200,10568000,1794200,5128400,85907000,2297300,7267200,6833200,3338600,6633700,4222500,1113600,1849200,20486500,8932800,28335600,29245100,22782200,17566100,2849200
2024-03-01,73563100,4028700,5367300.0,3899400,2110500,2968100,9446200,7647400,103820800,3772700,3473500,31981200,1292400,44488000,2342800,11609500,38432300,8710000,431300,3282100,5664200,12922400,1815500,2603400,22562800,1473100,2402000,16022179,1775900,5094300,1678100,9450200,18508100,8495700,7459100,13834300,1967100,1908700,7242400,2290700,3367600,1782500,1015100,1443900,3356800,2998400,497000,2314600,4949000,48761400,10343200,1682600,8698201,5401200,3382500,13079600,31151100,1697700,5703500,2750900,2955309,4018400,1423700,41426100,2193900,5670100,6311800,1124900,10927600,1656100,4247500,1059000,2712300,11111000,1748300,3028900,5963100,5652800,16273600,654300,4064128,9135200,2762900,6023400,5523700,17823400,23446200,15398200,17018700,42703000,7349300,1272600,4563000,1420100,479135000,8952600,7605100,7662000,6109900,46392100,4819800,513600,2786500,5093300,2063600,10405700,2622400,370500,880800,13566500,7995400,7875300,1596200,8507700,4748200,1240500,1484400,1400400,27552700,7110400,1466000,3298400,82243100,2341400,5233700,7315000,2936200,3955700,2003800,712300,1102200,12130900,2556900,17761000,19030900,19038400,18460100,3724300
2024-03-04,81510100,4723600,4403200.0,3164000,1642900,2556400,4358300,7089800,86835300,2470300,2851800,37381500,1861700,34854000,2625300,7213900,49136400,6770000,858900,4179400,7853500,14314700,1551000,2371200,26876000,1294100,3968300,21399325,955300,5877200,2133400,9350000,25214500,13748500,12503200,9867900,1335000,2888700,11558900,2098500,3724600,2705000,898400,1029800,3703200,5192400,578700,1943500,5248600,81871700,9192600,1594600,8402242,5749900,2996900,14703100,55999400,1955100,5974300,2619000,2279983,7938300,1859000,59990800,1943700,8532900,7063600,751400,10150200,2291800,3855600,1271900,2321500,9016000,3212400,2832000,4730000,7258200,12324100,1051200,6678703,28577600,3154600,12706200,19876000,17596000,20913200,11674600,28767800,30203000,11050900,692700,4933500,1306500,615616000,5170600,6588100,6359300,4303700,86777700,3841600,399100,3316200,4670600,3479200,11865100,1973200,455600,1497600,6926100,7321000,5805100,1146100,7684100,4285900,1440800,2056800,714100,32690500,5319400,1547700,3531400,134334900,2803600,4401600,5239800,4562200,5920300,4296400,885900,1121500,18753900,2521500,19483500,16033300,10184200,18138000,3757200
2024-03-05,95132400,5309800,4714300.0,3502300,1539400,4286800,4356500,6100200,65407100,3064000,2469900,37228300,2566600,36040000,2672300,5034700,47591600,7187500,497600,4711700,7039200,19653900,2030000,2375900,26446500,1468200,3719400,28526032,939700,6247000,2353400,9015300,18101300,14982800,6985500,7625000,1710000,2277800,14929600,1719300,3679300,2750200,1069600,829000,3465000,4264900,449700,2263300,9773800,47896200,13885400,1381000,8003663,6280400,4031600,18913500,40194800,2697800,4846700,3011600,2686664,5653600,2483700,56655100,1610500,8298200,6617800,1107300,12310000,4102900,3168700,1038000,2514600,13083000,2015100,2969600,4916200,8569500,15325300,1040800,5251636,12606000,2777800,8277800,13883600,26919200,12887500,16026100,16332900,38496000,8670600,1450500,9787500,1348000,520639000,5979500,8242000,6543000,6631300,73646100,4481600,679600,2328800,4067700,2886800,9608800,2025800,397500,667000,6747600,7137300,6170200,1277800,6684300,4542800,1696200,1456200,840000,43337900,5982700,1973300,9049500,119660800,2910300,6215600,5296200,3614400,6227900,2678100,1026000,1124100,20640100,2457200,21786100,19676900,12549200,19952700,2508500
2024-03-06,68587700,6047100,5167900.0,3388700,1451200,3209800,4095800,5642400,86687000,2240200,1865400,32090900,2325400,43196000,2727900,4736600,49149700,5912500,538000,3839100,6400900,17845000,1542300,2117900,21260400,2449800,3522700,17705371,1139500,4888700,2400600,8270000,20903600,8839800,14692100,8225400,1068700,3733100,14743900,2287500,4229900,2232100,862800,1104300,2561600,3762700,302100,1723900,5743400,48834500,11704200,1649900,8198755,6170300,4287200,15511200,35318600,2692400,7840600,2496300,2878917,6945800,2030500,52652000,1203200,5773700,7572900,1063700,12378800,2599800,2518600,775300,2367600,14329000,1917100,2348000,8080700,5228900,11757900,722700,3591349,25872700,2483800,8251400,25614600,22344100,14232400,11074900,13627000,24696000,10045300,546100,6735000,1038200,582520000,4927400,6706400,7919100,5302500,84919500,5405700,901100,2245500,5166300,3210200,12230500,1702300,366800,779100,5563800,4826900,6624700,1097600,7861000,4629200,1863300,1529800,892300,35356700,6421400,1886800,5924100,107920900,1210200,6312700,5577500,3471200,4535200,2885900,743300,1222300,16331100,1809300,25418600,12698700,14401900,20472800,5028500
2024-03-07,71765100,6125200,3810300.0,4200800,1564300,2660500,3554400,6363100,63869000,4066300,2085800,34063300,1993000,62832000,2974100,5965300,35900700,6767500,384700,4181300,5283000,14720300,1732500,2145100,26335600,2072700,3215800,18899131,1812600,5097300,4187900,6788900,21224700,6711800,8739300,9605600,1844600,2857200,8609300,1577800,2610600,3342300,879400,1120200,2033800,3482100,347200,1869100,5659300,38971000,12895700,1536600,14393838,9902800,3963800,15428000,37738200,2033100,6568000,2368500,2596798,4604500,2403100,50378200,1797500,5188700,7618300,1059100,13686900,2514000,3977400,1085800,1792900,10974000,2178100,2237700,8868400,8339400,18586400,554800,3751613,9760300,2726800,8982200,9145700,18718500,24843300,10227300,10845300,27428000,8133900,796300,7934500,945400,608119000,4875600,7670100,7403300,5801600,46423800,4783900,573500,2080400,2839500,2947200,14495100,2351300,380500,556900,6778500,8792400,5326200,1581400,8501400,4896000,1878700,1189000,804100,27325100,6760100,1819500,5953800,102129000,1415100,5980400,5102000,3514800,5668500,3613700,643400,923300,17100600,2102400,18116300,16195300,17186900,15195400,3839300
2024-03-08,76267000,6195600,4105700.0,3357400,1641100,2833200,4567800,6940800,120815200,2251100,2156000,37893200,1726700,74025000,2242800,9010200,42769900,7635000,396200,3410600,6257600,13028000,2307400,3379100,44025100,1485400,2929400,19213789,1274300,5227600,8590200,4851600,19316200,6082900,7528400,4393400,1064700,1786000,10009200,2253800,2266700,1645700,860200,1055800,1655800,3141400,408700,1894400,6904700,54723800,7670800,1117000,21242234,9519000,4421200,12923900,39370400,1657200,5601800,2162900,2269903,3943100,1316000,54916600,1738000,5284000,6172200,1121900,13239000,2469200,4054900,763200,1502900,13313000,1596900,2482300,8088400,7227600,18597100,797900,4925846,9417500,2513000,9822700,9689300,18002200,22379000,12735600,13746200,27772000,9043500,475600,5134500,1210600,1142269000,4968000,8312900,5288300,6065300,45906600,5080200,522500,2942200,3549600,2398500,11318000,2451600,354400,640300,5727600,7673300,9029600,1297500,7026500,3705200,1044600,1138700,871200,30812900,5372600,1600300,4444700,85544600,1385400,5632600,4673600,3448900,3928800,2085700,926200,814800,17807900,3137900,17872500,12143600,8848600,16281500,6518000
2024-03-11,60139500,5134800,3149600.0,3886000,2220000,2857800,5094100,6566600,73098600,1851000,2006300,28484800,1452000,31105000,2808200,14160600,34131500,5887500,428600,2431700,7995800,9176900,1868000,1749100,24125300,1326500,3423400,27018681,1129700,5899300,3762500,4895500,17715100,6267800,7577100,4644000,855700,1360800,8794300,2166800,1966900,2547600,1422900,940700,1892200,3784200,359100,1656600,5064000,35135400,9599800,1475000,9338609,7394900,3350700,11659100,32437800,1654200,6561200,2833700,2592235,4725100,2380900,35051000,1602300,4620800,5762600,1037600,14114300,4251500,3968900,951000,2058900,13267000,1774500,2893300,6657200,5065300,20428300,452100,4206571,10663800,2467300,7769300,4737200,16120800,15673300,9681500,20370400,25009000,8537400,552500,4560500,1169900,678364000,4753800,20438300,6760600,5404800,52600100,5170900,593200,2068900,4291400,3230900,7256300,2011300,355600,1259500,7273200,6702300,8456500,992700,10392700,3490900,1237500,987300,1119900,29541600,4185200,1380400,4138100,85391500,2151400,4207300,4410100,3266000,4614000,2795400,975200,1263500,12344600,2170500,16622000,14154000,9838100,17577300,3383500
2024-03-12,59825400,5391100,3945900.0,3079700,1793700,3469200,2893600,7211300,68951700,1738700,1746100,36610600,1632600,42789000,2067700,18714800,29260400,4710000,438600,2616700,6462500,10954000,1645900,1597400,22403600,1313500,4251800,20077846,1388600,5653000,3727400,4832000,17590400,4637900,6432900,4942700,1140800,2221800,8085000,1676800,2878100,1633000,1934500,689600,1755400,4069300,383000,2063200,11600300,31245200,8841400,1912300,6928589,7056300,3080400,19442500,27563400,1703900,6193800,2843800,3118067,5880100,1893300,31795800,1446500,8018700,5708400,875600,12684600,3259400,2701700,825100,2095300,13512000,1853900,2233100,5954800,5862300,15448200,312600,16737302,13814500,2744100,11621800,5110900,22457000,14993700,9634400,14192200,28216000,7040900,1213600,7651500,1073400,668075000,6964600,48536100,7124900,6158500,48758200,4229100,510800,1729200,4899800,2367700,7642200,2493500,359000,974800,9439800,9444900,9497900,1305100,6986100,3255400,2038100,1005600,737000,38700600,4130900,1146300,3800300,87391700,1757900,5802600,4153800,3879500,7988700,2976300,577700,888800,12452700,1743600,23622800,16613100,8809700,14957200,2598400
2024-03-13,52488700,5987900,7502800.0,3421700,1635800,3466000,2997600,5050300,70526900,1641000,1690400,30772600,1144500,37838000,2693100,10196100,38289600,5815000,510800,3584600,9236100,12982800,1818800,1881000,32798700,1584200,3193100,15441624,936900,7685400,2270300,5548800,16669900,5155700,8065600,7598800,1250700,2249300,7267900,1904700,3519200,2809400,825700,924600,1801900,2941800,810500,1891100,8789100,50595300,26393300,1492300,8462887,6003000,4530200,19081300,23347200,2370600,13037200,3761200,2692394,3993300,2298700,53195900,1448000,6260000,7795500,1155300,13909500,3240000,2357500,987100,2238000,10080000,2103900,5441300,5223100,6781100,12090700,295100,12935338,7082400,3510300,9186000,10345800,17115900,16732600,17495300,15764600,21921000,7326400,698500,6127000,1825500,635713000,7512600,15870300,8672400,4585800,39273000,5410500,514400,3061400,5269600,4028600,8730500,3621400,386200,825700,8664500,8254500,8202500,1835200,8861000,5086200,1161800,750100,1105200,32339800,3919000,1035200,4441400,106524500,1371000,5199500,3669000,4244800,5783800,4772100,618100,764500,13751800,2334200,17444900,15935200,5420000,17122200,5947400
2024-03-14,72913500,6999400,5078100.0,4952200,1706700,5908100,3828700,4934900,84490500,2370500,2010400,43705800,1416100,38029000,2417900,10016200,40178100,8697500,859000,3734700,7327600,18833600,2110200,2736900,23985100,1527700,4895500,26745209,1556100,7800800,1826100,4828800,17239400,7849100,9047200,7035300,1436300,2635500,10520500,1917200,3540900,2353200,1030700,1062900,2883300,2970100,691000,2236400,9924900,52619900,16004500,1333900,9460777,8399300,4996100,18012900,42753400,3029500,10038100,3877500,4072118,4109600,2359300,38100000,1413000,6988300,10310900,934100,13996600,3551300,2647500,1153600,2492700,9964000,2757700,4659300,5431000,7898500,12620000,411900,8282539,22465800,3005100,10132500,9235300,34157300,16718900,16996100,18926700,31205000,8350900,669900,4430500,1487500,602318000,9746700,10965900,7433700,5155300,36428000,5848100,612400,3076000,6604200,3637300,8151000,2406000,507300,970300,12161400,8544800,11673800,1417100,9387200,4212500,1549900,1296000,961200,37237700,5858300,1758000,3967400,126325700,1526900,5028200,3378500,4101600,5484500,3561400,1003000,1031200,17475400,2517100,24851100,16584700,11860000,22121000,6432600
2024-03-15,121752700,20957800,7153800.0,22415700,3865400,19580800,6055700,9936400,95289500,8795800,3346800,72147400,2369600,88823000,5267900,10800700,69646400,19277500,1576700,7548800,8850800,26164300,4406000,3214800,24012900,3818800,6631000,48338941,4141800,17549000,3390700,11885100,57049200,17144800,20387200,11847800,3448500,5793300,15364200,2996000,6197000,4225500,3366000,1444900,6537600,16696600,1090300,3024600,17634800,88254000,33978700,3296700,13263757,13963700,7997000,82751200,49475400,3763900,14419300,9234900,6695016,8828200,6698300,66952900,3906800,13165500,17214200,1669400,36849900,33347400,3730100,5151300,5692800,19745000,4179300,5071700,14460000,16858300,29153600,620200,32098966,45230800,9044700,46477400,20363000,45079900,29579500,32424500,53029600,66716000,15208500,1000000,12695500,3369700,642086000,10074800,17844900,9782600,21887300,75727900,10956900,669900,6698800,16373200,11726000,16414600,2953100,1090500,1373000,35743600,18136300,11825900,1623800,16719700,8653700,2985200,2467000,2075200,93104700,7609900,1920100,9849300,97146800,3757600,19078800,5713500,8821700,9845000,9134400,1861300,1905700,54893900,6279900,40782800,50946300,11161000,38264400,3399500
2024-03-18,75604200,8569000,4296900.0,12991000,2164400,7052700,4885700,5062300,59306900,3608300,1833500,31250700,1172400,25737000,1893000,9497800,50617900,5775000,634800,3775700,5833700,13994600,2528200,3478900,25799400,1499100,3430700,23076863,1112000,4827900,1595200,5240500,17406700,7117400,7242700,8115600,1145200,3868300,11820800,1501200,2736700,3603100,1243900,724200,3071500,2269800,464600,1557200,7371100,36599200,14482200,1558600,6228788,6939600,7284600,16126600,69273700,2069000,5540100,3455600,2633084,5410600,3721400,27668300,1654500,6602300,9013800,797900,15856700,3026400,2521400,965300,2480900,7510000,2072300,3319400,4266600,8754500,11755300,437100,6622491,31335400,2073500,8311900,5960000,20106000,23140300,17073700,14967400,33442000,7207000,540800,4723500,1083000,668976000,4781200,12231400,6797600,10478500,36226500,6086300,495400,2274300,6144600,3470600,6653700,2786700,360200,567000,7075400,7413900,6567400,1083200,5667300,2688800,1152900,1023100,953700,35177000,4780400,1554400,4803000,108214400,2237100,5213800,2970500,5181600,4095600,4444500,934600,926300,16200800,2074100,16376500,16801700,7217700,16770500,4955000
2024-03-19,55215200,7625600,3420700.0,8299200,2062800,7081800,4138100,4624500,83509500,3037500,1463500,26880900,1156600,24491000,1817600,7648000,46113800,4692500,593900,2795800,5417100,13455300,2207600,2622100,21516100,1134600,3265000,24630308,1460500,4457800,1322700,3329900,19601100,7178000,7736700,8266800,1490600,3211300,10999700,2006100,2492600,2466600,1279500,659600,2544000,3304100,867200,1462100,6947300,32668700,13528600,1444300,9360787,8661700,6426000,15936400,24070400,1858200,5649100,3493800,4800813,5317300,4332400,34673000,1610700,7840600,8478700,888500,15030600,1883100,2557100,898700,2408400,7029000,2049500,4055400,3859200,9590900,10903100,352000,6987869,22602500,2509700,11696600,8546400,19837900,21054700,11433900,13681800,21426000,6168900,726800,6121500,1094800,672171000,5448500,10221000,6956000,7653700,29026600,6148100,545000,2641200,6069200,2877200,7404400,1689600,365300,1328100,7998800,5676500,7979200,855800,7467600,3848600,1536300,1643900,1052100,26144600,5573300,1053600,3232800,77271400,1118600,5640000,2511700,4210000,6595200,3957000,1239500,859900,15226900,2686400,14504800,12353600,5656800,14878800,3624000
2024-03-20,53423100,7326600,4766300.0,8317300,2877600,4239600,5122600,4278000,81773100,2564500,2154800,29947200,2848600,40946000,2249700,12770000,40519000,10760000,451400,2932900,3882400,20269900,2563900,2428300,29629800,1049400,3366600,29404173,1886900,3597000,1398700,4946600,18554100,6446400,8449100,4506500,1763400,1651300,11699600,2433300,2682200,2999000,1169500,577800,2195300,3139300,2372300,1946500,5654600,67721500,20140800,1890200,7229434,7311400,8887600,16909300,21311500,2157400,5711200,2750400,2879978,3238600,2243100,74865000,930000,5982300,9367000,904400,15258800,2146400,2038000,845000,1882600,8493000,1691100,2867300,4836000,6713900,11711100,388000,8390299,18195800,1957300,9793200,10811700,17860100,39807400,14564500,11577700,26395000,7771700,617300,3517500,1090200,479063000,4058200,8373300,6313600,5046700,34468000,4870300,402600,2565700,6341800,2388900,5995800,3017900,579300,2011700,7854200,5804400,6836100,1222700,6819300,4251000,1995300,1333100,1179200,28961700,5825800,728700,4007600,83846700,2396500,4404600,3548200,2862300,6105000,3952600,933100,796300,15198800,2212500,22841600,12007600,4547200,16119700,3697300
2024-03-21,106181300,5743600,5986500.0,9722700,9574800,5206600,3108800,6145200,75265600,2489400,2658000,32824300,2328600,72468000,3523700,7436400,43219500,7607500,643300,3401600,4165700,17892100,2616300,3337900,31116800,1290800,3416200,20008597,1529900,4925600,2106900,6083900,26102900,8800000,7899100,5090600,1411800,2313200,10353500,2238200,2744900,2075400,1388700,649800,2410900,2675100,1301600,2167400,6612800,55822500,17023900,4879400,7890893,5836900,5036700,15268300,24755600,4613800,5623600,4212200,2983320,6013600,2640900,50807600,920800,5915800,11203800,758200,13067100,2723800,3013200,912100,3418500,14078000,2580300,3653300,5317200,5859200,9712500,347800,7886663,21052500,1681500,8156300,13659900,21296200,89554100,18090300,13157300,25077000,17176000,798000,6312500,1591500,480372000,5075700,17842400,5371100,4343000,29633700,5211500,620000,3020100,8398200,2488000,8497500,2654800,435100,1204600,6477500,6287300,10466900,1332200,6457200,2864700,1451700,1248400,1537600,34446700,4962000,1230500,3312400,73178000,2474700,4371600,3693400,4036400,5057600,3685700,1035600,895100,21868300,3810100,18141700,14265900,3854100,14878000,4400900
2024-03-22,71160100,4084400,2837000.0,5387700,5899600,5413600,2374200,3829200,57899100,2303100,2581900,27995400,1153800,38624000,2284700,7827000,29001100,5135000,615100,2999600,4463400,16206800,2052000,1814500,18601300,1102300,3563000,16045439,1169700,4976100,1794100,3779000,15022900,11110500,5974700,3857300,1514600,2310400,7144800,1812700,2308600,1770500,1055200,608600,1479300,3152700,1087500,2046300,5160900,33137500,14515000,8186600,6842132,7730500,5731700,9393800,29211800,2190300,5011600,2910900,2187039,3988400,2024100,28503100,1562600,7248600,8108800,412700,11502800,1687400,1981000,1008300,2493200,6901000,2277800,2556100,3646600,6006000,8120600,362400,5321243,23870300,2281300,7022500,5909300,17648500,37281400,10046300,9521400,21357000,41837400,615400,4425500,873300,586719000,5775200,6660000,4927700,4106400,28830100,6393200,394300,2738500,6126800,2078500,5645500,1563700,274400,1149800,6802000,6495000,7231300,889300,9009500,3137900,1367000,1480300,1105400,26169900,5138400,1061200,3546400,75580600,1181100,4177200,2847300,3939400,8744100,3497500,581600,821700,17816400,1659600,13736600,14029400,3312600,14701900,2840500
2024-03-25,54288300,4366400,3216100.0,6622400,5320000,4277000,1887400,3137600,71935300,2954400,2144800,29815500,944200,21237000,2119500,12953000,30480200,4165000,378100,2804200,3321800,12040300,1774800,2533800,41079600,1034000,3178500,19047230,978200,7054400,1604700,4141200,16191200,7956600,6058700,3960700,1106300,3372400,12103600,1746400,2016000,2539700,1003000,572200,1435900,3245900,1323500,1703600,5381600,39063500,7754800,3028400,6288181,5543800,3955300,14644700,19229300,1683900,6020200,2683900,2080939,3718300,1984500,47276500,1117300,7498100,8620000,493200,13144700,1391000,1806600,775000,2024600,7405000,2600300,2985500,4331700,6786800,8380600,325500,6680019,19734300,2042000,7605800,3670400,18060500,55766100,11423500,9284100,18033000,14548800,446900,3604000,951100,552136000,6775300,7446100,6921300,3941900,31110600,7145600,393300,2472700,8673200,2306200,5682500,2407000,322300,668700,5229300,6903000,6578600,1168800,7975300,2065200,1084400,1342400,792500,30944600,6915400,1226800,4183800,74228600,3763000,3298600,2786100,3807700,8519200,2767900,427800,732800,14587200,1761900,15028200,14186600,3022700,14011700,2762200
2024-03-26,57388400,4392400,2747700.0,7770600,3006500,2813300,2225100,3607400,65322400,3343000,1823400,29659000,1097100,23522000,2106400,8972200,33673400,6872500,374000,2935100,5308800,17947400,1637200,2538700,65639200,1205100,3287700,20592353,1375000,5203400,1353500,3893900,13842900,10158900,6677900,8490500,1053200,1962900,11870000,1748900,2823100,2272300,979000,983100,1812800,2957000,930700,2247200,5883000,67140200,10490000,4527600,5056983,5362800,5288900,15961300,22149100,1407000,4408900,2720200,2861623,4229500,2555100,39109700,1543000,6864100,5961500,865100,13277400,1265300,2099000,766700,3048900,8589000,2515100,2572100,4396400,11413100,11205400,327600,7279693,10702000,1673300,8864400,4211900,16725600,44295100,13829600,9555900,28045000,10816900,503900,4550500,1015600,513648000,6484800,7063900,6182700,4593000,38220300,5842700,425400,3567300,7869800,2351200,5289900,2073000,386800,620900,5474300,6216100,5659100,1127200,5912600,4360500,1475700,1331800,785800,33048600,5256900,1784900,4195900,113186200,1959900,5898300,3113300,18208800,8752400,3025300,537800,952400,17854100,1776400,11445900,13738300,3498400,13152300,4550000
2024-03-27,60273300,5073500,3921900.0,7533400,3295200,4228400,2908500,3123900,55685600,2256300,2494200,33272600,926600,25583000,2153100,7372800,36350200,5230000,466500,2926000,4069700,16684400,2262800,2595600,112964400,1467500,4078600,15051742,1817700,3847800,1246700,3859900,17231000,10263500,7416900,6547100,1543800,2665300,10782800,2268600,3166200,1802600,1195200,685900,1937300,2197300,945100,1874300,7988300,53555800,10700000,1786500,12606433,7747600,5332200,22172100,22879200,2353600,3537700,2536500,2928466,3693300,2050500,51017800,1374600,8461600,8725800,976300,12551200,1590600,2297700,1277700,2351900,5896000,2309400,2605000,4036100,7119600,9989700,525000,4641676,9001700,1674800,16061600,6394500,16705000,29320700,13409000,10667000,26283000,11095700,823100,7007500,859000,586067000,9112000,8115900,5725700,4911300,34247600,6599700,517500,3202100,8796800,2211300,6309700,2821900,314800,664100,7267800,5863700,7358000,958500,6995700,4328300,1330000,1252900,1404700,37488400,5461600,1525800,4479800,81804000,1181600,4272300,2653100,7078800,5190700,3098600,703200,905400,19260100,3077200,13762800,14363400,3691700,12415700,2857700
2024-03-28,65672700,5418700,3416000.0,5278000,3614900,3897000,3077300,5750100,57628600,2289900,2170500,38051600,1439900,19856000,2295800,4471700,42262500,6852500,532100,4377400,6533500,19012000,2028600,2074200,60284300,1162700,3459700,22574732,1755400,4657800,1713300,4892300,18139700,8981300,8331600,5401400,1426700,2560200,15367400,2034700,2637600,2368800,821000,875600,2322600,3310500,789200,1983400,5855300,61846400,20169000,1650700,12122274,8369500,5995300,14766400,24485400,2409700,5828600,4108200,3813340,3742200,2596800,54204200,1124700,6181500,8628300,1080900,13683500,1784900,3209400,1119500,2631200,6639000,2214500,3453900,3688600,9931100,15212800,309900,5245776,9807500,6064100,10189700,6707700,21871200,21047800,12830800,14877900,37088000,11331700,632500,5418500,1051900,435212000,6318200,6587400,7159600,5710400,40466700,7191500,608000,3676100,5311900,3177300,5324000,2770000,461800,605700,10701000,6784300,6865000,995100,8032400,4731200,1904800,1881600,1074800,33461500,4778100,1081400,3919700,77654800,1656300,4417800,3820000,5197000,5844400,3325900,683000,1092100,19771400,3519500,14619000,17535100,3556400,18482100,3395600
2024-04-01,46240500,3502100,2496300.0,3964000,2320200,2056000,2532600,3189700,74299900,1868600,2195800,29174500,851300,17252000,1616700,5107800,33908000,5690000,395900,2716100,2970100,14223900,1953800,2108100,33043900,1036800,3070200,19529941,1036600,3036000,1600700,2918100,15138100,8967700,6285700,4255000,1319500,1728900,8419700,1535700,1859700,1392700,905500,647700,2057200,2800600,674300,1213200,4857000,35898300,10376000,2784000,7399592,3796100,3204300,11008300,31730800,1863900,5012900,4333200,2357436,2364300,1640500,31712600,1159800,4364700,7309000,772200,11668700,1027300,2921300,717100,2363000,6514000,1648200,2408800,3015900,8426000,9247000,302500,13004800,12174500,2201100,5377600,3416000,16316000,44309400,13175200,12495800,21159000,10360000,794700,3582000,907300,452441000,4855900,4133600,8035300,4815400,26596600,5971900,372700,1762900,6476700,2214100,6679100,2214500,360600,680600,9504500,4990200,4070800,992200,4871500,3147500,928800,1682300,760800,31980100,3731300,837600,3256800,81562100,1270900,2303200,2928700,5421900,5084000,2775400,599100,767600,15031600,2198600,11039500,13837600,4266600,13817000,1896500
2024-04-02,49329500,4523800,4000900.0,4560700,2453300,3083300,2065500,4311400,61598800,2220500,2321300,32611500,1227300,24694000,1984500,4477200,34806800,6430000,530700,3174900,4895400,16062000,1968900,2721500,35824500,2054800,3307300,17927201,1983100,4969700,2326700,4746100,16414400,23677300,8815400,3771400,1164500,2955600,15517100,1707500,2305600,2032600,871700,1811500,1964400,3598800,551500,2773100,7306800,42653400,22037500,2516400,20490400,6139000,3797000,13061900,24586000,1976000,5715200,4650500,2774621,2693500,1834300,32748400,2334100,6102300,7014700,950800,13017300,1451100,2596800,837900,2819700,9071000,3265100,2907700,4253200,6886100,11081000,396600,8912000,10038500,3517300,6584200,5245400,17912000,25026400,9905300,15006800,20292000,11107300,801700,3845000,1012000,433064000,5107500,4862400,11722100,5158500,32451500,6771200,625500,3187400,4861400,2999400,7436300,5241300,438100,942400,6759600,8276800,5373600,1608100,18540100,3829400,1595700,1409100,996900,40169500,4350100,1381300,4124900,116650600,1251000,3304500,11867000,4935000,6912300,3152100,888500,974700,17260800,2582000,14632900,19510100,4561600,19919600,2391500
2024-04-03,47691700,5893000,2288100.0,4409900,1975700,2604400,1816500,3375600,49835100,1669200,2270400,31046600,1009000,28650000,2070100,6609300,33338500,6375000,369600,2740800,6590900,18079900,2623700,2691300,26613300,1567500,4429200,20079553,1796900,3707300,3205500,3047400,22210000,9200700,7819700,3553900,1077300,1898600,22480400,1428900,2278100,1851300,828600,1085200,1981800,3485800,442600,2984500,4792200,57498900,19957500,1805800,16208500,5145300,4382900,14377100,24705000,1549200,5700700,4723000,2648256,2826200,2426600,83718000,1634200,8098200,9353400,782400,13672900,1449200,3044900,758600,3144500,7302000,2265000,2748000,3186900,8755200,12099200,347800,6060200,20090200,3902500,7741400,4821100,16502300,40130100,10551400,15548100,29312000,8876600,1271600,2821000,1308600,370067000,4683600,7430000,8505900,5828000,36828600,9601800,564500,3585000,4823900,3210500,6943200,1687300,413200,1062500,15885400,6316400,5295900,1095100,13255900,3798400,1253000,1027000,905900,38155900,5036200,1151500,3245900,82950100,1625800,3295800,4460400,4314200,4536600,4127500,629700,729000,18211800,1974800,13226500,14615100,4122600,16504300,2481200
2024-04-04,53704400,10539000,3539700.0,4799700,2273000,3403300,1990600,6242800,88280000,2451200,2265400,41624300,829600,27014000,3035300,6513800,42888200,8065000,1189400,3800600,5834100,13401100,2492200,2009500,35613200,1147900,3155400,26096793,2182700,3908400,2252400,8351000,17374000,5816300,9269700,6326800,1218600,2693800,13815400,1178300,2694700,2289700,960400,1041900,1888400,3354300,469400,3039900,4348600,67812400,24836900,1836500,11880200,7341200,4332100,16988600,34724700,1704700,5672000,4381600,3622997,2983900,2744700,57307200,1602900,6947400,9243800,1102900,14320700,2258500,2354000,1398300,2343600,9919000,2552600,4095100,5491400,13595000,26476300,430600,5864200,13031400,3189700,6753200,5466100,19370900,36009900,10690100,16421300,30643000,12110300,2219400,5110000,819900,434965000,3923300,7588300,7475700,5422600,41922700,6801700,610200,4335800,5469000,2781100,9031200,4200200,410800,934800,13373200,8057600,7855300,1316700,12040800,6240900,1172800,1588300,888900,31850300,5660700,1231900,3331600,123162000,1503600,7491300,5182000,3689100,4018600,3212800,576800,957500,16461400,1787400,12361900,14436100,7021900,18467400,4306100
2024-04-05,42104800,7030100,2225900.0,5591200,3694700,4972700,2432000,3330700,66080300,2293800,2538800,42374000,1588700,19438000,1827900,4130400,30823500,6462500,687300,2738300,5342300,12686300,2068300,2585600,29861000,992500,3479600,24362811,1163300,3595500,1552900,4918200,18661300,6366400,7432800,3825900,994400,2280800,9653900,1139500,2525200,1640000,1449700,1005900,1693800,3458800,446500,2644200,3957500,46937400,14155200,1568900,14777900,6599300,3630000,11210500,23459200,1694900,4629900,3243400,2347781,2014300,2328200,67263000,1404400,6783000,6532300,790900,10157800,1575900,2113400,892100,1680700,8048000,2462700,6816000,3585300,10258400,19263300,397300,3514000,8515900,2690000,5692900,4654800,16554800,23326500,10278100,21094200,33788000,9716700,1533800,6432000,563600,399678000,4718600,4899500,12365300,4412200,39880500,5121200,484500,5099600,5119700,2182800,5863300,1917100,363500,597500,10216500,7161400,4255200,870300,10016100,5302600,918000,1158000,686600,37769000,5866100,1181300,3180600,143157600,1357300,5012300,5747400,3374000,4392100,2418900,454100,695700,14338700,1728100,11081000,10335900,4483900,21720600,3663900
2024-04-08,37425500,4745000,2299000.0,5810500,2431900,3439200,1710600,4435500,43997500,1830800,2296800,39221300,1013600,17139000,1401200,6176400,29470300,4140000,760200,2485700,4912600,10708300,2690000,2416200,26731500,1612500,3086900,29999665,2006100,4481900,1459000,3142900,15375700,6497000,7253200,2656900,1269800,2426000,6266000,1152500,2348500,2290900,935000,983600,1775600,3837600,607700,2423700,5059100,29900500,12745900,2048700,9588800,4589100,4021100,8250400,20702000,1181900,5982100,4339600,2530167,2678300,1980800,56967800,947200,5935400,8001000,518300,10284500,1744300,1664200,751100,2389200,5609000,1961800,3753200,5074800,8835200,13260600,438500,3706700,9402200,2478400,6282500,4601900,14272400,27955800,8054900,16286200,21457000,8452500,1509600,4996000,912500,283220000,4006900,6119200,7830400,3755700,24431400,5476800,449600,2821600,5302100,2624200,4812000,1596200,330900,683200,9901300,6322900,5846000,1097700,8975900,3400300,1000000,1049700,786500,27372200,5390200,998900,4012000,104423300,1434600,3154000,4532300,3196400,5542400,2539200,580200,751900,14457800,1807500,15308800,11070100,4473400,17513900,2301400
2024-04-09,42373800,5933200,2290200.0,4235700,2416600,2547500,2812500,3659200,42886100,1792600,1962900,36520100,890800,17986000,3503000,11427800,30967300,3950000,802100,2233100,4917400,10301200,2042700,2106600,25736000,1129200,3176300,34832535,1634100,3756000,1386400,2997700,26686600,5933600,6576200,4358700,1114500,1602100,7451100,1102900,2460300,1966800,1168200,940600,1877500,2807400,578500,4069100,3782700,35497900,17624600,1223800,8807300,5928100,4424900,8793800,31079500,1247200,4204100,3022600,2166562,2794200,2140000,78671700,1120400,6135300,7351500,708800,10779100,1472300,2464100,842800,2126100,5207000,2217200,3934900,4985000,8120000,10863800,457500,4236600,7685900,3052300,4696600,4951600,12496900,19212900,9188000,14870800,21436000,7191900,855400,3951000,908600,501700000,3401400,5564100,4828900,3773900,45127800,4608100,488100,2965800,5068200,2358100,5028500,3915400,305700,867300,9652900,6240700,5024000,789900,6685700,4811600,1008000,739400,946500,32785000,7992300,1026300,3359000,102951700,1018000,4830700,3521200,2664300,7313900,3502100,637500,726700,17224100,2019000,10643800,10013500,2328700,14132300,1829500
2024-04-10,49709300,3231700,2478600.0,3965500,2156700,2487900,2872300,4645300,59600000,1949500,4136500,35879200,1407400,17467000,3115000,9727700,37610700,4525000,654400,3121300,5199800,18088000,2148500,2932100,33185600,1005700,4750300,23867083,2127000,4402400,1832000,3036400,20026400,8366100,7525800,4737100,1407700,2229400,6746300,1385800,2475500,2450900,1398100,851300,2012900,3397400,758700,2425900,5370200,51395000,16142600,2603100,8075400,7983100,4435000,11636400,22838600,1903300,5466100,4805200,3084645,3081700,2151900,51108400,1198800,6809500,7681400,610000,11861900,1838200,1700300,1247700,2955100,5976000,2710500,3817500,4508200,6858500,11418500,386000,3494900,9510300,2663900,5787700,5994200,16216600,22242300,10783400,12584300,28062000,7932900,983100,4304000,806200,431929000,7578800,4509900,8136300,4581500,44541600,7784900,538400,4753000,9601600,1802400,6177400,2178600,389700,816000,5532900,7413900,7750200,1563100,8179200,8425000,1474600,954400,646000,39046800,3910700,1282800,4438900,84532400,1351100,5662800,4493500,4024400,5276000,3472200,800600,1026700,17900400,4559400,16475200,15097600,3263900,17409200,2666000
2024-04-11,91070300,3307000,3580300.0,4321500,2204200,2978500,1828800,4291600,48994500,2169600,3688600,40020700,1737600,31713000,3139000,7625100,38604000,4362500,812000,2889900,6439200,18181900,2535700,3495900,26083900,1081100,3908300,26205840,1653400,4328800,2107800,3468600,15703900,10455300,7682500,3753100,1472900,2081200,6559400,1105400,2116100,2296900,1053500,880200,1673000,3430200,532000,1547300,4696900,38383100,12975700,1031900,6063200,6071500,4935200,19563000,27166400,2176200,4353500,4104700,3210904,2861700,2256600,41909100,1186500,8374400,10137700,831500,11109000,1681800,1594800,942800,2494600,7055000,2299900,2519200,4074600,11259600,10369500,283600,2993700,10889100,2208700,6187200,24631800,17966400,21745300,12145600,11538200,26627000,15330200,692800,3741500,781900,431637000,5724500,7315200,7078400,4241500,32814500,8209800,391300,4098100,5932000,1997100,6262600,3514300,617100,915800,6786100,6841600,5891800,1323300,7522300,3297600,1333600,1129200,822200,40831200,4845100,1295500,4790900,94516000,1101200,4352100,5844100,2232500,8102300,2414400,545900,1060200,14782200,2312300,18995600,10987600,2631000,17555900,2290400
2024-04-12,101670900,7029400,3700500.0,4041500,4207900,5621900,2409400,5854800,63519600,2140100,3839000,38608800,1520100,27823000,2441200,7568300,47126100,6020000,1453600,3467300,4995100,28561900,2072900,2690100,34056700,1442000,5907600,24992981,1582600,4955300,1481800,3820000,16418100,7691000,11071000,5523700,1886000,2684800,12155200,1315400,2279800,1714900,1134500,1188700,1981100,2656100,498200,2248300,4985000,52356300,19983800,1176500,6851300,5691800,3371900,11903900,25353700,2815800,7875700,3550300,3712970,3547400,3255800,80254800,1475900,7100200,31532300,810800,12250900,1976700,2495000,1251200,2117400,9893000,2486300,2708400,5434500,7433500,11984500,239100,3590800,10669100,2086700,7370000,12789800,19253800,24808200,9039500,24342100,29593000,10905900,1046000,4799500,1186200,426805000,6410600,6196900,14699500,5453500,43034100,6770500,462900,3735300,5517300,2002400,8216700,3868000,665300,1122900,7327300,8594800,8615000,1280100,13006300,4818400,1128000,1182200,1056800,41785200,3951600,1201600,3827400,64722700,2077300,5473600,6045700,4123900,9038400,2452400,507900,1200300,21555000,1808400,27876700,12280600,3010400,21556200,11577800
2024-04-15,73531800,5433700,3723300.0,4595600,2997900,3353200,3137100,4492500,61461200,1740000,2562800,48052400,1307400,24370000,3459000,6490700,44392000,5190000,935200,3002300,6527000,19242300,2171000,2954900,30780000,1357000,4716200,22720271,1977400,4219300,1808000,18365100,20310800,7236200,7236900,4414100,1353300,2824000,9637100,1659000,2623100,1419700,965500,1031800,1708500,2979200,574800,2447600,3752500,59484400,15047100,998900,6423700,7717800,4510300,13499600,27136500,6177000,5376600,4209200,3373874,3528100,2264800,50751600,1650700,8502300,14766600,886100,12425000,1712000,2358600,2442100,1933100,7691000,2070500,3686700,4389300,10783500,13512900,442800,3674800,10727600,2587000,6241000,9553900,20273500,17732600,11147100,11524300,30854000,11597300,2007800,5858000,855100,443077000,6251800,5101500,9248600,5133200,35660200,5754000,671300,3993800,7773900,1589900,6570600,3353100,656200,1391600,9636600,9676900,14417600,1745200,9480000,3974100,1237700,1054100,1087800,40249900,5194900,1031700,4494600,100245300,1923300,4739500,5376800,3271000,10267500,2413500,514100,1373700,16442800,1548000,19407500,10557200,3826500,15029500,8667300
2024-04-16,73711200,4881300,2728600.0,7283900,2900300,2660100,3218900,3749200,55302100,2017600,3848700,32891300,2590000,18923000,4176700,7986700,95566100,5582500,662900,3435500,6622900,23211400,2513900,4055200,27095100,1799900,3220400,20195322,1151700,3878600,1412300,7624300,14233400,9607400,5541900,3467500,1865400,3225300,9291400,2051500,2655500,1899900,1733400,1127300,2326200,3483700,579900,1547300,5114400,56392200,20075200,1421100,6187200,4974900,4205200,12384900,20779500,3459700,6349600,4525500,2972816,4473700,2637600,30607500,1603000,12774900,16451800,922400,11236800,1577300,2569800,1452300,2201000,5448000,1787200,2912900,3449000,8581200,9847900,344100,3037000,10407400,1599800,5587300,18291600,16765600,17452400,11594100,11832700,35191000,10388200,953200,5429000,1142900,370453000,7121500,7000000,12448000,4569700,28885300,6103300,634800,5666400,4617600,1864200,6390100,3058200,615700,1094700,7088600,8866800,12021600,1440700,10349000,4426800,1301600,1058800,1239300,56368800,4063500,1010300,3810400,97000000,1875000,3389000,11816500,4197100,8237100,2126300,782800,695400,14016800,1911100,25620000,14726300,3849800,18082200,4967400
2024-04-17,50901200,4792200,3905000.0,12002900,2760000,2034800,2290800,6350300,75909000,2175100,2732800,31359700,1452500,24718000,2256800,8162600,65951400,4272500,585800,2465600,6177600,15971600,2313800,3985800,22639800,1426500,3886200,21820257,1853400,3869700,1376700,4199400,14407600,8100100,6733900,3124800,1442200,2988500,7379000,1965300,1768000,1699200,911100,1401400,2317300,2642900,510800,2204600,4716900,43646600,15795700,1371800,6519900,5287700,3664800,10663300,21763100,4373800,4702900,4273800,2572182,3003000,2362400,41173300,1625500,9378100,9017100,1193100,13805100,1216800,3069400,848300,1982300,16686000,1735000,3383100,4820400,6755500,12193700,494700,3421600,8787700,1816800,6122800,9544600,15855500,25546500,15653700,10811300,33122000,10181200,818200,3607500,1152500,495400000,5120700,5366600,7053800,4069200,43828900,6621900,515400,11034000,4767000,1946700,8082000,2296200,468700,817900,5377600,6870100,9852800,1523900,7821600,6705800,1019700,851100,1066100,27177500,4768400,1610100,4098300,82439700,1531700,4564900,8759800,4165700,5940900,2469700,708200,881000,21009200,3175900,18867700,15329700,3926400,14538600,3270500
2024-04-18,43122900,4480100,3930400.0,7306400,3025100,2389700,3544700,6219400,52669800,2082700,2276200,30723800,1302000,24888000,3901500,5123000,44506200,3917500,614900,2669500,5946600,12272500,2380700,4938200,23061100,1621700,4880800,16735575,1256400,3588200,1846400,5918200,13080900,10087100,4979200,2822700,1562900,4261000,8235600,1498500,2639200,1389500,924400,2595100,1677900,2035800,483500,1860300,4395500,39902100,15717500,1063600,6186600,6442200,3620400,14180500,19883000,2776300,6806200,3717300,2273829,2886700,2015000,42334400,2320500,9887700,9557700,903100,11125900,1070300,1717300,714900,1993100,23074000,1998900,3402700,5261200,8695700,14808700,541600,3069400,17571300,2713600,5992700,6752000,21029900,32146900,10135000,6426700,84684000,10062900,846300,3943500,1051900,447260000,4961100,6662400,7017500,5574700,35788400,7819300,393000,6310200,4041700,2347100,9209400,1981200,450600,1125000,4238600,11403300,8208300,1127500,8422100,4602100,1046100,1155000,2143600,29566500,3290800,2075800,3246600,96098800,1494000,5605500,8880400,3430600,8231800,3115000,538100,949100,20173700,1879100,24468500,12061500,3087000,13821400,4772800
2024-04-19,68149400,5532400,3904800.0,10533600,3381500,3282100,5406100,6495200,71618200,3380100,2867400,56000700,1797200,44797000,7573700,4693900,56273700,5470000,867800,3996100,6966300,13410100,2929600,5055700,29493400,1305100,6005100,25850743,2563900,3984800,2190400,4913600,20964400,7809700,7734700,4112400,1125200,2351300,9436000,1505200,4212800,1869200,2586600,1791400,2107900,2489300,611900,3084700,6126500,39623800,17066700,1894300,9566100,10657000,3992200,15515000,32615600,2805500,6634500,3076600,3787770,3038000,2263400,59070300,3975900,9750800,13402300,1072900,21207900,1831200,3505500,1388000,2112200,13545000,2548800,3017100,6912300,11020800,25215400,1077000,3588500,22325600,1748700,8404300,8143000,30565800,33787500,13419400,10439100,164497000,11241900,1213900,7703000,1622600,875198000,6611700,8251500,9794500,6636700,38372800,12034200,558000,6932200,8710200,2760800,10292200,2965300,507500,1196600,10328800,11900000,8489400,1563300,16841600,6549300,1116100,1138700,1884200,45820400,6043900,1738400,5126100,87074500,2543000,10497600,6618600,5118500,7905400,2437500,613800,1342000,24706500,1901600,34334300,14165800,4477700,21572400,6228900
2024-04-22,48116400,5580700,3030000.0,4948300,2433300,2604300,2400800,7149800,49397000,2165800,2603800,37924900,1591200,25162000,5151300,4724900,43867100,5057500,617200,2980600,7659800,14513100,2085400,3280300,24348300,1404000,3954100,26295895,1743300,4194900,1437100,6747200,20135700,5701600,6779200,4257200,1005500,2820300,6901700,1518400,2933000,1275200,858000,1525100,2448900,2576800,687400,2379200,5174400,86462700,20147900,1246600,7322800,5622400,3637500,21315100,26446200,4165600,6650000,3112800,2511281,3076500,1877300,39909900,1603100,10118700,11529700,924300,15624500,1345900,2354100,1820900,1872800,18563000,2157400,3129300,4368100,10426900,17271100,336800,2992900,10775700,1437200,7805800,7294400,20286900,19820900,14747200,14173400,85977000,8642000,1006300,7321000,1609800,596341000,4182400,7125500,6274000,7288700,35678700,8926300,533700,3673000,8656300,1625500,7848700,3315200,351400,888200,7594100,8669000,8847500,1638000,10880000,5387600,984400,1168500,1688600,54178100,4114500,1522800,3701900,107097600,1170500,5942400,4697700,4578500,6463700,2130000,591400,1393800,51243200,1940500,21753400,14910000,3996100,16340700,4545000
2024-04-23,49537800,4084100,3455400.0,3849600,2000300,2205800,3562300,4425900,46051900,2493300,2659000,37046500,1175200,22025000,4684500,7632100,39180300,3805000,461000,2287600,9075700,17427800,1810700,2484500,25455300,1188500,4014800,16351668,2048700,3773600,1176200,6285200,16261700,8450700,5597600,4636500,1278300,6876700,6839300,1320400,2148800,1401800,717000,811700,2081900,2055300,662900,2781400,5700300,62807100,19439600,1187000,19250900,5240200,3690600,28767300,21151600,2662300,9378300,3697400,2713295,5950200,2375900,46834000,1858800,10110400,9144400,710100,13689100,1509900,2042000,1789500,2189900,9823000,2029100,3275700,5325400,15893900,15079200,300000,3729800,18917200,1703100,7744000,6393900,15734500,17887500,14349200,12186900,49755000,6582700,1365400,5824500,4855700,438559000,6650900,5494800,5385800,9145000,24297800,7707300,375700,4232300,13105500,1756400,6616700,2649900,341200,663700,8568200,5670500,9244400,4426500,11136300,6054400,877400,2356300,1430500,47805000,5843600,2544000,4165100,124545100,1259900,6833600,3646700,6371100,6438000,1969300,764900,1070300,25972800,2379000,21731200,17963900,4432100,13929800,4315300
2024-04-24,48251800,4074700,3854500.0,5052700,4133800,2338000,3865000,4609400,43412600,2467100,3029300,34185100,1297300,20108000,4429200,20889300,28670600,3897500,751200,2506900,15276500,10123000,3032700,2968200,24536500,1120800,4066500,20893140,2636900,3846600,1206600,3938800,14828500,8652000,7610300,3538300,986600,3344900,6157200,1614900,2652700,1483400,710500,915900,1876700,1968200,776000,3550500,5061400,74510400,11838300,1696600,10416000,8467100,4446100,15013900,22779100,1575900,7778100,4029200,3796576,7616600,2498900,53261100,1325600,9756300,6964900,873400,19548300,1969100,2133400,1018900,1485100,19491000,4043100,4071600,7141000,16596900,37772700,331800,3813400,12938200,1473300,7128300,5100900,15065300,20505900,12149600,11977200,53553000,6493200,1124100,8528000,2587000,512208000,5340400,5791800,5285800,10016700,24547800,7217600,664600,4819700,13572400,1945000,6130500,3002600,373600,600500,7722100,7183900,6038800,2287900,10180400,5661800,1110000,3357300,1515700,74197800,6897000,2034900,4713700,181178000,1024900,13965900,3724400,5284700,8807200,2350800,568000,806500,15946600,2692300,19731600,18529100,4614400,12101200,3640300
2024-04-25,50558300,5503700,2401800.0,3112300,3639000,2250900,3239600,4238300,41471400,1794000,1862300,49249400,1037600,30410000,3329000,12504700,41116000,3567500,510100,2670200,8172200,13339100,6459600,3334100,29288000,922200,6363600,40370372,2048100,3666400,1613600,4811900,18790900,8918200,9702600,4517600,1316900,2943500,8045900,1887100,2540700,1221500,1106800,1067000,1640100,3444400,812600,2453100,3958500,86944100,15974700,876100,5908200,15172000,2875200,14912500,57109700,1970100,6082900,3787800,4131852,16702200,1923000,66549400,1262500,7642700,9802300,1065800,19048500,1442700,2608800,927700,1996800,13093000,2006500,4179800,6241500,10654100,82890700,408300,2954800,14924200,1295200,12750100,6770600,40586500,18342800,11418500,36611600,38071000,5317900,1365400,16932500,1623600,424641000,4880800,6796600,5316700,7441500,47661400,7094600,522400,3798800,7417700,2617500,6230700,5711300,576600,919900,6186100,7284600,6375400,2004800,7966900,6164400,1741000,2418900,1615300,46680400,6248700,1184000,5817300,126427500,1108900,9130800,4329700,3553300,8064600,3299400,655900,787600,16837700,2477900,24002500,19263000,6717500,16041000,4567200
2024-04-26,44838400,10721700,2821100.0,3575600,3371800,2460300,2975900,3933500,42510700,2436900,1701400,43919800,1251400,24100000,2993300,7208100,28668700,3650000,447900,3023100,8786200,16364100,3324600,2697300,20459000,830500,7541500,31778674,1353100,4823100,1524400,3754600,14658900,6396400,9736400,3477100,998300,2710400,6304800,1798100,1994800,1220600,1242900,700700,1364500,1841100,779500,2305700,5439500,57257800,19037100,958900,5898000,12382400,4170400,12153300,64665300,2322700,5056600,2465300,3226819,8983800,2406700,119742500,927700,6183000,6413700,1193500,10994300,1583800,2009200,858000,2001200,13971000,1963300,3636500,5621100,7145100,32691400,386200,4520900,13794300,1954100,7758200,4606100,29694700,20630700,9982800,14689200,43326000,6115700,1371900,7229500,1253900,551011000,6861600,8355100,5426900,4472100,46526500,5659800,548700,4037600,5391000,4206700,7141300,2759900,505700,626100,4428300,7185300,5560700,1820300,8250900,5478800,1026200,1611500,1063800,37852700,3748400,1438200,7969000,109815700,853100,5401900,2727000,2607600,6840600,2065200,689100,682500,18246200,1857200,18785900,11045200,6451700,27289500,5236500
2024-04-29,68169400,6219000,2312600.0,3305100,4719100,2954700,2853600,2789200,43478200,2678900,2104800,54063900,1623400,13372000,3696300,7788600,26438800,3662500,483700,2363600,9463900,10857100,2171400,2476200,19562500,1073600,4472100,15933511,1316700,3609400,1526900,3576400,11599500,6538900,6364000,2603800,847100,1616200,7151200,1913600,2043500,1302200,1252300,640500,2057900,2786500,1002900,3127300,3301800,50285600,22023300,786800,5371700,7838800,4179100,10550300,45610000,2453000,3936700,2427400,2751810,5242200,1557900,58533300,983200,6149600,5387800,931600,13409300,1260300,2665600,951500,1527300,9025000,2120700,3148900,6106700,8544800,21502600,517000,4905000,8627100,2013800,6788000,4416100,19582100,14419100,9795800,12316500,25089000,5030700,714400,3546000,1198700,388971000,6558900,4994100,5426900,3224500,39995300,4621000,534600,2840500,3510700,2822000,6623900,2662600,369900,529900,4469700,8522800,5743200,1645300,8941700,3851400,1111000,1526500,1507400,42383300,4631000,953800,3451400,243869700,1319100,4191500,2192100,2654700,4128600,2081800,632700,604500,19438600,2607900,15338400,9785100,3884600,17309900,4849500
2024-04-30,65934800,5484800,3017900.0,5074000,5225000,3222600,5739100,3898200,60742800,2477300,3710600,94639800,3555900,22113000,3564300,8248800,30283800,5802500,418600,3070500,8718100,11163400,4201700,4982600,22986100,1216200,5286700,21560549,1394400,6296800,1734800,5218000,18535400,13488500,8457300,4741100,1016600,3941000,8156600,2001800,2565900,1804900,2358200,950300,3962900,3554500,1090500,5279700,6200200,75890500,17226600,853900,6723600,7436600,3121600,15951300,33562900,1829900,7441100,3089900,3318702,6011600,2304500,72346400,1213200,8817700,8153700,902200,19349200,2172700,7437100,711800,2435200,9737000,2698800,6894400,6026400,11058400,18429500,821900,16731900,11816800,5782100,6945000,5860000,28781400,14845600,10042600,13547700,33615000,6493300,909000,9977500,2179100,363709000,8569700,6234700,7386100,4465100,38017700,8106100,625400,5607900,6589200,3763900,6914200,2947300,636700,649700,5421800,14538400,6725700,1779400,14143700,5271300,1835400,2004200,2480500,31822800,5117000,1515100,4122400,127031800,2314100,6444300,3367500,2402900,6376400,4144100,817100,1727900,20222200,3879100,18007700,14209200,6805600,21083300,3647900
2024-05-01,50383100,5176400,2752100.0,4096800,2617200,2490200,5344700,5815500,89413200,2323700,3877100,94645100,1845100,30958000,4176000,6191900,32272000,5655000,614800,2605000,6021100,14086600,3520600,4364100,33933600,1904100,5219900,21059379,1869400,5423500,1609100,3761000,18266400,65673500,7713700,7031600,2017800,2310400,6338400,1639700,4860700,1820300,801400,977600,3875200,3408100,943900,3416700,7489100,48749400,19247700,901000,4775800,7232500,3396800,13986800,33493200,2310100,7796400,3267500,5394761,4029900,3116700,60654800,952200,14470900,7445300,1273100,16729800,1824100,2802100,994700,1713900,11878000,4979100,4843200,7284900,11297500,20344900,649200,11062600,7365000,3856500,5895700,4713600,23562500,16686200,13991100,12105900,34732000,9783100,1157300,6665000,1254900,559863000,5867900,5583600,8655000,4340500,97388900,7543000,903800,5526200,6462500,2537100,13113600,4288400,595200,854900,9982500,66610700,7015000,1954600,11217900,5241700,1355900,1083100,2766900,39350700,5363900,1171900,6020800,92829700,1164500,7167700,2729200,2842200,6119900,3979500,1036600,1256300,17754000,2283500,16365400,15464300,4589600,27777700,3779100
2024-05-02,94214900,5904300,4778400.0,3708500,2684200,2516400,2672800,3523200,50034700,3177500,3278100,54303500,1811400,29480000,2734900,10223700,34860300,11355000,632500,2672200,7610500,11292500,2492000,3212100,19596400,3108800,9506000,18104536,1922600,7685900,1826900,3859900,15441700,37885200,8597100,4651600,1790100,2780600,6799800,2030300,2808100,1544900,1176300,1339700,3587700,4181400,1029600,3009900,5575100,46868600,24389400,1311600,5030400,5571500,3071000,13214900,24294500,2087500,5034200,3213600,3627241,3829900,4364100,50899400,1208600,8459800,6501700,675200,10991300,5267300,3205600,1011400,1672800,7245000,3866500,3084000,5406700,7423100,15221300,593600,6317100,9054900,2682700,7422500,4449200,17709400,15439200,10815900,8164500,30682000,7333300,1373000,5796000,1303100,377898000,5897000,5001000,5504600,3964800,69649000,5647500,1732900,5836200,5607800,2310300,25894800,2378400,1067000,821000,6084400,23883400,5591300,1521000,8933600,5468400,1829400,1222000,1847000,32205000,6314400,1357400,3449800,89148000,1232000,4838300,3561400,2038800,5061700,2416100,1524200,1051200,17394900,3129100,15329500,17574100,3910500,25513600,5323100
2024-05-03,163224100,5849900,4529900.0,3610300,2767100,2833200,3332400,3818500,49361100,9644700,3130300,39172000,1559500,24898000,3203100,5416300,34082700,13365000,558300,4119100,7452100,11048900,1977100,4119400,23570400,2413500,5432700,23771373,2065400,5020700,2323300,4041600,17935300,23946100,11664500,3741800,1627000,1787600,7411100,3309700,4338300,1650200,1068200,819400,5925900,5660800,762400,1769800,6774400,47463300,14498100,1085100,3968600,7822700,3444200,10046000,34662400,2406300,3899000,4165100,2388735,3400400,3991200,36794800,1028800,6532700,8922800,819900,11628700,2657400,4595100,910700,1834700,8752000,3711500,2642100,6983000,8093500,16489100,492000,4818500,11229000,1868600,6221900,5043500,17446700,15564400,12687500,7306300,33075000,5736700,1443400,7185500,1054700,398341000,9076600,4485000,6771500,3491900,60568900,5581500,970100,3517600,5611900,1806100,10043900,2090900,547400,995900,13324700,22153800,5414700,2027800,11007400,4578200,1257400,1917800,1589300,24023200,5893900,1749700,4274900,75491500,1075100,4545100,2487600,2039300,3862000,2356700,809400,1064000,13195600,2557300,17298500,14207400,3285100,28023300,3007000
2024-05-06,78569700,5834600,2912200.0,3789500,2361300,2104000,2354100,3638500,44624500,4717600,2297900,34725300,936900,16287000,2259600,11913400,28422300,8750000,450100,3918900,4922800,13386700,1653900,2930500,29357200,1339300,3181900,34321549,1722600,4848600,1773300,3744800,14163000,16620100,8430300,3001000,1042800,1741100,16303200,1907400,3081700,1708600,981100,757000,7467900,3690900,799000,1297000,5850300,29780300,10952000,929600,4831600,7187300,3602100,10301600,21871300,1914300,5528500,3366100,2395314,4222300,1738900,36185600,878200,5042800,7911100,873600,9310700,1533500,3398300,796300,1714000,7545000,2536200,2481300,7243500,5653400,15094600,361300,4329500,9035400,1906300,6552000,5105100,16996600,22538700,14042100,7717700,36863000,6696300,862300,5954500,1588300,376203000,6845100,6052400,8382900,3576200,59899700,5472400,674700,4259700,4517500,2239100,6980100,2586700,352000,996100,3408700,18632200,4857600,1533900,9857700,8062100,1598800,1316500,1722200,24182300,6229600,1140700,6022300,84390300,1081600,4127400,2029500,2073600,3958700,2128400,576400,1463600,13348800,1605800,16240100,11119400,4816700,31401300,3081300
2024-05-07,77305800,5301700,2916200.0,6556400,2483600,2518300,3331000,3200900,37374900,2452100,2594800,34048900,1099800,12413000,2084300,5097500,29119500,6657500,777400,3084200,4151500,10158200,1965600,3120200,25935000,1567900,4008300,32621818,2144300,5902000,1897800,3507700,14308200,17488100,6869900,3547600,942000,1683400,55084600,1274000,5229900,3382800,1218100,692900,6898500,3263600,629200,1792900,9499800,48102900,13121500,1356100,4781800,7318200,2453800,9135900,28039700,2058200,4533700,2930700,2177384,3155300,2397900,44683400,932800,7333500,7688800,782700,9807000,1556400,2879400,723400,1912500,6746000,2345300,3160000,7414500,4316400,13406800,339100,4409000,12052100,1706600,6682300,7418000,20018200,12508300,13621100,7500600,36141000,7113500,734300,7762500,1400700,437342000,6362200,6437700,6266300,3708000,65606400,6433000,475400,4088000,3960300,2212400,8011100,1657000,362300,2383400,6933000,21901300,7336800,1820400,8587000,8919700,2682400,795100,1331200,28086800,4749300,1890700,4611400,75045900,1006300,5152700,3752100,3403500,6377100,2267900,682700,1614000,11935200,1836400,16268200,14520200,4676300,30122000,3337500
2024-05-08,45057100,5906700,8236500.0,6234700,2296400,2165000,2051800,2932300,28728000,2859600,2014400,26136400,891300,13918000,2501900,4956800,32803300,6830000,665700,2398100,5054000,9755200,2260300,2574800,23651400,1355200,7252100,23894718,1708200,4200200,1511900,3283300,15130200,13625300,6706400,3172600,640300,1471300,15238100,6521600,3497900,4269900,1449800,807700,6172800,2805300,876100,1454300,7411600,38177200,14197700,1453900,4878200,5135000,2494500,7568500,19569100,2006700,4167200,3123200,1897386,3522000,1405200,63734600,1108000,7735100,9227600,672900,10484400,1344800,2089800,599000,1689200,5539000,2332400,3259800,4837300,6514900,11683900,284600,3489900,9946700,1844600,6659100,4662600,11792300,10867900,9915000,7845400,30939000,5372900,866600,5739500,1247800,325721000,6602400,4636000,9079800,3400900,39087800,4579400,315900,2947700,5784300,2919000,6242600,1287900,424900,1355400,5177600,24482600,5190100,933600,6453400,6695000,1490800,749000,1214000,25292100,5814400,1598100,5106000,79969500,1230700,4220900,3078900,2799600,9029700,2776400,510400,1651700,10438000,2293600,18718400,11015700,3123300,18957200,4673100
2024-05-09,48983000,3570000,14802600.0,5902000,3238100,2301600,2465700,2758200,33018000,2921300,2588000,43368400,840300,12170000,3166300,5107400,26855400,10925000,654800,2356600,6134800,11563000,3208900,3209100,24245800,1388800,4639600,25173944,1983500,5430500,1716200,4709700,12449300,10300500,6683300,3716000,995100,1604300,15096000,10657100,2996200,3186300,721300,456600,4983100,3663100,2353500,1487100,5308600,29103800,10234500,923700,4968800,6048600,2397400,9349800,15346700,2710200,5883900,3801400,2856212,4266600,1474200,45003400,882200,6546200,7977300,976000,9113700,1740100,2522100,594800,1652700,5767000,1970100,3140000,3906100,5201700,9437700,269200,2584200,8140900,1295900,9216700,6766700,14689700,11524800,16627900,9894000,20654000,6429800,868900,5251500,1230800,378013000,6113300,3236200,4983500,2421400,47831100,4671100,434200,4208800,3840400,2187000,5513500,1195800,281900,1515100,7211300,18591500,6091500,1287500,6367600,5542600,1364800,1289200,980400,22547700,6000600,1513300,4774700,65950300,1196900,5843300,2342900,2510600,8948800,1676900,653900,676200,12881000,2253000,14224300,14550500,4374700,17564000,2145300
2024-05-10,50759500,3509500,5524800.0,7349600,1786900,2741100,3249800,3502900,37652800,2611800,3158100,34141800,1555100,16300000,2590800,3715500,27359100,7075000,607100,3084500,3790500,9548700,2210600,3087200,16374000,1675300,3007600,16247636,1838700,4515900,1652700,2912300,12096900,9288400,5490900,5043400,1426800,1520800,15884600,2950700,2778700,2023100,683500,841400,2422500,2821100,975400,1955000,8898300,51447800,14535000,1092400,5711300,8733200,2398700,7917800,29799900,1823900,4942300,3413700,2459822,2255400,1933300,42931300,853100,5710600,7529800,448800,8371700,1234500,2082300,482500,1336700,5100000,1729900,4983500,3046700,5363900,10750000,339400,4157900,12160000,1584300,5722600,6118400,13402300,13922400,12046700,7961200,26536000,10548400,579000,4103500,1149400,335325000,3859700,4122500,6540400,4201600,25849800,4879400,489100,2872800,4149300,1808800,4702500,1154200,351400,1146300,5626100,15761900,5103000,1075700,9206600,4939800,1305300,858900,1307900,19229600,2906000,1328800,3084800,72627200,1284700,5606800,2784600,2504500,8986400,2036200,517100,1064500,16888500,1763500,14428200,12356600,2433000,13648100,2010700
2024-05-13,72044800,3505900,5647500.0,5459200,1695000,2458200,2002100,3526900,27859200,1558500,1842700,24898600,2289400,18507000,2768800,3105200,24060600,5960000,416800,2710300,6182000,6617900,2051200,2902000,24898100,1361100,3229300,19638562,1555600,6421200,1596800,2998700,15149100,11767600,6848300,5545600,1402800,1305500,9666400,1722300,2185300,2383000,1426500,1090500,1857200,3006000,652000,1903200,8883400,60962300,9210500,2036200,7768600,6736500,2897000,13826400,31327600,1579600,4721200,4055600,3719123,2414900,1473800,51459100,1070900,5628500,7049200,554100,10137600,1269800,1848900,634300,1983700,7394000,2069300,3840700,3387800,5541500,14668800,321800,5578700,8229200,1681000,7109700,5379000,15440200,16643200,7685500,6133200,20862000,8792100,507000,4350000,812200,289680000,3928200,4140000,6419800,4408100,39609800,5725500,548600,3043100,3853700,1748000,6384800,1221000,284300,1150300,6045500,10953600,5488100,1153700,6555800,4420100,1381700,1135300,1609600,28014800,4146600,944600,3686200,67018900,1684600,3686300,2454500,4185600,10528400,1510400,377100,939700,21365700,2091000,15203500,19260500,4508300,15060600,2125800
2024-05-14,52393600,4025000,4167400.0,7035100,1813600,4287800,2467400,3442200,31938300,1631100,2008300,38698200,1613400,19420000,2387300,4686500,27594800,5270000,492200,2672400,5848500,8322500,1563400,1854300,24220000,1853000,3971500,17175179,1702000,6144700,1327700,3056800,17379700,15410700,4924000,3459600,1765800,3096700,11278400,1758200,2168200,2107200,860900,656400,1514900,2342300,905300,1588200,10192100,39980400,17714100,2534000,6103500,4356200,3237300,10894300,25127100,2412900,5502800,5854300,2523482,2601000,1415800,47759900,913300,8254200,8596200,884000,10852200,1288100,1956200,565500,2763200,5751000,2991000,3143200,3810300,4924700,10478600,346300,2973100,9436300,4660900,6154300,6216600,15109300,13887700,8176600,7143500,27924000,7811000,505700,5496000,1021600,296507000,4898900,17811200,4711000,3508600,23530900,6009800,646400,3727300,3292700,1836000,7713400,5311600,307900,728600,3726200,10961100,9566100,2196100,8404900,5224300,1087800,1692400,1712600,23545300,5709600,1040900,4657200,86407400,1608000,4917500,2949700,3597300,18526100,2436800,524900,935900,17664400,2721800,14499600,18780100,2693900,15079100,2050100
2024-05-15,70400000,5261300,5996000.0,5443200,4230800,3491600,2389900,5820900,43195900,3466000,2815200,75459900,1068100,32757000,2013400,5858900,34084400,4810000,667300,2854600,4492500,9461300,1913900,2776300,35205300,2244500,2536100,20089583,1770700,6138600,1661700,5828500,37342100,16431000,7603100,4123200,1861200,3073100,20745600,2563300,2636100,2222400,614200,693300,1948900,2561400,987000,1720100,5570800,50739900,17286800,1145600,7133300,7532100,3847200,11054700,26948400,2217700,4578300,4151100,2839024,4468800,2508500,36992900,1200800,5548000,8370000,850300,9838900,1745200,3038300,803900,2103600,7133000,2437800,2982500,4954900,5926100,13100500,333800,4203300,9435100,2546600,7237100,6938500,22239500,14265100,12470600,7710100,56706000,15614400,682300,7530500,1467500,417735000,6024400,6604600,6410700,4785100,38376300,5102700,670600,4347500,3230600,1870400,11349100,1782900,593300,810900,5688300,8826500,6601300,1509100,6939700,4130000,1005600,1272000,1989200,30877900,4246800,1188700,4647400,79663000,1832500,5936800,2981200,2695900,21288400,2799100,740500,1059200,14926000,2632600,17489600,22240600,2278400,18244300,2585700
2024-05-16,52845200,4642000,3827800.0,8708300,2583100,2562900,2280500,7977900,76726700,2367800,2616900,38834500,2746000,28395000,2605900,6993200,32554200,4957500,486300,3549700,5636700,11682200,2821700,3030400,29313600,2275000,3240600,16713275,1246100,5002900,2000000,3559200,47829400,13974800,6409400,2709600,3623800,3448400,9476700,1748000,4143300,2275200,953500,943500,1927700,2615400,609000,2203100,5369900,41502200,14800500,1136300,4283200,4832000,2481000,11335900,27867900,2070300,3612800,3101600,2723375,3492300,2205800,47752800,1083800,7591000,8497900,751200,10228000,1839700,2299700,1130800,1847300,8124000,2412200,2339900,5330900,5330100,16608200,722200,8384500,9131700,2788100,5518100,4339300,17530100,15874700,10414200,7712600,30564000,12711700,842400,5470500,1215800,323952000,4198600,5159300,5313500,5984700,40077800,6793600,1146300,4232400,4417400,1630500,8173400,2658600,407600,682500,8723800,10758500,7992900,1139600,7625100,5718800,1802200,1105900,1168500,24686200,3592000,1409400,3217700,59812200,3603400,5371800,3655800,2298700,10341500,2597600,1181500,1216000,12913200,2326300,21104100,60545600,2483500,15745200,1694900
2024-05-17,41282900,5152200,3279000.0,7004600,4232000,2260900,2908000,8031800,65944400,1974200,2157300,33175700,2877900,18174000,1848700,5562400,25537300,4960000,394400,2988700,6978200,8418400,2104300,3284900,22775900,2010200,4135200,14653538,1466400,4450300,1309100,3478900,22020300,9607700,5497900,2898100,1612100,3187400,7356000,1556000,3694000,3206000,785100,897600,1619700,2340100,543400,1881400,6088700,24011300,17946500,1419700,5946300,3579000,2753000,11412800,24479300,1655900,3639400,2739000,2405499,2956400,2060700,41449800,720300,6521800,9260500,585900,11539000,1150700,1670300,677200,1968800,9106000,1985900,2454500,3609600,5827800,10807300,407100,5396500,9243500,3142700,8281600,4690800,15352200,13774700,9490300,10168800,37827000,12019600,966700,4439000,1245000,359691000,4270900,6179400,6602600,4449100,26106400,4700800,823300,3260600,5307800,1886300,5799700,1286600,386600,516500,8500900,14436500,6467200,968600,5534400,4833700,1258400,1236200,940500,25891200,6467500,1398400,2921400,77445800,5612200,4534200,2657200,1956700,6177800,4098500,498300,1382400,14670400,1913200,15795800,29330400,4092800,15104500,1999500
2024-05-20,44361300,3058700,3747400.0,7165900,2418000,1881100,1725400,5954500,45618000,1394600,1733500,30511800,2246000,27170000,1983200,6228600,28369800,5497500,366300,3287900,6534100,11792100,2247900,2814800,53286300,1306700,3900100,13373138,1241000,2814700,1347100,2799300,22040700,11475900,4913800,3654100,1158500,1757800,7667400,993900,2088800,1753000,638200,534700,1852500,1933600,463800,1021000,4560500,27019100,15774400,899400,5586800,4719700,2280200,9070700,22554400,2591500,5844300,3237400,2130806,2726300,1418700,31989000,951200,7742300,17373300,763600,11000900,1499200,2188800,735200,2684400,6650000,1397200,2651100,6156800,4955200,11745100,392900,3962700,8077000,2454700,4860400,5690200,16272100,19123200,7179700,8365500,38579000,9701500,689400,3674000,1474900,318764000,3913100,5989000,4840800,3221100,22423300,3804600,627600,3941400,5340100,1969300,8879700,3493700,317900,661800,4412800,11183800,5559400,1424400,6877400,2984100,851700,1080000,1217800,28266600,7054100,805700,2983400,61727400,2187100,5282800,2476200,1812700,5460900,3089100,567000,742200,8665000,1800700,15029000,15001400,3694200,11551300,2254400
2024-05-21,42309400,3645200,4485000.0,4391600,1866500,1915800,2247500,3918200,30005500,1705900,1527300,50839100,1900200,15333000,1825800,4349100,31799200,5600000,461800,2731900,5801500,11197200,1841100,1787400,29685600,1175800,4998200,14374624,1454400,2756700,1375700,3492100,25172200,16758100,4783300,3389600,1370900,2561200,7333300,1148600,2753600,1693500,874200,606400,2357300,2211000,539400,1389200,7711100,32851000,18146900,1027200,5071300,5701200,2541100,9911000,16989400,2762600,4093900,4275100,1849111,6459800,1681700,42975400,1283200,5492400,14420800,703600,9796200,1228300,4334500,558900,5397700,14234000,2166000,2362600,3681500,4251900,11742200,400100,4603000,8596500,2345200,6254700,8337100,21453300,15717800,6420100,6702600,29202000,7809700,579600,3920500,901500,328946000,3783200,5549500,4089500,3288100,28119900,5147100,549200,2524900,6199600,1804300,11498800,2470100,331600,698200,4754800,8916600,6067500,1529700,6926500,3694100,1101900,1516000,1256500,31173300,7664700,1133200,3218000,115266500,1862900,5489100,2521900,2750200,6578200,2206800,1526600,1106700,18327000,1472900,18422100,17131700,2974300,14495000,1600400
2024-05-22,34648500,6904900,3190800.0,5933400,2432400,1875800,2361600,5047000,47426700,2849100,1681100,28148800,1060000,21002000,2292700,3785400,42837600,5082500,391600,2664400,6390200,8855300,2104200,1974600,29002500,968800,3849900,18944798,1333000,4468100,1192800,3309200,19940600,9543900,6260500,4214200,1318800,2533600,7190300,1512900,3124900,5366300,587000,766400,1931100,3617600,426700,1566500,7480200,35403000,26299700,1766000,4432200,6227700,3409900,11874500,17880000,2729500,7000400,4024400,2136111,3294900,1295700,36706400,1355700,6609800,9425300,769500,7419400,1655000,1767500,548700,2769800,8938000,1713700,1906100,9157400,5372100,10078600,359500,3807800,15142800,2250000,4407500,5194300,18073700,11190100,8773600,9619600,21762000,7611900,556400,4228500,884300,548648000,5760100,5705000,5747900,4047000,46987500,4536700,506400,3158100,4407600,2441800,11170100,2191200,308700,912300,3626300,22072200,13806600,1876300,11801400,3356200,734400,922700,1611500,30647500,14857300,873000,4197800,88313500,1510400,9119000,2299100,3590500,4202500,2510000,1042100,1084600,12374100,2274300,10340500,14879400,4231100,17879300,1575700
2024-05-23,51005900,5672900,3900900.0,5862200,2526100,2219900,2182700,5806600,91888800,2139700,1768800,33670200,1466500,31039000,3272600,17116000,39033900,5467500,538300,3392300,5581300,11535000,2749200,1997700,33957700,1510900,3948900,17159281,1678000,3757200,1519200,5456600,18837500,18271100,6718400,3438200,1736600,2901100,10504000,2249200,2529800,3881600,687000,532700,2642700,3373600,491700,1772500,4691100,43590100,16864800,1446500,7411500,5625300,3083400,10643700,21024900,2254500,7214400,4021100,2776000,3341300,1595900,62014500,1189400,8000400,8069400,828900,9834300,1674800,3025800,867000,2636600,10576000,2084600,5636200,7344400,4526800,11747900,473400,3845500,10349900,2740700,6830900,5594500,17211700,20747400,9097800,9367000,23139000,7729000,947100,4307500,950100,835065000,5576000,6108600,6609200,4009000,42031300,4729800,1117600,4364600,4573200,1696800,14475100,2464400,315700,877400,5787100,15841300,14676500,1569900,8766100,3890000,1091000,1142300,943300,32477700,7430400,1185000,3629200,71975500,2269500,7125400,3055400,4437200,6115900,2251400,679400,1554700,14105000,2129800,13056100,16222900,3074900,15979800,1946000
2024-05-24,36327000,3691700,4497800.0,4455600,2048700,3085600,3123500,3795700,54868600,2425800,1257900,27471600,1070600,16730000,1624200,9489400,22166300,3795000,429000,2067700,4786600,9424600,2635200,2094800,21930800,1311600,2554800,15338872,1135300,2851100,1623000,8325100,11941100,11725700,4477700,2134100,1511800,2089000,6451600,1122200,1864500,1648600,541800,1533600,1345000,3730900,294600,1495600,4187700,40840400,9650000,1096600,5500300,5971000,3195900,7373000,16579400,1932200,4022000,2736900,2504597,2587400,926100,42434500,1082000,9520600,7356200,548400,8203100,1157400,1778100,513700,2632200,7196000,2162100,3382900,5206100,3723600,12024300,283400,2602000,4727700,1806000,5983800,3550500,11855300,14048900,7601100,6232400,26153000,6936800,420800,6783500,1056100,429494000,4660500,7173400,4616700,3447400,22589100,3820100,644000,3107600,4053900,1250600,13809900,1870400,259300,592700,3431300,10746200,6152200,1011200,6801000,2424700,1410900,661800,1230600,24996000,5625200,883300,3722100,65584500,1623900,4354100,2527800,2995400,4339700,1794500,329600,1050600,10420000,1936700,9913000,11795000,2016200,12212900,1893800
2024-05-28,52280100,5533500,5741600.0,4771100,3530200,2575300,2648400,5509400,66495400,2636700,1828300,29927000,1207700,22919000,2315400,5274400,31217900,4267500,636200,3315400,4252400,8404400,2264900,2226500,27374300,1445800,4276900,18071992,2877300,3830700,1986300,9294100,18178800,14387100,6928300,4443100,1448000,2881300,7813100,1191300,2472200,4167800,881200,1522000,2257400,3800000,516400,1772300,5891500,57460100,14922100,1229800,5749700,5593400,6350900,13749200,20572200,1930800,4840200,3807500,2564755,2629500,1815500,36799100,964200,10499800,6910200,601100,12347000,1696500,2483500,1150400,3072400,9942000,2670800,4324700,4616800,6177700,10175800,319500,4360900,7582600,2381000,10263400,5541600,15718000,14143000,11986600,7505200,26095000,10835000,848400,7735000,1571400,652728000,6564900,6911400,6271900,6178100,32371200,6466200,738000,4857000,3560100,1590100,12485400,1771600,336800,990700,5137200,8833300,8486300,1735100,10387400,2941700,1187200,1199900,1872400,25458300,5090300,1435500,5729300,59736600,2223700,8661000,2912800,3314700,6212100,1912700,519700,1379600,15071300,2738000,11276300,13349600,2561500,13978300,2304300
2024-05-29,53068000,4254500,2570900.0,4960900,4480000,2214800,2438900,4718800,56537500,2475900,1977700,32009300,1109100,26861000,2711300,3666400,26677500,6385000,574900,3426800,6809400,7224200,3040000,2083600,37684800,2930700,3115000,30445245,2119000,14290900,2282800,13397900,16001100,16543400,5909600,5227200,1673500,2931700,7376300,1340100,2527900,2427400,851100,1412200,1831600,5506300,357200,1131300,5635700,45759500,11570900,1108000,4820800,5609600,6099800,13262300,23388700,2315700,6275500,3506200,3019818,4206600,1471400,35848600,958200,8263800,6120000,855000,11861800,1465600,2380000,1268000,2359800,8802000,1876900,4029300,7522200,5173300,9226200,327600,4826600,6472200,2624400,8527800,4679600,15517100,11242500,6896300,8477700,36959000,7237300,1340700,4388500,1337500,557442000,5639700,4735100,6714300,5352100,24241700,4360400,585300,2945800,4465000,2220900,12552500,1455400,346700,896900,4796800,9268100,5617300,1711700,13138900,4413800,1131000,870800,1918900,23503800,5367100,1324500,6166000,54782600,2034300,5607800,7521600,3996900,5469700,3774100,486800,967300,17652000,2075900,12835000,11538600,3238100,13902000,3071200
2024-05-30,49889100,4311100,3575000.0,5124000,5007800,5604400,2228800,4059200,46367000,2727100,2850400,29184700,1185600,21717000,2386300,3924700,50989100,5255000,650000,2905300,5150700,10061500,2745800,2709900,27430100,3686500,3148000,19478298,1427300,9914300,2277800,66763300,19894200,16151200,6369600,5371700,1340300,3450900,7300600,1235300,2423800,2692700,771200,1016100,2051300,3004400,381600,1240900,5189100,42218900,13146600,1084300,4384400,7118600,3679500,9267800,22931500,2135000,4293600,2921800,2453881,3842400,2844900,33351000,1650900,8490300,6829100,712100,9433800,1375900,1984600,1173600,2778100,10577000,2189900,3597800,7106000,5823300,10719600,284800,4520300,6579400,2569900,13000300,4548800,28394500,12639700,21762300,5864900,23889000,9300100,1257000,25471500,1380200,484553000,6217400,10839600,3784200,3903100,23298600,4748200,591700,4325700,3875400,1950100,12245300,1391800,444000,982200,4391300,9294200,7078300,1149100,14337100,4237900,1088100,1086300,1347100,33262600,9088700,2431300,6208500,77618400,1223200,5213500,5169700,4077000,4901900,3969200,647800,975400,19633200,1672500,13580800,13051900,3205500,14683700,2904700
2024-05-31,75158300,15664400,3778600.0,7915700,6882000,7487500,5511600,13548700,64331900,4488900,7331900,58903900,2569000,73091000,5102500,5774500,58188400,8827500,1616000,5190000,8825200,17351600,8319400,3191100,27997800,3915500,6648000,28850933,5076000,13830200,4360700,36807400,39269100,22366700,10334200,8083400,2332100,4801100,14735800,3657100,4000800,4525200,2435600,4148700,4318100,4082400,1066500,3837900,12030100,57205800,18379900,1746900,11704800,14509300,7500900,32674600,37638900,2638300,9384200,5557800,3356474,4905000,2964500,95797500,1983000,14621200,14417900,1684800,19816600,3621600,4472100,1651600,4598400,15598000,3917100,6125400,7410600,7977100,16919800,821300,21754400,13899900,3935600,18150500,7155500,47995300,24153800,16196000,14031100,40710000,12565600,2867200,21509000,2484600,613263000,9284200,12755600,7976900,8155600,78290100,10341400,1250600,14977800,7528800,3669900,15064900,3423100,833200,1698100,10411800,12669700,8617400,6144800,41723600,7168000,2376200,1849700,2175300,67619500,26987100,2106700,8684300,67314600,2263900,9137300,6694800,5887400,8910000,4902500,1649500,2362600,38917400,7068500,25386600,27632200,11067800,29037400,4088400
2024-06-03,50080500,4467800,3843400.0,4915100,3596600,3967700,2913800,3828100,59157600,2447400,2333200,30786600,2101800,26278000,2677200,8951600,31898600,5747500,571000,4903000,3217200,11373900,3878600,2891900,43854800,1500500,3197900,16700044,2035900,7129500,2008700,19962700,23295000,17087300,9009900,5037000,1284200,3003200,6908600,1196200,3429700,2254300,1256000,1238200,2870300,3239500,451600,2494500,3995600,53784100,10249400,1409800,5220500,8560900,4232600,15698500,27459100,1930700,7969000,3712800,2592554,2776100,2043400,35544900,913100,7329200,6444300,515100,9369000,1809000,2537200,990100,2480500,6806000,2123800,4342800,4268400,6077900,11279400,449900,4508100,8197700,2513900,7702500,5671200,17484700,16134300,15410500,7828900,23235000,9668100,1085600,9538500,1442000,438392000,4398700,7256300,7562900,5032400,38177200,5828400,1029600,3262400,6332700,2345700,12419500,1850800,533000,1149600,5908800,12443400,4365000,1971300,15482100,4539700,1770900,1230000,1218300,38332700,7160100,943700,7801600,68568900,1776200,4153500,2795100,2728300,4838800,2887600,685000,1971000,20688100,3030100,13206500,11578700,3195100,19589300,2142700
2024-06-04,47471400,4215500,3048500.0,3880400,3498600,3183600,2149000,4379600,48157200,1830200,3236300,27198400,1453800,23048000,2512100,7176800,26974200,4067500,666400,4154800,3245800,10424200,3706600,2213300,51622200,1654900,3599100,15557820,2120000,7683600,1754500,11197500,23330300,12873100,6360500,4399100,1328700,3119800,7269100,1403900,4822700,2346700,997100,1246500,3012900,4499200,461900,4143000,4529500,41533100,24814600,1253600,5598600,6593100,2512000,9505400,26879600,1835000,8608900,4296800,3565809,2594200,2235100,51027200,936200,8876400,6848300,474500,11895600,2157400,1748300,845800,2291200,6672000,2096600,4592700,8083300,5178600,7088700,394800,4988100,8681700,2319000,6440100,5409600,14348900,12995500,8484300,9173500,30082000,7838400,530700,12456000,1643700,403324000,5815900,7368000,6910100,4619100,46309500,6277000,932000,5538500,5080900,3147000,6629100,2602000,340400,709700,7998000,12370000,3887900,3117700,15700900,5106500,1208100,657600,1729900,30089100,5068200,995000,7238200,60056300,1729900,7221600,3178400,3874800,4188500,2997200,559700,1112200,16040200,2039200,12520700,14780800,3460000,19412200,1304400
2024-06-05,54156800,5100500,3121500.0,3302300,3002200,3295000,2326600,7887900,60507500,1748600,1737100,32116400,804100,32947000,2925100,5944000,34140300,3565000,539800,2634400,5193800,8780700,2616300,1961100,29171100,1552000,2636800,13482079,2412100,5119100,2080000,10772100,28746400,8933000,7058500,3437300,1394800,2552000,10796900,1047100,2228200,2898200,1383700,650800,2030200,3406600,380400,2487300,4781900,45509800,12639500,930200,4279900,6145800,3294200,24724900,22068500,1678900,7989900,2422400,2888891,3049400,2259300,44161700,2226600,5891300,8351600,943200,9632500,2116800,2169000,915300,1727900,11660000,2157000,4136800,16758300,5103000,15690500,382500,3115400,6859200,2148500,5009400,4499700,16988000,22301800,9264600,6110800,26826000,7463300,993800,13989500,1251400,528402000,4729300,5973700,4903000,5370700,27346700,5243300,645800,2824700,5266700,2190400,11626300,1698200,385500,569700,3141000,11275300,7010100,1607500,10660500,4245700,1480600,879900,1121600,28101800,5377000,896100,8973500,57953800,1554500,5988600,2464400,3109000,5368700,1939200,427600,1196600,11964000,2202900,11199100,14982700,2474900,14863500,1870800
2024-06-06,41181800,5186700,3463100.0,9835500,2363200,3235000,2421300,3951200,47153700,1927900,1865800,31371200,1341300,20172000,2709600,5942200,38676400,3660000,406300,3438900,5979000,8537900,2452100,1940300,23698600,1632300,4217400,21698832,1424300,5355200,1735000,11693800,15456100,9545900,5215100,3399800,1305400,2405900,10294700,807400,1945300,2117900,1285100,615000,2385000,3399700,603500,3069100,4758100,28289900,11009100,1171200,3867300,6087400,2805100,10169800,23251000,1598000,9083200,2979400,3470319,2207100,1242800,34248100,1733300,5016300,7640300,722100,8658500,1282600,2109000,768100,2033900,8045000,1887100,3354300,12712300,4769400,10667300,452200,2510000,9325300,2229100,8088500,4741200,14861300,15505000,6550600,9956300,24667000,9760100,673500,7054500,1081100,664696000,3350700,7347200,5026800,5536700,35360400,6302000,594100,3144300,4847600,1567600,7597200,1412500,439700,480400,3875000,9237800,4669400,1727100,10522200,4210900,1686200,613100,1050400,22319200,9229900,1153800,7651300,69887000,1521300,3905500,2419600,2852500,4862400,1981000,654400,1263600,10259100,1666300,18587400,13256000,2395000,13154100,2722200
2024-06-07,53103900,3781700,2595600.0,8666600,2626900,2684200,1740900,3627200,44796000,1925000,2143300,28021500,2225300,17859000,2212500,3374500,25928700,4035000,468100,2942100,6918900,8260800,2499100,2324800,17319800,1208100,2596200,17124603,1886200,4375700,1593600,6883800,15734600,12240000,5887700,4802600,1080000,3626800,6047800,1070100,1886800,2513600,1071600,742400,3173700,2494300,378400,2389500,3199500,31934000,16056400,1281900,3341800,7412500,3373900,10811700,19661400,1736100,7534800,2583800,2719555,3475500,2843900,34085500,1199500,5111600,6964500,736000,9523100,1492000,2468800,1042800,1602400,5813000,1664700,2290100,4605300,4189100,9380700,430500,5636700,6491300,1908800,4945600,4018400,13621700,12139500,10059500,9087900,18766000,9397400,716600,5612500,1674700,412386000,3968800,11545000,6964200,3521100,27526200,4558200,702100,4786900,2506900,1687300,5714400,996700,250100,432800,3526500,10852600,5371000,3302700,15023100,3865800,1776400,810100,847200,36626700,8043300,1231900,5994200,56244900,1504400,3308400,3416300,3209300,4515600,1979600,608200,944300,10410200,1967200,14466700,20213200,3824500,13289200,1819400
2024-06-10,97010200,4247500,3078000.0,8555900,2509900,3209700,2214700,4796900,67444600,1992800,2874700,34445600,1942000,31042000,2933500,4385000,37176200,5667500,588900,2667300,3471600,9302300,2640500,2137000,16632000,1002700,2542900,14060179,2015100,5307300,1401600,7656900,13400400,10629800,7074700,4894400,1033700,3115400,7621900,1506800,1915500,2008000,809100,670900,1871400,1717500,406700,2050000,7102700,68322800,11051100,1475300,4385200,11592200,4002700,18571900,23726700,1698600,6262400,2691000,2809740,3440000,2323000,37396500,815800,5749900,6070800,649900,15685300,1406100,3417500,900400,1851500,10591000,1954500,2866200,4989900,6263400,11220900,323600,3506200,7947400,2526000,6033700,4566000,13982900,14652100,11218500,6292900,20644000,7035100,1013900,4652000,1707000,313434100,4317100,10164700,7812600,9429400,36977900,4110600,948600,5780800,3819100,1861500,6465100,1187100,250900,535500,5917400,8698600,5337700,2137400,12966600,5509200,1962400,694700,898300,32414600,4502700,1540500,6774800,50774600,2126700,4202400,3332800,3633000,5213800,2285300,558200,1253200,15210700,2268000,12787500,21659500,4067900,15239700,2506900
2024-06-11,172373300,3790200,3285800.0,7536000,2457600,2723700,2670100,4768600,40497100,1740200,2781800,27265100,1700700,34844000,3168100,5010100,44629000,5482500,499000,3605900,3754700,16966800,3247000,3052500,13762600,896500,3553600,17584160,1670300,4181900,1690500,7264400,17450700,10286300,5132000,4103000,948400,3444700,9134200,1337600,2434400,2221300,906000,597500,1566500,2063500,364700,1826200,9487300,48201800,10672900,1176900,5106400,4648200,2999600,21187000,21540600,1938200,4872400,3250900,2445287,2951300,2427200,25326900,907900,5661200,9235300,590000,8396000,1582400,4109100,908300,1910100,7123000,1777300,2729400,3535700,3807700,9673700,332400,2831500,9600700,2097800,11453200,5330000,14551100,14125000,22781500,7277200,21674000,7301500,1385000,5305000,1784700,222551200,5218000,18373900,4899100,8284500,29573500,3947700,540600,7061100,3751300,1692600,8197500,1113900,448200,479900,5769500,9024300,6048500,1082400,8300300,3814900,2294100,1148200,1129000,29957000,4010400,1407700,7331000,64761900,1831600,4193200,4599700,2659800,6244600,2083400,571300,881800,12083300,2346500,19197800,13367500,3273600,12462400,1844100
2024-06-12,198134300,4725600,3579800.0,4569000,3749600,3647400,1864500,5573500,48325800,1640100,3331500,33984200,1400200,56697000,3091100,5245200,38964700,6412500,833200,3551900,3219700,15398500,4817300,2304400,25555900,1249600,3812900,20169181,2018300,8650100,1838300,10260100,16803100,10617900,10017400,3497700,1055500,3311200,9041800,1748200,2397300,2263400,1188100,1282200,2109700,2129600,447800,1682600,11084600,57116200,10109900,1555900,5790700,5846100,4019100,14222200,27864700,1733000,6997400,4793000,2621943,3522700,3516400,51323900,1251700,6180500,12751300,807300,9569600,1914800,2594600,1026400,3609500,15063000,2738900,3169600,5878400,6274300,11983200,436900,3704600,9925800,3080300,5822000,5435700,22366200,16973600,13930500,5347600,20944000,9861300,1326200,6480500,1282600,299595000,4344300,40871300,7426100,6281100,32507900,5474500,740100,4650500,4083600,2217700,9502800,1489900,453700,669100,3429800,8873400,5587300,1639800,8142100,2825600,1818000,1219000,835100,35652200,4297700,1397900,10923100,90389400,3424800,4655700,4048200,3484600,7536600,3793300,804100,1245000,15065300,2182100,16929800,11704700,3006100,13606800,2068300
2024-06-13,97862700,3690800,4450400.0,4719500,3119200,8558000,2099500,3682400,44442500,1732700,1531300,39721500,2049400,89061000,3011300,4201000,40018700,3842500,462500,4563300,4054200,9358200,3183900,3203000,21689200,1177600,4051700,19755292,1797300,5939300,1322400,13566700,16149000,14136600,6163000,2948200,1583900,4945500,10164600,1496300,1811200,1859500,687700,1458300,1865700,2253800,366100,2194700,11503200,41422300,12397800,1015600,8080900,6502400,3639700,19451700,20913300,1849100,5759600,3380800,2079242,3525700,1971500,33787200,1142900,6840400,8587800,546400,9668900,1650000,2243400,742000,2116600,9582000,2916600,3153000,3807900,7197000,9954600,421400,5034700,8828900,3284100,5004200,3955900,15960600,16312900,10023200,5239600,18636000,8348200,1393800,5596500,1226900,260704500,4314100,13733200,9185100,5432600,33945200,4902200,667100,3122200,4264400,3486400,10102800,1197300,315400,516000,7112900,13947300,4147300,1333100,12180200,2678100,1073400,689600,939200,30692000,5636600,1304700,5444700,118984100,1273400,3409900,4951700,4944200,7361200,2669100,692700,808400,12297400,1883200,15963700,11196600,3339800,14466900,2298800
2024-06-14,70122700,4377600,2754600.0,3683100,2966200,14846600,1401600,3306500,34054000,1713600,1933200,25456400,1503300,69705000,2373800,5106000,32347900,3592500,376800,2768600,3540300,10511000,4195300,2013600,56577700,907500,2722800,13542898,1671700,5690400,1395500,8833700,15274200,11690800,6159100,2163900,1485200,3097200,7087600,1000400,2668000,1591300,709400,584300,1829200,2850300,275600,2055900,8863500,49382100,8370200,1245800,6247400,9793600,2904100,14716500,18063600,1559100,7004200,2589000,2375791,2777700,1515300,28125900,941000,4075300,6874000,474700,8179200,1396100,2023300,702800,1936600,6205000,2161500,2806600,3857400,5029100,10243300,372400,2685000,10651600,2934000,7338500,3406600,13582000,14028500,6568500,5505300,44471000,7426800,1085600,4790000,2206500,309320400,3374700,11330800,8611100,3603300,29461900,3695000,1363800,3672400,5643600,2107800,6438200,3807000,353900,741100,4917200,7192400,5756200,927900,12740300,2444400,1299200,789400,746500,22652300,3698700,1413700,4045200,82038200,1174800,3479100,3188400,3800200,8537300,2641800,617300,641800,10480600,1859500,15375400,12590100,2400600,13313400,2225300
2024-06-17,93728300,4076000,5158800.0,3936200,3559600,7163800,1856000,4974600,44507700,1875900,1779700,35601900,1217500,87528000,2426700,4790000,26135400,4502500,541600,3406500,6443600,15527500,3198900,2595000,25057400,1157000,3445400,33189569,1785800,5754200,1904900,10563700,16382000,7791300,6321400,6136000,1227900,3366800,10389000,1192200,2953100,1754200,1445300,668500,2017300,2388700,285300,2552500,10260800,31970100,11361400,1252200,9564800,5915800,2964900,9720600,19618500,1531600,8363800,2680200,3289737,3239800,2077200,36235300,1125200,6666600,8725400,737800,10532700,1939000,2532200,669700,1700800,10497000,2351900,2532900,5087300,5837600,11266600,310500,3490000,8284200,3006500,8524000,4874100,20790000,23909000,8445300,6201400,36312000,6365400,1033400,5374500,2168600,288504400,3624400,11232800,7717200,5412200,32194600,6759400,994400,2696200,4838100,1790800,12109100,2348400,446100,954100,3943500,9845900,5689100,1535400,11065500,3747600,1211000,765900,815800,27451600,5444900,1318400,6591900,109786100,1027900,3804900,2407200,4117600,9258200,1804000,552500,1190200,22286600,1900300,18361100,12103000,2255900,21147900,1798700
2024-06-18,79943300,4250900,3316700.0,4501000,5314900,4225900,1826000,5256900,51852000,2166200,2407800,36659200,1160600,86797000,2176500,6179900,30804500,4495000,479700,4005300,5365900,15768100,3275300,3006800,28003700,1206200,3722000,23948708,2225100,5690200,1763800,7119800,17627000,8908800,6942900,3827900,1211900,3162200,7044700,1095700,2469400,1786500,1453400,688600,2078200,2032400,385300,1903900,9493200,29023400,9008900,1506100,5105300,6684600,4662800,9691100,21869900,1798400,11520200,3655000,2592447,3386400,3034600,33294700,1384400,6156600,9023000,878000,10651700,1384500,2437000,657900,2072900,11927000,2636500,2956300,4951500,3795100,13060400,679600,3446200,16402600,2557800,6532400,4558400,17112500,42192600,29169800,7185200,29438000,6712000,963100,5932000,1726200,294335100,3597700,11629400,10427100,3519500,29817800,5112600,705600,4337100,5990900,2588800,22037500,1326700,379300,701000,3991300,9664500,5868600,1973200,13068900,3356300,1143100,983500,839600,33711100,4869000,1398100,5712000,68982300,1184600,3036900,3692700,4104100,6707500,2552000,1143300,1230800,17125700,2172600,15547400,12093500,4269000,17762900,2273700
2024-06-20,86172500,5847500,2874200.0,9154900,11374600,5752400,3058200,7045000,93245700,2890200,2236300,44726800,1146600,68157000,2968100,5479300,29383300,5302500,496800,4844700,8725700,9519200,4463300,2868100,21089900,1692600,4381700,22623921,2174300,5442400,1944600,14809600,25613200,6899500,8336000,3887700,1352600,6112100,7886900,1315000,3084800,2107100,1569300,843900,1984600,2469000,369600,1847700,13699000,53468000,14675800,1488600,4957200,25061700,4989800,10118000,20160100,2080600,12583700,3661200,4288562,4723100,2286100,43826300,1291400,8749700,8731100,1281900,13306300,1626100,3360000,1041400,2377800,14615000,3006800,4046500,8707100,5817500,11801200,542100,3476600,8957800,3176700,10348400,3956800,19877400,41285000,14857200,8881100,25851000,9393800,863800,5920000,1262200,517768400,4471000,8940000,11219700,4942400,29693400,8483600,635100,4760600,4646100,2740500,18701200,1341200,590500,1136000,6996400,10183900,5785200,1786400,14612900,3996500,1555000,1006600,1670300,32100600,7622200,3071500,6596400,55893100,1387500,5464900,5258100,4165700,10164400,3204000,1142600,1409700,17704700,3080000,11985500,13860800,3028100,17433200,3233700
2024-06-21,241805100,12228100,7645500.0,10324700,8473700,6568300,5915000,15289800,61293900,6596800,2828400,70792500,2500400,99289000,5064300,8628200,72244900,12455000,869500,9009400,9933900,18976200,8265100,3595900,24785100,4073500,6378200,52256112,5751400,27096700,3833100,15719600,64967000,20869800,21289800,6341700,2450600,6729000,14137300,3587900,4986000,2978700,3325600,1790600,3029100,7884300,984800,3067700,18869000,50178700,18825000,3142500,17195200,31120000,6390800,16699700,57759000,3780800,43586100,6596400,8412669,10181500,4971200,90795200,2754800,15172300,20972100,1919400,28278100,4042800,3445900,3363500,3627300,16514000,5007800,8425800,9783700,11563900,22359200,723700,7865800,28881400,7308200,17170800,10785300,34187100,49893500,19465500,16636300,45064000,15124400,1888800,8611500,4060000,649445800,16269900,14844100,21275100,10899100,52487000,14682000,886900,6708800,10027700,6463600,22286500,2066700,1269900,2069300,13310900,25648400,11933200,2312700,26455400,8470400,2538500,1367400,1837100,72558200,9206200,3153300,12269700,61937300,3171000,12516800,6368600,9144100,14594700,7128100,1251600,2802000,30375300,17559600,62732600,25883000,6889300,52212500,4891600
2024-06-24,80727000,6249900,4530900.0,5201300,4399600,3067800,3737300,5928700,45954100,3389300,1792200,50610400,2891100,58575000,2152600,7388300,31064900,4047500,528700,4933300,5594600,13290500,2447300,2706300,38154600,1276100,4444000,20736398,1662700,8802700,1722900,7545700,19136200,8704700,7971600,4045800,1323100,3122500,7393600,1502600,2026400,2157300,1018200,651200,2043900,2784300,559000,1581000,9125800,58436900,11347400,1897200,5519000,10915500,6248800,46697700,18298000,1882200,10900000,4278900,3112125,4864700,2368900,40611800,1610400,6914700,9785900,894400,13212500,1440900,2878200,1031500,3463000,10415000,2597100,3901200,4773800,10297100,13525300,390400,2948000,10236400,2327800,8553800,8418200,15913700,32410100,12063700,7214800,39163000,9466900,1077500,6070500,1634100,476060900,4265500,7793300,10315100,4476900,35414100,7565200,640800,2924200,6487100,1919200,16087700,2174600,518400,1026700,13704800,7396600,8341000,1602300,19090400,2574400,2240800,958500,1040800,42162200,4657500,1557600,5958300,61992100,1557800,3655700,5139800,3695900,24149600,2851300,822600,1188600,20773800,3349700,16198300,12470400,2705300,16266700,1885900
2024-06-25,55549700,4844600,4994600.0,4637400,4481400,3128600,1702000,4594900,40572300,3150600,1345100,45366400,3646000,53329000,3206800,7434000,30596000,3752500,388900,3879800,6231800,11643100,2990400,1681500,105894500,986200,6376800,19688818,1836800,4956400,1564200,6037800,17615800,8399900,5985400,2629400,1644700,2524100,10296100,1209200,2115600,1654300,862500,441500,2004300,1947600,659300,1576500,8065900,38818900,7944700,5586700,6825500,8354500,6561300,16419100,23130200,1555900,6827800,4879600,3146608,4069800,2247100,29323600,2475200,5912500,6862500,934400,10235300,1385500,2830100,711200,3892000,8646000,2299400,3903800,4614500,6501600,12063200,647300,5115700,9573000,2146300,6750600,7439700,16413400,31160600,10753200,6248600,22706000,9006500,724000,5154000,2105900,414192600,5553500,8205500,5971400,4217300,24721600,7968200,570000,2929900,6319400,1934300,11974900,3751900,518600,1490400,9330900,15821600,5840400,2654500,14237000,2998900,1885600,998800,886200,32354000,3931100,1942300,5673300,62905700,1017600,3456400,2916100,4818700,18325800,4849300,903600,1194400,17475700,3136500,26726900,20869200,2312100,14188900,2284400
2024-06-26,66213200,5576100,3797900.0,5406600,3162100,2931700,1693700,4818700,36973400,2800200,1828500,65103900,6456100,46479000,3151900,6553900,44310200,4377500,529000,3334300,6013200,12409300,2198600,3409300,55127800,1491600,3443900,25139160,2702600,5366500,1505300,4524700,13981300,8197800,8637800,2823500,2442500,2460900,10122300,1748600,1958900,1518000,712500,659500,2500500,2297400,654900,1849800,7809100,41426600,8416200,11126100,3998000,5795200,9908900,13055900,19839000,2131700,7334400,3365300,2306508,2779000,2389200,30743000,1360300,5267800,7758600,712600,9402500,1634400,2232100,932100,2601200,8787000,2451400,2796100,4596400,5372400,8882300,482400,2356100,7405200,1704100,8492100,6514200,16507000,55490300,11481500,6484800,35458000,10160400,779500,4930000,1616400,362975900,4776800,8036300,5259300,4778300,30745800,5164000,520500,3385000,4321700,1517600,10023800,2391300,533700,1048100,6953800,10708100,4684100,1617500,13501700,2856000,1674600,1630800,1140400,32029700,5966800,1091400,5316600,95737100,1302500,3301000,3153100,6104300,12172000,3843100,790800,1272300,19709900,2846700,30425700,14177500,2662900,15771800,2053800
2024-06-27,49772700,5382000,3588600.0,4137600,3162000,4734100,3586100,4309600,34018200,2082200,1599300,74397500,2748000,31649000,2264200,8199000,29464200,4212500,428400,3218600,4196100,11285100,1995100,2728400,38085600,1300700,3616400,13949104,2817100,3846500,1254900,12869000,16541900,16224700,5568700,2823700,1709400,2409200,8365200,1660900,2358000,1388500,687600,503600,3472900,1726700,380100,2549900,5575300,48080200,8987900,3989200,3339700,7176300,6436900,10409800,18848900,2835200,9507000,2912600,2029905,2894000,2112300,30184300,1225800,5739200,7913500,510300,8494100,1236500,1948100,871000,2654600,9148000,3313800,2651000,5688100,4751600,10121200,457500,4338300,8633300,1648700,11927600,5437800,14806300,68172700,9824500,5648700,24048000,25772700,981600,5907000,1208900,252571700,6201700,7518200,4730900,4326500,28399600,5007000,595900,3174300,4145700,1847200,11936600,1417100,507700,842900,6955400,10289600,5564300,1133200,9948000,3040800,1641300,1100900,723400,28916300,3377500,1506900,3157400,72746500,1092300,3874500,2991900,3732500,10529100,2540100,577000,959600,15560800,2649600,13832200,12899200,2470800,16812700,4164700
2024-06-28,82542700,24463400,3842500.0,8283600,14905500,5084500,3685900,6387400,56204600,3518100,2393900,76930200,2606700,69377000,3901100,5899900,52028200,8030000,769500,6819800,7714800,20053200,8891500,9395100,34277000,2645300,11036200,40854256,6618100,7191800,2131700,12619300,23921100,14343500,11283400,6707000,6689500,4638300,21439400,3406300,3898700,2423500,1806000,1711400,4756200,4029400,1146800,2557600,23274000,65914700,12546100,4278900,8641200,9590000,13274300,15020200,29156600,3839700,19130600,6344000,5097893,4193300,4067400,41467700,3106100,10495700,15307600,849400,17358800,2470200,3375400,3472500,12630400,12237000,4105000,8958700,13568600,10899600,15855100,616200,6196500,12238500,3656300,57055500,9058800,28362300,38140600,23935600,10265500,34124000,129967000,1103100,8609000,3517800,315516700,8379400,25814800,8397000,8755900,33189200,9253100,2809400,5436400,7299400,10211500,15547500,2830300,750600,4325900,13853200,13207500,8997500,2175800,14139900,6227000,3709800,3028300,1894400,52825200,12781400,6150900,5172300,95438100,1625800,8861000,22734200,6609600,13957300,3898900,988700,3234600,27639200,11688700,31074500,18816700,3726700,24565900,4189600
2024-07-01,60402900,5194500,2905000.0,4588900,2411100,3070200,1427400,4239600,50436700,1769400,1691700,41192000,1974700,47623000,2792700,9056700,26770500,5777500,543500,2974100,4234500,15334400,2950200,2230300,41781100,1386200,4205200,18038382,2092600,3925100,1989000,5871700,17776000,8337900,5584100,3525900,1458100,3925500,15299000,1483900,2097600,1285000,819700,678600,2422300,2496100,387700,1925900,6675800,56152700,6817200,2469100,4435100,5251000,3250500,10825100,16006100,1850500,6184400,2643600,2279559,3321000,2386100,32401800,1658900,5144400,10205800,480700,10033400,2462900,2546100,562500,2569200,6145000,3149700,3817600,8328400,6769800,10328200,483500,2705600,7070000,1705200,11533000,7420600,17662800,24749000,11036400,4457300,22128000,44369000,719100,5606500,1475100,284885500,4417400,6552400,5321600,4508000,26209000,7638600,568500,2405800,2906300,1422900,6800600,1915800,383200,954600,4475200,6767600,3902800,1818500,8464000,2936500,1452500,1079600,778900,36095700,4546500,1459400,3257400,135691400,1259900,2873600,4523100,2668200,7955800,2205500,652200,950500,16412100,2494100,14470200,8666000,2158400,11972900,1589800
2024-07-02,58046200,5965500,3526100.0,3650500,2177200,3054500,2007300,3510600,57838600,1542700,1913600,45600000,2832500,32539000,1871700,4110500,35626100,4905000,367300,3220900,3321800,10965600,2119800,2099800,24523800,1056400,4205800,16760223,4672400,3836700,1377900,5130600,19794200,7143000,7216800,3012100,1290000,5067900,13340300,1162800,1856100,1288400,922400,1035400,2474900,2274700,372100,2047700,4633400,46990400,8470200,1834400,5247300,4846200,2949500,11338300,17372500,1491800,7591800,2995900,2024706,2883300,3321000,35999300,1091400,5492000,7802900,536900,8878200,1886400,4584600,502500,2173700,5504000,2061300,3944900,3377800,9997100,7739500,451200,2291300,5463400,2531500,5645400,5570900,13979800,20776000,9415200,6301100,24114000,26183400,504000,4378000,1143000,218374000,4590200,5920500,6663000,4650800,21989800,5449200,542200,2945400,3893000,2622100,5632900,1384000,364300,677000,8299900,8854100,4925300,2354000,7927800,2766600,1142300,731300,844100,31606900,4955600,1316400,3317400,205047900,1509200,4168700,3312000,3280400,8697800,2927900,773400,852500,21659400,2775500,9543700,9436500,2661000,13326700,2454200
2024-07-03,37369800,3527600,1725600.0,2017800,1751200,1664400,1154400,2768800,26980900,1000700,1182600,31597900,763700,39954000,1365900,2764800,17100700,1985000,250800,1970300,2144400,6574100,1352200,1085400,14095400,900700,2114700,8171086,2237900,2326200,814400,4755700,8118300,5371400,3264200,2091900,668900,1935800,5030000,879700,1072700,799100,678200,656200,1074800,1814100,236200,1123000,2614700,26894300,8913700,1274300,2577300,3995700,2521800,5440700,10242100,993900,3917100,1733000,1152989,1649000,2070100,24065700,826400,3246200,5560900,440800,9154200,865100,3078400,313300,1423500,4308000,3192400,2026100,2438200,3462500,6005600,186600,1230800,3663800,1344600,4002100,3112000,9932800,14507100,4487200,5732500,14035000,15952000,304000,2887500,737500,215749000,2125700,3560800,4119000,2879600,15180100,2980500,439100,1339500,1647800,1081600,4996200,1442400,378300,405300,2149200,4906700,2502100,1007000,6655500,1432800,619500,462100,522400,19463000,2277500,908300,1652900,166561500,717300,2454800,2239200,1539900,5017800,1479900,439200,708700,6653900,1204800,6698800,6287500,1178300,7732900,1251800
2024-07-05,60412400,5978300,3836100.0,6582700,3158900,2808600,1260600,4076200,61857100,1274400,1018500,39858900,1381400,45240000,2488300,3290400,23489000,5042500,341400,5149200,4641100,7226200,2280900,1245100,25550000,1612000,2844900,12987737,3458800,4188300,2620700,6562100,14692600,6275300,6183100,2380900,1273500,3932300,8550800,1261800,1929800,1195100,1349600,785300,1468600,3354600,371400,1557700,5644900,31589300,8300600,1480200,4668300,4211700,2671200,11452700,20967500,1593800,6890400,3437500,1437973,2086000,2099900,45309400,1114500,4888500,8093100,461200,11735500,1499400,2880900,631400,1907400,5599000,2220700,2814300,2740600,6198200,21354100,430100,3059600,6881500,1587400,6786700,3633200,16000300,30104600,7688800,10350200,26591000,19603700,436700,5966000,1348100,214176700,3378500,5365500,4850700,4208200,17268700,6509200,548800,2252300,3569100,1605500,6375200,1235500,418300,490900,6153300,9663100,3233000,1097900,7917100,2343600,962800,777100,1007900,30727800,4408800,1233300,3256500,154501200,1130300,2887900,3499000,3237500,7986400,2416400,415600,848800,17552200,1626900,11436300,21586100,1653000,12631000,1812100
2024-07-08,59085900,3500200,3228300.0,4542000,2557700,3007400,2059000,3782100,60223400,1167200,1508800,34767300,1182000,36398000,2638600,9878100,26728500,3987500,529600,3559500,4537500,10349000,1913400,1783900,29603500,1753500,2857300,18798086,2375900,4199600,1611300,6539300,19320900,5908200,4990700,3086100,1671600,2489800,8167600,1149400,2535100,1568900,1548600,658900,1510900,2632000,292000,1139800,5002600,44346200,9030800,1533000,3453300,5747000,2932800,10868900,21035900,2214300,4909100,3534500,1950224,2503000,2307400,82315900,1280600,5260200,8707000,438600,11235100,1502200,2364600,447700,2947500,7275000,1802700,3163900,4798200,7929800,14917500,819800,2338700,5318800,1897400,5743400,3884400,12962300,20500700,5368700,6158400,19308000,29905000,727900,10606500,1084000,237677300,5347700,8622600,6330900,5268800,25694400,5144500,434300,2185700,6081300,1647000,6920400,2247400,366200,346900,8738100,8871200,5338100,1660500,5470400,2359600,784300,833100,586000,23277400,5074700,1140100,2370200,157219600,1177700,3927100,3450600,2773700,8561100,2493700,735000,774600,15380400,3726300,12480000,12077700,2245000,13350500,1704700
2024-07-09,48076100,4224600,4328800.0,6268500,2479200,2167600,1994500,4889900,43395600,1852500,1577100,32700100,1740800,37802000,1943400,3942900,34697200,3770000,629500,2989700,3954700,16904300,1896100,2084600,26254200,1379400,3390800,19947885,1713600,3460400,1356800,7014900,17343400,8833500,5301600,2695700,2112700,2064200,9044400,1080400,3200600,1917200,982100,644600,1266700,2859700,338900,980900,7413400,40680900,9349900,1252100,3829900,5364100,3826100,9657500,15121400,4525100,6681300,2254300,1459299,2512700,2368000,97546900,889100,5890400,9058900,409400,11657500,1052100,2416000,537100,2571700,6242000,1608400,4927300,3226900,5389900,8753200,853200,2809300,9398100,3709900,6339000,7113600,17207200,21850900,6220100,4859200,25961000,23445500,910300,12166500,1500000,285366600,3617300,14334200,5500900,5801200,36867800,4393100,416900,2196100,4460000,2594100,5272600,1930100,268400,504500,5648900,11816900,4971800,1229200,6740300,2623600,1334100,892300,789600,27803600,4328600,1567500,2940800,160210900,1320300,3742300,3056800,3116800,6431300,3027100,796400,753900,20475200,4672100,12233800,9758400,2240400,11727000,1777500
2024-07-10,62627700,3887800,3263500.0,6598900,2283500,2368400,1845500,4258100,90247000,2192100,1576900,32883800,2172300,41074000,2203000,3583200,25333400,3975000,519000,3791800,3334900,9817100,2904400,2282900,22307800,1982000,2740600,20513502,1907100,3867700,1755800,8947700,18737300,11035000,5416600,2046600,1475800,2108200,7761100,1459700,3128400,2753900,844400,632700,1877700,1835300,325600,2083100,4998800,36305500,9197100,1466600,3904600,4101600,3106100,6711700,15952500,1946000,5927600,3263100,1901100,3462200,2873900,52256200,1082900,6093200,8328500,664300,11930400,1554000,2683300,656000,2007000,7749000,4760900,4092700,6386800,6904200,10983300,512800,4519500,9584400,2457500,4588500,5619000,18196100,22460200,6740900,8403000,26519000,21378200,717700,7494000,1422900,248978600,3279400,6350300,5217200,7372300,29873600,5037100,642900,2998300,3089500,2052300,5159400,1930200,263900,518400,6483600,11132500,4527300,1241800,8538300,2443100,719800,1233400,729600,33408200,4240700,1976200,3338400,128519400,1799400,4559500,3189800,2834800,9635500,2640100,634700,854900,13826800,2448000,12097200,10803400,2129100,10004100,1971000
2024-07-11,64710600,3689500,6289500.0,5025300,2988000,3189200,2690700,5623800,59231400,2254000,2256000,44565000,1410500,51026000,1868700,4840600,33824600,5735000,634100,4065200,5818300,20112300,3016400,2363400,30702600,1144000,3719900,19878210,4568600,5839100,6021100,5341800,19741200,7529500,8322500,3766900,1764900,2815400,7422600,1678200,3329800,2383300,985300,896900,2235900,2402800,459300,2061000,6385300,51443400,8219400,1860000,4553800,9594900,3377200,16676900,25625800,2251400,8381100,4146900,2864806,2806800,3340300,55213700,1818500,6350400,10658100,875000,11431600,1368400,2855100,1132900,3006900,13516000,4032600,5546400,6609500,7454000,16458300,777900,4581100,7439600,2212400,7048800,7761000,23111200,25401500,12188700,11445200,51066000,15876700,761200,6408000,1927800,374782700,5896000,5245100,5158000,10258600,47322600,5831500,761900,4242900,3949500,1900200,8602200,2993100,444400,711200,7592400,12316100,5796000,1603100,6239400,3542500,1384500,1376100,852700,23623400,3520800,1402400,4758300,221707300,2371800,5585400,3535100,3449600,8803600,2137000,902300,888300,12487800,3071700,16852800,15624800,3535700,13082700,1989900
2024-07-12,53046500,4133500,2923500.0,4277600,3951600,2014000,2431800,5396300,50827400,2191300,2238600,30598500,1054700,30453000,2612200,5129300,31856600,4940000,677100,4834600,4430800,30125400,2451300,1963800,22504500,820200,2564800,17870756,3125000,4505900,3288400,4705500,20936100,8220000,6446300,3423600,1034900,2546200,6465700,1284100,2715300,2120400,745600,960000,2082600,2032100,466200,1644800,8292800,85609700,8004100,1445700,5983400,5101000,3367700,16289600,22898400,2727800,6790800,4019900,2216641,4785600,3718900,62792600,1151600,5336400,15443400,655200,9201500,1843900,2315100,579400,3180600,9459000,2645600,4543000,4775000,8426600,19750500,419500,3381000,7337400,2256500,7022300,7060600,16324300,20726900,11099400,7345100,33552000,14527500,692100,4547500,1414600,252680500,5273800,7361800,5098700,6677000,28397000,4684600,800900,4003400,3541800,1810100,7217200,2062500,471500,1101000,6003000,10559300,6543500,1494700,6584000,3682300,1140700,1355500,835700,37919400,3866000,945200,3043900,155955800,1576100,3683800,3570600,4801300,6627800,2311200,833700,839700,11129100,3512500,53042800,12145300,2353800,11684900,1672800
2024-07-15,62631300,2395100,3546100.0,4970800,3866200,1887800,2678900,3674300,42202700,1688800,1585400,40683200,998500,22999200,3054400,5189000,36648100,3637500,888100,4594900,6481600,16656600,3394300,2865700,25269100,1266500,3093600,20292526,2431300,5118100,2064000,4404300,15925900,6186500,5661200,2796500,1158600,2869200,7417700,943300,2863400,2116800,729100,1486700,2694400,3532200,306600,1416000,8756800,65643300,9112900,2068700,5383300,7569300,3720000,11073400,16474000,3568200,11872900,2884000,1837864,2925700,2950900,39847900,1573000,6711400,10719700,637300,8207500,1271500,2358700,783000,2074600,7911000,1727700,3393600,4251400,7712200,12539200,368500,3316600,8734000,2198800,6918500,10093900,14429400,20416000,19575400,5720800,32088000,20775800,624400,4554500,1653500,208326200,4621500,8687800,8332400,4551800,30534400,5752500,704500,3264700,3606900,1627300,7463700,1744900,434600,908300,3776300,9064400,10069300,1961900,11441800,4114000,1187400,1083500,1363400,33910900,5555500,1326000,4028300,146912900,1188000,3089500,5128000,4164000,6845200,2442100,838300,827600,15874900,1811600,27277300,10171100,2219600,13032500,2216500
2024-07-16,43234300,3829500,4079300.0,7656900,3640500,1539900,1853300,4124800,40633100,1879400,1329400,33994700,1210800,22244900,3074600,8546400,75953300,3610000,744600,4293700,4243300,21170200,4637000,1712300,28752600,1166600,2859800,19783460,2106500,4633700,1687600,4780400,17037300,9724200,6924200,2592900,1732900,2754000,10755500,1192900,3057000,2024300,727600,1887900,2423700,2925300,261200,1671200,6030100,52040100,11035800,2812600,6500700,5129700,3960500,10192500,18290700,3981700,12012500,3210400,3160189,3374500,3823600,28409900,1436100,6469600,11557000,627400,9025100,1173300,2111800,736400,2356500,6284000,2846600,4173000,3601900,7576700,14075800,492200,3609000,6205400,2271600,8194400,16716400,17175700,21312600,10551800,8036200,26857000,20980700,641300,4983000,1457700,214769500,5127600,7181500,5007200,4461700,26912100,6378300,1087500,4508600,2731400,1570500,5998500,1893700,282400,981800,4341200,14968700,34310900,2239900,8220200,3211400,1584600,1215100,1336400,23923600,3660000,1122100,5437500,126332500,1176500,3134400,11062000,3805100,7869900,2483300,866700,813000,16016900,2181700,25577300,9836800,2377700,13614100,1939900
2024-07-17,57345900,6983200,3242300.0,13438300,4383900,2316300,3277600,10538900,76954200,1933200,1759700,48076100,725300,43343400,2471900,4899600,65713600,5670000,692000,4776600,5215200,17215300,3061000,2166800,30846600,1441900,4117500,33812910,1834400,6484000,1783100,5625300,26638700,12382500,7296600,4046300,1528000,2718500,9456100,2012300,3374700,2450300,653800,4192800,3751200,2413500,397100,3312800,7026400,58087100,12056600,1588100,6041200,7220100,4090500,9158500,20734100,3908900,9098200,3991100,2852074,4225300,2794300,112304200,2388600,13801400,11572500,1699600,12508200,1896500,4200600,1123100,3958800,21142000,2925000,3711500,9193800,7404200,28076600,402500,3567900,10040100,3218600,7628000,11412000,21778000,31414100,11878900,8195900,40173000,11161600,1140100,7278500,1323200,390086200,5270200,9157000,7923800,7671000,45395000,7982300,918700,8941300,5411000,2074700,16156200,2627300,464500,755200,5433000,11567800,42877600,1824100,8453300,4313700,1794100,1411200,1246300,40611500,5012600,1131200,5228500,115584800,1708400,7792500,10330800,2863600,5324700,4185200,628600,1697300,20401700,2144400,17371100,13533800,3242100,13602800,2190800
2024-07-18,66034600,5957800,3593700.0,13078800,4563600,2184700,1976800,7715800,69420300,2228400,1736300,51043600,696900,37973500,4053300,5354800,48549200,4740000,718000,4638300,9579800,15796200,3876300,2733800,20659600,1028800,3286400,18947679,1531300,5957100,2338500,6351600,18462500,6968900,6577700,2896100,1736000,4266900,7529400,1414600,2638700,2415500,609200,3225600,4304000,2155600,339500,4377000,5929400,58077000,17498900,1603000,5274800,8120100,2989000,12268000,25315700,3320200,11484300,2395000,2297489,3487800,3255500,84188600,3856000,10166200,12415100,970900,11128200,1458700,7649600,981100,2606700,16199000,3339900,3421800,5883000,5688200,19267200,348900,3023800,6788500,3014600,9501400,9130700,20794800,30404900,10212300,7263500,75758000,14440100,891200,7589500,1490300,320979500,4518500,5998700,9040800,6228600,47279700,5926300,818100,4631900,4510500,2405600,9960600,1651600,396100,1061900,4450100,10701000,21576200,2013900,10758700,2921900,1226600,1250200,920400,34793900,7285200,1745000,4236900,110869000,1853500,5497200,6834800,3412900,5550800,2327700,531700,1473000,15752800,1599300,17739000,10682700,3023900,13033600,2171100
2024-07-19,49151500,4293600,3131600.0,11963600,5376200,2601900,2072800,6517100,47513100,1848700,1404100,43081800,762600,26309500,5750400,5121300,43903000,4002500,1036200,4158800,7913000,8583100,3462700,3313700,13619900,1169200,4229200,20598648,1554800,7559100,1984400,4468900,18289200,7143900,6427700,2680000,1152100,2982600,9301000,1168800,2163200,4844700,1026000,1290300,2657800,3215700,234300,2287600,4532700,75908600,9671000,1294600,5459800,5571800,2361300,16931000,18881900,2032700,18696900,2474500,2822897,3816000,2584700,69628700,4201300,7398000,8095900,918800,13775700,1503800,3782200,889400,2739300,14103000,2121700,3470600,5818700,5012600,15149400,894300,2884900,5776500,3037100,6848800,12555900,20940400,18038900,7752100,6268700,98156000,11913300,720000,5935000,1564500,217223800,3722300,6111900,10018700,5332800,30021200,6597100,600500,3485200,4819200,1787000,9195700,1505600,452200,764400,7229600,32965900,14768600,1537700,17681000,2729800,993100,1094400,2421800,29910300,5721900,1667300,2494900,87403900,1643000,4868000,4290400,3073800,6839900,1582400,599700,1691800,17608000,2100800,12362800,11665500,3043900,16157700,2131400
2024-07-22,48201800,4066900,3672100.0,7880300,3419300,2391700,2754600,7515600,43912500,1733700,1476200,39931900,3865900,28813300,2590000,4883500,42838300,6365000,573200,2995700,6471000,9925100,2659600,1731100,21676000,756300,3265100,24768698,1258500,5172800,1920200,5647600,19899400,7913600,5577300,2509100,1071200,3314300,13377000,1347900,2373200,2890800,679900,921500,2424100,2088100,266200,2252500,4941200,59116800,12381400,1414200,6350500,6420800,2778300,17064700,24100300,1792500,13880800,4049300,2954461,2488500,2697300,48503700,2574400,6840600,7663200,967800,11794200,1096700,2904500,881600,2308500,13319000,2111700,2759500,6739900,4325800,12023100,506600,2686600,5103200,2620900,4341800,8931200,15808800,23837800,9034700,5091600,52191000,19385500,790700,5258000,1434700,258068900,4000800,5387200,9944100,5308400,46483200,6383000,517300,6266100,5601100,1688600,7590000,2016100,299500,558200,6207900,18851500,16727200,2350500,11212800,3619900,1708700,1094700,1136600,44083600,4764600,1163700,4391100,101225400,1084500,6063800,3377300,3629800,5313600,2435400,743900,966200,54985800,1744100,13638600,12666100,2545100,12065900,1532900
2024-07-23,39960300,2933800,2676900.0,5894500,1994000,2363900,3048900,3635300,31950600,1458200,1123600,47537700,3224100,21570200,2564000,7614300,36705100,5212500,701500,2393000,6719000,6961200,2027800,3479900,35636000,603400,4202100,32839593,2175300,5714300,1744100,3905500,16372000,7460500,6238700,4193500,1335900,7523300,22534700,1128300,1512000,2695000,705600,956400,1403300,3676600,243100,1518500,3172700,85897700,18792700,2268400,16428000,4502400,2662100,41152100,36352700,2020500,10264500,2535700,1900463,2180200,3545700,29466400,1753100,6261900,5557300,960700,11810300,1060700,2087700,2579100,2211000,6710000,2385500,2653100,6748300,3431100,9455500,433200,2172600,6919300,2018200,4285400,7400600,13107100,14707700,7027500,5870000,24636000,11041800,681200,5036500,2212900,173911000,3275400,6697400,8853100,3344300,25528300,4863400,789400,3708200,7560300,1745900,5796700,2160100,312000,488100,7602000,9592100,14758600,4163100,10099000,2188300,1764900,1024000,1245300,70161800,3203100,2005600,3621200,111928200,1109700,6083300,2785600,25353900,8109200,1793700,408500,821300,25257700,2601600,10927800,9263600,2164900,11251700,1329400
2024-07-24,61777600,6117700,5461900.0,8680900,3286500,2630100,2523400,9263400,49203100,2459300,1922800,41532400,2826900,37162600,2838100,5109100,36567200,8052500,660300,3143700,15546900,11591100,2835800,2311000,28171400,1029800,4880300,25018909,2688400,4808000,2511300,5204100,25318200,10223200,5971700,4168800,1256300,4080200,11768500,1568100,2875500,2313400,1230100,1444500,2151300,2209700,353100,3876300,5649800,81768700,18534000,1541100,7335200,6600000,3621600,21134900,49585200,1598600,10136200,3508100,3739601,6962100,2939500,62216700,2296500,7168200,7119000,2430100,13244600,1700700,2726100,2580100,2756800,13159000,3764800,5983300,7969600,5401400,17649700,615900,3252000,8777200,2534900,6338500,7967400,26805800,25261000,17813700,11682600,48882000,18563300,1301000,10473500,2553600,327776900,4860000,8018800,5568200,5867000,29579400,5907000,1113800,4082500,7366100,1857600,13295300,2383500,452500,698400,7180200,10478200,11836500,1919900,8552900,4190600,1905900,1091200,1481400,64465000,4755500,2857300,4499600,167942900,1842500,11049100,3156200,11642500,13065900,3770300,1116300,967500,22889000,2224200,10777100,22490800,2907500,14925200,1309300
2024-07-25,51391200,9442200,5626500.0,6356600,2764500,2136500,3340200,9961400,60578500,2435700,1926600,44464200,1760200,30872100,3828800,6128000,41593900,12062500,587500,3334300,10960800,12819700,3291300,2458600,34773400,775000,4633900,19617115,2080400,5492100,2183700,7155800,20631200,8178000,5432100,3806300,1241600,4250000,10765300,2489900,3165200,2537000,928700,943700,2127200,2258400,538000,5569700,7116900,259484000,16904600,1262600,8791500,11733400,4020700,27256400,44852000,1489700,10808400,3297600,7091406,9532800,3164800,49774000,1819200,10019600,6403800,1826900,16328600,1777300,5468000,1923900,2142600,19318000,2384300,3323100,10269400,6593700,18240500,647300,4598100,10341100,2366500,7357100,5582300,29943800,29068400,13934200,12536300,45545000,13855400,2050800,32749000,1390700,460067000,4755000,7654600,5711700,6270900,42296200,7338300,813300,3402100,6976900,2014800,12700100,6499200,528300,1222400,14997000,18973600,12194300,2536100,9608000,4028800,1118100,785700,1695400,54049700,3570800,3625200,4166300,100636500,1466200,9555400,3102900,7761900,8573300,4181800,825200,990500,19740300,2572600,14119600,18821200,4932500,17021700,2473700
2024-07-26,41601300,6948800,5101400.0,8611600,2438200,2090000,2275100,5209000,49435800,1515500,1548200,29506000,1042900,20839900,2174400,6272000,52049300,5850000,555800,2717600,7973400,9661300,1894900,1631800,20816900,1135700,7137400,26209681,1259500,5198800,1441500,6127300,16104900,14553200,5232500,2994100,1380800,2810100,11301900,3204900,2270500,2341300,848700,1434100,1488600,2214300,541000,3090000,4552500,79599900,10390500,1200800,7297700,7453600,2548100,18411100,41336900,2249700,6737800,2439000,7906996,4294900,2066900,38352500,1196500,8356900,8027800,1047500,13530100,1307400,4173900,1141300,1942500,11679000,2039600,4002900,5590300,5778500,14222400,379200,32748900,6995700,1789300,6467000,6599600,23583800,18547900,7076200,8371500,31207000,8892000,1164600,12050500,1252600,293399100,3138600,5139400,5189100,5746300,35657100,5581600,544000,3373900,5381700,1813600,6567800,3435900,380900,689200,7526300,12387100,11168800,1928900,8231500,4010100,1032400,823300,1680000,30844200,4958700,2715300,3117200,94604100,1358900,5384800,3201900,7271300,7062200,3151500,673500,774100,15911500,2104700,12538900,16789300,3434900,11252500,2437300
2024-07-29,36311800,5458500,2723200.0,19452700,1629200,1590600,2356300,4199200,47447200,1611200,1607800,33270100,1539600,16625800,2059300,3608600,37133100,5615000,612700,2620000,6993200,7901900,2190300,2155600,16795900,1021500,5398100,23469625,1428200,4629500,1320400,5101400,11475700,9237800,5072000,2063100,1491000,2176400,13024800,1628400,3445100,2880100,1155600,1055400,1905000,2343600,399100,2522600,4989200,91667500,9192600,864900,4886600,4571100,3135600,12521500,20293800,1599500,4742300,2142100,3049208,3336800,1186100,32342200,1120400,5625000,6533600,627600,12140200,1015200,2473700,961200,2082300,8251000,2248600,9381000,4556100,6616800,11339600,509500,10816700,6272600,1744400,9139500,5183400,15125800,13517700,5977500,8177100,24005000,10471800,877300,9887500,1134300,248152100,2744900,4054600,6335300,4152700,41713700,6797800,326600,2376300,4834900,2124000,6051600,2939100,301100,578900,4138900,10864700,9962700,1322900,9104400,3571700,784900,1122500,1719100,30788300,2579800,1621900,2400800,129201800,1313000,3392000,2965000,5414300,6068100,2721300,586800,694500,12937200,3316900,8986200,10315300,1995600,8861800,1302900
2024-07-30,41643800,6032200,2996200.0,9126300,1985400,1566900,3978800,7652600,68801700,1584000,2447700,39508600,964600,31102300,2498800,4789000,44163200,5492500,539600,3736400,9997500,13554300,1970800,1595700,20316800,909700,5236100,26916249,1712400,9794200,2017200,3944300,20166000,10469400,5740900,2541100,2266900,2953200,9896100,1699600,2929800,4096000,2968900,1028400,3039400,2306500,665300,4777200,7458300,69337000,11608700,1038500,5329500,6120800,3530800,12171700,18959700,2642500,7215400,2788800,2767619,3065000,2477800,48256600,1547700,6545700,8850700,1062900,13258000,1755600,3848600,1234200,1782500,13399000,2266900,4936600,6957300,7697900,11390400,479800,6746500,8663000,2357800,35509400,6225500,32687600,23915100,8505500,5645700,34966000,8515700,745000,5955500,835400,486833300,4091500,6505700,5804200,4994600,89857500,15746300,403600,2663900,5122700,3978300,15338900,2431100,358000,527200,6074400,16163600,8022600,1358200,9880400,4032500,964800,1399900,2427300,27855000,3104600,1627100,4848100,100560300,1360700,6062600,4139100,4747700,5941800,2954400,1205100,1036500,16089200,3992200,11503900,12522500,2498000,12483900,2271300
2024-07-31,50036300,6473900,3331400.0,8238400,2606300,2776000,4727100,11123700,114306800,2120500,2924200,41667300,1813000,45827500,2180700,15417000,50851600,9827500,656800,3798800,8446700,15046500,2568100,2598800,38380700,1466100,6410200,26539704,1854000,7554600,2135000,4647700,19953600,12826600,6209200,6131100,1659500,2887200,10241800,3344100,3946000,4475100,1803200,1128500,2020000,3197300,718700,5108300,6849800,75478000,13050800,947400,5568800,7052000,6477100,14112000,25729100,2658900,8096800,3526100,3526658,5558400,3890300,56110600,1763200,8293200,9071600,1793600,15576800,1874000,2961700,1481500,3054700,19419000,4313600,4652100,10036100,11087900,24285800,563900,6889900,19166000,1852900,22733000,5444600,42891400,26503600,15618100,10786000,31349000,14632900,1454400,6568500,2438600,473174200,7681900,7188000,5683100,6245600,40978700,9660900,576300,3960100,5519500,2273900,19222200,3728100,522700,522200,6780400,18901100,6982700,1785300,6599800,7362300,1770100,1644700,3543100,39522000,4360400,1702300,8036700,67497000,1590800,7462400,4713200,7025800,7642500,2725100,1458900,1351400,23605400,3178400,11535800,22908800,6198300,15137700,1740100
2024-08-01,62501000,6595500,5166900.0,9069200,2538100,2075400,4628700,11268300,94731900,2387700,3047000,70435600,3842800,40320000,3929700,13887000,60107800,13797500,586500,3892300,5946200,18052700,3747900,2232900,41570900,2495500,4921300,23257399,1873300,9704600,1861400,5527400,18837500,9214900,16689900,5732900,2991300,2132400,9263600,2019900,3975500,2753600,1902600,1053200,2533500,3083400,622700,5433400,7254700,60516500,12260100,1532600,6112900,5662500,4512500,15919000,24531400,4006800,8402800,3759000,3971323,4085400,4537000,107672500,2017900,7213400,10918600,2214200,16495900,2244000,4060700,1271700,2022800,28880000,2590100,4936000,14053000,8359500,43083100,463200,5563700,9974900,1363300,14117500,5678100,30296400,31643700,11136600,9913200,37206000,9563500,997800,6691500,2517600,523462300,5966600,5906800,9600100,5994500,39753100,12532700,1047300,3871100,7088700,3315700,24795000,4464100,897700,1046800,5135100,17307200,9896000,1351600,8952100,8598500,1266500,1049100,1630500,44379300,3131400,1458200,5228400,83861900,1684800,7958500,3680800,4790600,7269700,2412500,1316700,1893000,18166800,1967200,17752700,17275500,4540100,15051500,1987800
2024-08-02,105568600,6303900,7745500.0,9885700,2682700,2729100,4453700,12991600,78562000,2106200,4750500,141448400,1832100,33745800,6902600,11742800,76728000,20037500,479800,4251500,5500500,30289300,4246700,2632900,44420000,3193700,5088900,27690464,2373800,7445100,2598500,6504500,24000200,8695500,13278600,5501200,2820600,3108800,15433600,1642300,4606500,1823400,1660400,874600,3194500,6668900,379100,4528000,9077700,110703000,17152400,2252700,8210700,6458100,5271500,21627000,29130100,6115500,11237000,3764600,3583740,4548800,4482300,300895900,2059600,11280400,18041700,2071300,22514800,2714600,3515900,1484800,2258800,27073000,3808100,9585900,17482800,10308900,24044700,402900,4021400,12662500,2599700,16562300,11120700,29437900,36039400,14513100,11810500,35230000,11526600,1045600,7844500,2175900,482027500,8459400,8251600,16195900,6856100,42364700,11899000,700300,5728500,7405900,4079000,16618900,4926700,646200,831500,4578400,15185700,10258500,1446500,11848400,7196600,1432900,1214400,1738600,45240100,3369800,1564700,7922800,82880100,1809600,8050200,5094000,5099000,7017900,3457700,986600,1554700,26124900,2827000,27642600,23578700,3641000,20403800,2699600
2024-08-05,119548600,6459300,7521900.0,7121400,3186500,3432200,3951200,10079100,76089400,2974900,4329600,83149400,1111500,41309300,4890700,9255100,76075200,16630000,1328800,7695100,7241500,27977300,4681300,3694800,35572300,2507400,5930000,22823984,2133500,8475000,2820900,6899300,29669600,9479800,13037200,5070700,2509200,2632600,19103200,2320900,4918700,2741300,1305800,1006400,2618600,5001600,675400,4621200,6955600,115594200,26149100,2684000,7064800,7349100,3922900,23849400,53630700,4177200,9560200,3827900,4154133,4975000,4003300,147385700,2465700,12032200,13927000,1718900,25484300,2281700,4661800,1683800,3058000,23639000,4496700,6794900,10756400,10618800,21396200,470000,6669700,14335800,2702300,13334000,9659500,40709200,36977600,11877600,11508600,40442000,13191500,967500,10098500,2011200,552842400,12166900,10355000,13395800,7502300,37838000,10338800,913800,5157400,10890600,2323700,12733900,4038400,619500,887200,5888600,12372900,7873800,2539100,13010800,6380200,2049300,1562600,2403300,50898400,8563600,2117100,6523000,100308800,1935900,8659900,4587400,5243000,9631300,2684900,1355100,2231400,26855000,4104400,28594000,20770500,4273800,18025900,3197400
2024-08-06,69660500,4273200,11148400.0,5634800,2284200,2076300,4524600,5803900,64455600,2436500,2823200,59950800,838500,24751300,3148200,5817300,40614100,10732500,525100,5138700,5107300,16643100,5071700,3113500,32738600,2441900,5267200,16916005,3269300,8424900,2476300,5673900,20524000,11471900,9692700,5067300,1570900,2763600,21717500,1378800,4289800,1840600,1096300,848600,3020300,3807700,410400,3305000,6324900,111817600,11307900,1424500,5056700,5311100,3475500,14702000,49004600,2209300,7760500,2831100,3850475,3632500,2949200,106670400,1686100,7607100,10605800,1203900,12969100,1598200,3437600,1033700,2319500,12832000,2758900,3369300,9488600,7453100,20955000,653300,4334300,8012000,2467900,9761900,6068300,24946500,26460000,9050900,8758700,43191000,13469700,741500,7729000,1180500,409012100,9104700,8373900,8999100,7287100,29031800,7454900,638900,4016200,6275500,2082800,9301000,5832900,445400,796900,4642400,10525500,7691900,2579200,8364000,4332800,1586200,1473500,2477800,33776000,5045200,1316900,4492100,73783900,1599900,6210900,3216500,5608300,21586800,2457000,2295000,1626400,18104200,3935800,18723500,14815100,3063800,13647800,3832500
2024-08-07,63516400,6351000,29027900.0,6365100,2327700,1663700,4490000,6652100,54676500,4618400,3315700,48408200,1167900,29749800,2665300,5186400,44952400,10492500,750900,4745600,4624100,19221200,3011700,2186500,29573300,1933700,4075800,17866061,3529900,7735400,1702000,4035500,18301100,14976000,8867900,4275500,1384500,2805300,30581900,1210800,4921300,1625000,1484400,731500,8060500,2726800,695000,2857000,6224700,69482400,14519900,1791000,4307500,4214700,2905300,11245300,25138600,2587600,8365200,3429100,3493024,3801900,3314700,97972300,1713000,5993000,9204400,903100,13365300,1619300,4407700,1306600,3355400,12823000,2059800,3540000,8311900,6031100,20105300,588000,3410100,10292100,1753400,9756500,7215700,20650900,29483800,8193200,5663600,31878000,9571200,739800,5312000,1725000,411440400,7729800,8617700,9895000,5428900,32866100,8385500,1066700,2967000,3644800,2146800,9266900,4281000,502500,1554400,5553200,7297000,7331100,1909700,9259000,5028600,1569200,1305900,1350600,30036700,4856500,1692100,4685900,71159800,2707300,5013000,4320700,4741900,12908600,2148900,1376800,1650000,12176300,3426100,18407500,18499200,2768000,13660700,2097100
2024-08-08,47161100,5744600,8006200.0,5476600,2213700,2155100,3077700,8637100,49037500,2746700,2942100,44616200,940800,27583200,2239200,6063800,36557800,9432500,381500,3150000,4505000,17933300,2268300,2215200,24132100,1164900,3215400,14583863,2086500,5392900,2345000,4474300,18369100,11683600,7531100,3428500,1557700,2265100,21890500,1160700,4716700,1457400,1302700,611300,4877100,2667200,716700,3888100,7354000,73007600,10231400,1573400,3842700,7786300,2441000,17717900,25578800,1936400,6142400,3591100,2611227,3712700,3647900,96836800,1289200,5094800,7761200,1037500,15240900,1491300,9434900,846300,2084300,14911000,1585400,3227200,8582200,6236900,16156800,829700,2932900,7662100,2373100,8278200,6592300,20203000,24760700,6935900,5991800,32835000,8828000,544400,7245500,1204900,391910000,6671700,6243200,13799500,5112500,32094400,6386900,1418400,2806500,3548500,2546700,9590900,3313300,631100,879200,8889100,8988300,6138700,1774100,6697400,4337300,988800,932200,1019300,25588100,5158700,1116700,5437100,65033900,2622100,6180400,2860800,3823200,8223700,2042100,1196300,1545100,13237100,2543400,16176000,12489800,3025000,13851000,1734100
2024-08-09,42201600,3206500,4764400.0,5435000,1851300,1272600,3029600,5050800,40583000,1786400,2071500,36401000,1228700,18438700,1956400,3635600,26411200,6295000,290400,2602600,3835000,11421000,1668100,2017700,26030000,969000,3646700,14937467,1011300,5776200,1710600,2975300,21217600,8345000,7653100,2942200,1335200,2017800,16008400,803400,2218700,2640900,805000,664100,3644600,3070700,365900,2190400,6680100,48860800,9182000,1256100,2770100,9545100,1999400,14119700,28602300,1622700,4846600,2314800,2003274,2773700,2787400,76394500,1022600,4579200,5540200,763500,12080400,1108500,6587600,825100,1675500,12528000,1760200,2664900,5374800,5609400,13696600,666000,3247700,5449800,2321900,5914100,3542600,19276700,21627200,5041200,3632000,19808000,7186600,519100,3997500,954300,290844200,3374900,5597300,7596900,3223000,25795600,5377300,920600,1901800,3814600,2056900,4824600,3638700,416600,625300,5534300,4683600,4255100,1763100,5418000,3974000,1477700,611200,793800,22819600,7202100,963800,2802200,58648300,3996300,3066500,2976700,3825000,7228100,1568100,888000,791700,11818700,2209200,11669000,13805600,1795200,12151900,1881700
2024-08-12,38028100,4808300,3981000.0,4795900,2276500,1450300,3130000,5568100,39724300,1828700,1455700,30072800,1375600,17778500,1747000,4715600,33040600,5317500,510300,2376000,4043000,15123500,2127600,2585400,19250800,1720500,3660100,13027430,1073800,5906900,1748200,3679700,20289500,8390200,8442200,2673800,1581300,2099800,11754600,1105800,3058600,1794400,681400,605500,2542900,2931800,409000,1840400,6707800,56118700,8945700,1247200,3173700,5606900,2099200,9336100,15895300,1839300,5072700,3830200,3261408,2290300,2829200,54677600,1013800,7605400,6936000,787400,11012300,853000,4206100,793700,2592300,7256000,1760000,3008100,5303900,5429500,9767400,613900,2585800,5941100,2970500,6536000,4196300,16762900,18886600,5955600,6069200,23317000,7067300,922800,2698000,1651700,325559900,4391100,5600800,6594400,3802300,21141600,7208100,595900,2836800,4860500,1576600,8548000,2958600,501100,544300,8602000,13123000,6994000,1790000,6599200,3641200,2035700,731900,774100,22979900,4437100,1164000,2870800,64044900,2585200,5235900,2532400,2549500,26769400,1610400,869300,828400,11099000,2116900,18090100,17385300,1792100,13228900,1638100
2024-08-13,44155300,3477300,4662000.0,4920400,2269600,3063900,2764000,6198900,42218000,1632800,5449800,39237900,695300,22053600,1913200,6475500,21553500,6582500,385800,3472000,4011600,7478500,1503800,1504700,18842800,1057600,4655900,14962114,977300,5866800,1484100,4031600,20976900,7839300,7794800,3102100,1696600,1858000,14615200,1435800,2732900,1461700,1143900,448700,2598600,2975900,429200,2256900,6332300,44766100,7439400,1232000,2942400,4356900,2583800,10304300,18551700,1243700,6076200,6388600,3967291,2178900,3558200,77511300,891600,9711400,6387800,1158100,9877600,1174800,3506800,793600,2860800,15018000,1816100,2603600,7585500,4958800,13743800,453300,3056600,6652400,2087300,9040300,5941500,19414300,23565500,5108900,5218800,26396000,22114800,781000,3829000,1141100,312646700,4228400,4324000,22503600,3894700,34620700,3770000,583600,2719500,5328100,2463300,11102100,1648000,572300,940200,5911900,157215500,8774000,2487700,5253400,3408900,1287300,639900,913900,21508000,4675500,1042500,3736900,76247400,1575400,4969000,2369400,3057600,12005700,2530900,706000,1141500,15349400,1740400,12268600,26557900,4337600,11585100,1732700
2024-08-14,41960600,4153400,3504800.0,5822900,1404600,1915600,3292800,5377900,35506400,1656100,2313700,28843800,706600,20184200,2132500,3852700,25658900,4750000,325100,2860200,3623200,12419500,1610900,1684700,23097000,621100,3149400,19143687,1152100,6388000,1341500,4145200,30675600,5873200,5874200,4207200,2040500,1357700,9475100,1227700,1979200,839100,861900,805000,3921000,2025700,566500,1974900,5450200,37026400,9124700,768200,4456000,4747800,3857200,10772200,40591100,1545600,8870900,4814800,3682943,1895100,1994600,56758200,1109500,5141200,6999800,630700,14328000,906700,3562900,796700,2098500,8602000,1654100,2242100,5321200,7575400,11444200,386100,3252800,6000600,2968900,11029400,10161700,18267000,22459000,4620700,6167900,40143000,13613000,720100,4164500,1218100,339246400,4208100,4044600,18222200,3555800,23677700,5476600,718300,2182300,4067900,2134400,7208200,1720000,443100,860100,5826700,45737800,15942100,1230800,6305300,2284200,960200,736200,909800,19158600,7077800,1128100,3248100,70250000,954200,3072000,2344400,3155700,8552300,2672600,876700,1068000,10931100,2340400,13217200,22928600,5190800,12194500,2153100
2024-08-15,46414000,4719900,5266300.0,7458500,2271600,2182400,3008700,12073500,43582400,1886800,1858400,51698500,846400,27945000,2656800,5942200,37379800,5045000,520800,3226400,4730200,14159000,3232600,2018600,32425400,1003000,3303400,18449497,1321500,6307000,1923800,5167900,45976400,10041000,6304200,3750600,3184500,1653500,12401000,1504700,2658200,1373700,882900,857600,3309700,2037700,553500,2316600,10776900,41597900,12988400,1292900,4162500,5196700,3912400,12913900,31524300,1732300,10671800,3575800,3077112,2472000,2659700,84814900,1599900,7237800,7001000,1293400,11285100,1105000,3080000,974600,3029400,12064000,2130500,2445200,9511300,5534700,13482100,435600,3359900,8382500,2391300,9685100,5885100,20752100,29128000,5946500,5118900,32102000,23583600,611800,5828000,1478900,318086700,5586400,4698100,10305800,4472100,28676800,9491400,657800,2792300,4422200,1935000,10752100,2303200,569800,597900,5629900,21109800,7612800,1277800,7940000,2810600,1853500,778500,1257600,42608100,5625500,1241100,4673300,89848500,1129900,5081900,2751800,4448300,7397800,1917700,1028900,1307200,17489600,2462300,16549400,49567500,2483500,11579400,1891900
2024-08-16,44340200,3674900,4592000.0,4643300,2292800,1541600,2978600,11644600,31123900,1442500,1986200,31489200,764900,19296900,2149700,6731500,26886600,4907500,395200,3345000,4414400,9939700,2483800,1563700,23514000,865300,3172700,15119603,1115600,3819100,1516300,3494900,27424900,7442700,6874400,3470900,2103100,1746500,10277700,1257800,2642700,1821600,816700,910200,3416300,2339800,371700,2768100,5962300,34142600,8973100,1318300,3305600,5148000,2320900,10592600,24208600,1587000,6481400,3308300,2982577,2494400,2004500,48582700,809100,5012800,7931200,673400,12651200,1115400,2364900,912000,1725700,11232000,1921900,3286000,4192000,5130900,14776700,537200,3812600,7722700,2452400,10102300,4159700,22775600,18383300,6344200,8496900,35110000,13794200,580300,4177500,881400,302589900,6572900,4893800,8914700,4614600,50332900,5640800,577700,2899000,3707400,1644500,5435700,1637400,564400,547400,5251500,16336300,5335000,1023700,6013000,3754400,1422600,1012800,838700,24724400,4656300,1076200,3161700,88765100,1901100,4236400,2728900,3255900,5111100,2005500,490900,1181300,13377500,3472500,19173900,19872100,5147500,10056000,1588400
2024-08-19,40687800,4309300,4184700.0,3495800,1678200,1423300,1903900,5285400,60766900,1214200,1261900,31129800,548000,20441700,1653400,3894200,27268900,4952500,456000,3385300,4277700,8882500,2252600,1542500,17931300,907600,2976500,14170507,1122300,4335600,1318400,4501300,16436600,7469100,5967400,2782600,1676500,1603000,9723600,1400900,1716200,2258600,749000,880200,1761800,1985300,304200,1572500,3423300,41066300,10891900,804100,4506000,3727900,4181200,9598100,22416200,1027900,6224100,3634900,2168896,2361400,1369300,65956300,977800,4408400,6090800,971600,9843900,1013700,2374600,709700,2708600,10306000,1690800,5268800,5535400,3934900,9879700,340100,2243600,6500500,2076600,6177500,4070500,15234000,15744600,5617000,6410000,30162000,9627300,344300,3207500,1268400,318333600,2664600,3641600,11056500,3521700,26382500,3885300,518600,1664900,3701400,1833900,6708100,1654100,445900,380700,5389900,14479000,4303600,1457500,8046500,2670400,968400,972900,1062200,20506700,7163100,959400,2786400,76435200,1078300,3788900,1847900,3157800,6555900,2637900,660400,895800,9401400,1681900,12792900,13709300,2266100,12417500,1637000
2024-08-20,30299000,3631800,3940000.0,5822400,1790100,1219600,1802100,4860300,76851200,1352600,1631000,26255200,564400,19417500,1659700,9549100,44440800,4400000,348700,2906500,3154000,8661300,1479500,1434800,20241900,900800,2691700,14460731,1272000,6783300,1104600,5731300,18697300,4178700,7497600,2816400,932300,1409500,8863400,1041000,2822600,1137200,900600,510400,2500500,2867300,284100,1432400,3612300,32468000,9390400,591700,2573900,3668000,2962100,9188700,18341500,2122700,6250100,3459400,3247084,1790400,2029100,84161300,885500,7275100,5640000,685400,11957400,1115600,4961500,972200,3910400,9951000,1763300,3697600,4826100,3817000,7944400,327900,2792900,7306700,2701000,5392300,3396900,16387600,16075500,5967300,6338600,48131000,7863100,452900,3923500,752500,300087400,3163600,3738300,14461100,5330100,21301300,4513600,603500,2108400,3837900,3026500,6222400,2012500,372200,449900,6129200,11536200,5381400,1739800,7409000,3576500,910200,2046700,772100,20260900,6750600,1075500,2885500,74001200,2750600,7111400,1677500,2342300,6803600,4084300,534000,921800,8784000,1681900,12533500,14434000,2669500,15632000,1186400
2024-08-21,34765500,4250400,5028500.0,4081400,1233900,1401700,2220000,4460500,42791200,1138200,2262500,35599100,598600,16097700,3502500,4493600,33751100,6540000,453700,3028500,3232600,14414900,1433200,1452200,13809500,694500,3029300,13602223,939300,4011900,1465500,4648200,21177600,4730400,5985000,1964600,1249100,1455100,7637600,1480100,2798600,1324000,662200,558700,2262000,2668800,382700,1400600,5166300,48943900,7041700,787200,4102900,3659700,2963900,11897000,22902000,917100,6201800,4587600,1893673,2579300,2179700,57028900,886300,5019400,5202300,618500,8792400,853700,2617000,883100,2676500,8452000,2105900,2686300,5765800,3845800,13423300,277000,3664600,6169400,2088100,8144100,3576000,16067300,13658900,5125300,5117300,22353000,6915900,527300,3049500,1019000,257883600,3305400,3776800,13709700,4020700,16729700,4082000,942100,2086400,4159500,3332300,6309500,2178200,342400,849800,3050900,6769200,7814400,1238400,5529900,4543000,882600,857100,666800,20055500,11343400,965600,3252500,70146000,1849400,8119300,2844300,4895900,6639700,2696200,920700,810300,13683400,3016000,13691700,14832000,1574000,11752400,1246800
2024-08-22,43695300,3676700,4875500.0,3690400,1679200,1627700,1974700,6621900,45737300,2172000,1926500,32047500,545800,30044500,1981300,2788000,35421600,4347500,327400,3502800,3874300,7848500,2021400,1491200,18683600,734000,2803500,9883728,1352100,3644500,1440900,5111400,19143100,7883100,4027000,1853700,1072700,1662800,7613000,874900,5459600,1424900,713500,549400,2419800,2216200,418300,2035700,5728000,50885400,7143500,980000,2996600,5930800,1823600,6629400,22493300,943800,4860200,4097300,2066404,1969500,2288800,81444700,1137800,6552100,5247100,919900,12509200,1179100,3183700,774500,1979900,13665000,1538200,1746400,8336700,3630300,15708300,333900,2300400,6982800,2178700,8201200,2777300,19361900,17967000,8006600,5349300,27294000,8485500,500800,3532500,709500,376189100,3413200,5162200,8677000,5265900,20241500,4097300,384500,2770000,4156300,1813500,6743500,1405800,310200,489400,3743600,10010300,19988800,1077700,7164300,5935200,881000,1347700,1143400,17596700,7843800,1138400,3034900,79514500,1221900,6879900,2282000,5083000,4425200,1176800,680600,1112400,13529600,1668700,15683000,16511100,1581100,10609500,1135800
2024-08-23,38677300,4720300,4998400.0,4511600,1518700,2023500,3530600,5296400,43694600,1771100,1804000,29150100,514200,18848000,1868200,4405900,45616600,5582500,416300,2805400,4006200,13299700,2183900,1194300,42378900,1425800,3212500,12464907,1273900,4024200,1305800,4711300,16474100,9614400,4824100,2021600,1197500,1464000,7369200,1604200,2732500,1477500,538400,429100,2774400,1995800,532500,1950700,3723700,64612700,11801100,865600,4058000,6847100,1957300,12918100,13955700,1751800,5391700,3426200,3128252,2322000,2665200,73398400,1155200,7093400,7214000,685800,11834700,1308000,2063300,870400,2685400,10671000,1986300,2145900,4242600,4586600,11323900,444500,2618800,9149200,1996000,8368200,3814800,18493800,25465100,5052900,4569300,23545000,9219700,554900,3510500,947500,323230300,4245700,4544600,12116800,5283600,21885300,4771300,492400,2938700,2896500,1911900,6823600,1794800,352400,512900,3427500,11483700,13127800,1358600,6244500,3987500,1325800,679800,966100,21519300,4523900,777300,2481100,81525200,1076200,6112000,2376400,6310300,3697400,1524000,1252300,999700,11757300,2221100,17074400,12299100,2069200,10381400,1262400
2024-08-26,30602200,4182300,4948200.0,3212700,1692200,1387500,1720900,7333900,49893300,1769900,1142400,22366200,1058500,18521200,1931000,4034300,44659500,5480000,413800,3575800,2792100,9384200,1718100,1088700,21673600,1361100,2430100,11867601,1647500,6253900,1737000,3818300,12016800,6892600,5780300,2575000,1108500,1252200,8043800,925400,3038900,1439900,689200,358400,1773300,2270000,284000,1579600,2891400,53070300,11046800,771600,3707300,2926800,1839300,8800700,14190400,1084200,4848700,2452100,1946723,2567200,926000,58534800,1170900,6870600,5105200,778500,12912200,1216200,2166000,795400,2790500,11154000,1434400,2018500,5543200,3516800,9584000,442100,3915800,8068300,1903200,6518700,2679000,13152800,26752300,5378700,5278000,13542000,7853300,515000,2681500,1226200,331964700,3406700,2729600,11299600,4146700,16506000,6472400,431300,2278600,3061700,1923600,7437600,1193000,239700,377700,6260400,13882800,7439200,1359200,6222100,3965900,1173600,850600,884900,22599700,3939600,519500,2537500,59301200,805600,5806000,1800000,4501400,4612200,2752200,447600,877600,10309500,1399200,9478800,9508200,3678600,13671000,1015900
2024-08-27,35934600,2504500,3457400.0,2705300,2154100,1404400,2447200,6632500,35102700,1444300,921500,29842000,1595300,16683100,2518100,3295800,32323900,5907500,300400,3764700,3240500,7294800,1210800,1536600,30136600,1058200,3139400,13943129,1789200,3521700,2098900,5276400,10243900,6180900,5100000,2295700,1107200,1552500,7237400,1076900,2136500,1395800,750400,458900,1586600,2150800,257100,1711700,4543400,44841000,6755700,828600,3206000,3902000,1930200,10256500,11821900,977900,5710500,1780300,2506188,2617100,1344700,43862000,939900,4388700,5185200,687100,16988400,1293400,2912900,749600,1772500,8911000,1635900,2897600,3369800,4236000,6282700,773900,2878500,4705300,1657100,5502600,2537200,13492900,17234600,5086000,5115300,31649000,14954000,434000,2407500,1388000,303134600,3495200,3872200,8436300,3520600,16184600,4456400,348700,2042700,3511600,1505300,6498800,2078300,295500,518100,4101200,17456300,7006000,1380200,5199400,3129900,1404200,1123400,1131400,20321900,4680000,737300,3687000,62821400,783900,4373400,1581900,3214000,6594100,2030300,1007300,1062200,9778200,2356000,7638500,11557800,2645600,9991600,1423900
2024-08-28,38052200,3910200,3463700.0,3836700,1528000,1289700,3245000,6412500,34075800,1444200,1105500,29045000,670200,18063600,2557100,4550300,40700500,5805000,441200,4838100,4196100,7692900,1514500,1549700,24878400,1314600,3217000,11971313,1655300,4506400,1668400,10981900,14571400,7963600,5614400,4821900,1096600,1693000,8569700,1096400,2429700,1297500,725000,464800,2414800,1726100,218600,2109300,5015200,35442200,9080100,712200,4578700,6214100,2687800,7397300,16407400,1568100,6303400,2218300,2481467,2645200,2341500,50144900,960100,5187000,6506400,648900,13272600,1327200,1701800,829300,1372000,11739000,1445300,2603800,4785500,3363500,9106100,542100,3274000,6794400,2143100,5403200,2836800,14882700,25564300,5462400,5077600,24306000,11088600,638700,4323000,1126900,448101100,3306900,3022600,7284400,3915500,19874100,5644800,325900,2501000,4430000,2070900,6534600,1409000,308300,586200,4287200,14866300,8135500,1156500,9866400,4115900,909900,1368200,1504900,20435500,3906100,790500,4062900,64116400,1153700,3998100,1657000,3361100,5455100,2139700,1835000,942200,12732700,2948800,11905200,9814300,1545600,10742900,1485400
2024-08-29,51906300,4538300,3331000.0,3375800,1612600,1955600,2749600,6730300,31602100,1294300,2003200,26407800,506700,23519300,2423500,4119500,34810800,5600000,417900,4459400,5519600,8368000,1664500,1818000,22800000,1024700,2580800,24142369,1547900,5270200,1709900,14301700,16324100,9181000,4466700,3315500,1075000,1904000,6181800,1148100,2021900,1601200,641500,456100,2953600,3152000,310400,2426500,3705600,44989200,8612600,730000,4262500,5544800,3121600,8448600,19699800,1566300,5204400,2698400,2513721,2989600,2119800,64529700,939600,7390100,6416100,806500,17201700,944700,1762800,662300,1612900,12437000,1893400,1797100,4421900,5462600,8317400,462200,2992600,5265000,2338700,7202500,3325600,17045200,18984300,5179200,6720500,21870000,7477200,509500,6228000,997600,453023300,3680100,4588400,9452000,4654300,19229800,4413200,413000,2419900,3619400,1594200,12514200,974400,538600,548200,3547800,8781300,6429500,847500,8000800,5020100,1296200,1096300,1107800,20775600,5055000,722500,3340100,62308800,929600,5622800,1953200,3477600,5565100,2275000,866600,706700,17338100,2011900,9283300,11856800,2940200,10753900,1359900
2024-08-30,52990800,3820800,3279300.0,4320100,2004000,1983000,2892100,7313800,31169100,2173400,1796800,43429400,919000,25158500,3442100,4146200,49098200,5990000,478200,7465800,7639700,10806500,2974100,3511000,20664200,1148200,5033800,27608518,2021100,5559500,1933500,10507700,15615800,8188100,6414800,5450400,1413200,4600100,8403600,3050900,3022400,2315600,1459200,1226400,3476200,2820200,521000,2320000,6379500,44977100,7811600,1096900,5295600,6205300,3645800,15736900,22123800,1838900,11287300,3216700,2040727,4751000,3067700,177785400,1097700,7971000,8574100,1079300,18624200,1385600,2555100,1082800,2586900,12427000,2982100,2528500,4872800,6158200,9157500,538800,6092800,8010100,3460900,8876500,4951400,24308300,18819400,6808200,8672500,32667000,13755300,712700,9605000,1441400,333751600,5700000,7980700,9622300,8677300,37137600,7301600,622700,3618000,5602900,3981500,11110800,2604800,405400,962000,6372000,7117200,6549100,1882200,10174700,4137400,1747100,1245400,1307600,29362700,6369600,1059000,3915100,63370600,1206500,5860900,2944700,4116100,6296100,3359500,844600,1809700,20009900,7190700,20377300,23230000,2858300,13284700,2328500
2024-09-03,50190600,4872400,4678800.0,4436900,2049300,2757900,3379900,12163400,42172700,2120500,2660100,37817500,1600000,37179100,2970300,17925400,48489300,6917500,433500,7511900,5456500,11055200,3107200,3110100,23606100,1433500,4230000,19580517,3725400,6369900,1784200,6190400,14918600,11601600,7944700,4220500,1929700,2325500,8465500,1605400,3792500,1798700,1007300,902000,3380600,3830700,402400,3058900,7145000,49613500,18809000,1138800,6099600,8733300,4443300,14946800,38945300,2373600,11025300,3598100,2182371,3874700,2556000,115305500,1356300,6956500,8956100,1661200,14755800,2104000,2529400,1266900,2460200,16690000,2063700,2902800,9559100,7366700,12459100,510000,4024100,10688000,3523700,7640300,6634000,20313600,28897200,9883900,8026000,31610000,10133700,810700,6307500,1544600,477155100,4818200,6831200,15361100,7032100,44499600,10101400,737000,3526200,6352600,2845500,11620300,2209300,579100,632600,5543900,11234000,6540800,1446200,12685000,6486800,1867200,1059300,860600,50352600,5657500,1282200,3572900,76714200,1581700,9284000,3175500,5821200,7278300,3236300,933400,1783000,23319900,2888900,15933600,22666100,3410300,15725100,1680900
2024-09-04,43840200,4214300,3281600.0,3659200,1478300,1615800,2843900,6378100,42130600,1622100,2261800,30309200,718500,20324100,3062600,7316300,39629600,5490000,356600,5309400,4711700,11436800,2782500,1992400,18999300,1194400,4447000,26178525,1921800,6251500,1425200,4706500,16411700,14231300,9820700,3273100,2370300,1732800,6317200,1233800,2795000,1422400,820600,1489200,2767400,2732400,586300,2098500,6121000,47900700,9787500,719000,4112400,4580600,2895200,8293300,19353800,1509400,9277600,3221300,1845610,3142500,2320700,85871900,1321000,6939100,7389500,927200,18140800,1310300,1891700,941700,2094700,9434000,2156300,2558300,5875700,9422000,8335200,795800,3300700,7810600,2471300,7693400,4212500,15135800,16356500,7517700,7461900,17853000,12837400,580100,3544500,1544700,372470300,4034600,6243300,10359500,6188500,23510500,7517500,469500,3091500,5340700,1984300,6737000,1299700,333000,657500,4484200,7193500,5489900,990300,10048600,4189800,1258400,781200,806300,57532400,5540400,1006000,3275400,80651800,990100,4650400,2935000,5710400,6107500,2558300,1009400,872200,31272700,4334100,10985800,18442800,4033900,12620600,1870800
2024-09-05,36615400,5902800,3593400.0,2928000,1195100,1573600,3209300,6495000,25023000,1977400,1990800,40170500,1008700,31548500,2711200,4717500,34214500,5307500,426000,6213200,4462200,10243900,2525500,2057000,15078900,2528300,4489800,20308958,1759800,5582400,1998800,4083600,16312000,7022200,9371100,2574300,1397300,1764100,6234100,1299600,2585900,1971700,833800,877400,4207700,3124900,333700,1930600,7460600,50551900,7371500,1318000,3144200,4306400,4468600,14888500,18688700,1828300,7792600,2789200,1604444,3229200,1905500,65388800,1194800,4600400,8067900,818300,23866100,1882200,3201100,841000,2083100,8197000,2293500,2412500,4137200,7607800,8640900,509900,2726000,8077400,2879200,12009700,4462400,14195500,13890700,8494900,5913400,18101000,7596300,384300,3944500,1662600,306850700,4743300,8733200,14145200,5743100,25927200,6061900,515800,2402700,5638200,3864500,5600000,1167700,534200,560800,5764500,8370100,5552100,874300,10621900,4598200,1013500,1171700,1213800,44199100,5387800,1467600,3573100,119355000,1021700,4107400,2144800,5311100,6447400,3299700,727600,833000,28199800,2608200,18301000,13082900,2969300,17200800,1465700
2024-09-06,48423000,4312600,4072400.0,3802200,1613400,2096800,3659200,8887900,39993500,2242400,2750000,41466500,1066100,76634600,3653000,7328600,47007600,7077500,748900,4400300,4619000,14094000,2676600,3016200,24505600,2363500,3937400,19791996,2899300,5229900,2074600,6259400,21040500,6262800,7836400,2582500,1670300,3324700,7791500,1741700,3482400,1785500,723100,1059200,2780800,3144100,457700,2163800,4624700,47508900,13200100,1117400,3954900,9220900,4057800,16080900,37912100,1995600,9271200,2228800,2695683,3304500,2902200,92686500,1700000,6016900,7777000,1390600,17485700,2012100,3440000,976700,1889700,15530000,2116200,3863600,9621600,8019900,14744500,457800,3562200,8207700,2242400,8577300,9246800,19609500,23587100,8181500,6476500,29913000,8512200,535700,5354000,1310500,413638100,4567200,11154800,17188000,6395300,31214500,5785700,755200,2484100,8412600,4244600,10703000,1747000,616600,609200,3983700,9257000,8331700,1171200,9864100,4614200,1443600,1037700,1001300,53079500,4827100,1868800,5336900,112177000,1246000,6314400,2926400,3590200,7187700,3462000,1161500,1090400,18100300,2457000,21853800,14548600,4731700,13467700,2710100
2024-09-09,67180000,3606900,4178600.0,5101000,1569400,1997100,2538300,7492500,27194500,1707800,1984000,29037400,1244900,39516700,3080800,9091500,37610200,6025000,394800,4571000,5436400,19811700,2355800,3438700,21478400,1102400,4561500,14501384,2211100,6477000,1954000,4588800,18677600,9140100,9892300,4087500,1215300,3223900,8750200,1499800,2829800,1623100,1081400,721800,2843100,4999300,430100,1756000,6209500,39223300,8663400,880000,3716000,5571500,3637400,11374300,39260500,1714200,8090300,2747600,2440724,3705000,3669100,64244100,1121500,7538200,8935100,839900,12939300,2076200,2405900,810200,1823000,11506000,2343600,3208600,5323600,8018300,11047800,374200,3616300,8154000,3642700,14880200,5281500,15295100,20526400,6918000,4563600,26831000,8003300,642000,5645500,1350700,273912000,4479100,20233400,11129100,4666200,36558400,6450200,559700,3599400,4497500,4074600,7494900,1905500,513300,579300,4492000,10089700,6247100,1169700,11082500,3854300,1406600,937800,1439200,58958400,5752200,1443300,3839600,67443500,2107800,4864100,3411400,3770800,10933900,2931000,1757100,775600,27850300,3460100,17134800,22260200,2687800,21645300,2652700
2024-09-10,51591000,6333300,4080400.0,4963700,1655700,2030100,2932000,5367900,37217500,1408400,2016800,36233800,771400,36067500,3630900,6367100,53983900,4372500,269900,3544100,5088600,22482300,1869200,3262600,17919700,868400,4201100,14673811,2148700,5611500,1360800,3544800,11754700,5113500,8202500,2789100,1041600,2267600,6858300,1794700,2594200,1205600,597300,881200,3004700,3928900,598600,1531200,7849100,63019200,9559500,940100,3473200,6869000,3270800,18918200,31118800,3583100,7294300,2787400,1480519,3070600,2008500,55621300,1006500,6559600,28406900,778900,10277600,1247100,1930400,756400,2112900,13518000,2234100,2497100,4748200,4770100,9899000,319500,2732500,6122500,2800400,12734500,7798600,19594300,17019000,9588000,5547600,20792000,9748400,561500,4419500,1094800,268283700,2556000,37374200,13685500,4315800,32378800,6396300,438200,3029800,4921900,4468900,7918100,2146700,356500,552800,3806700,7327000,8567900,1480900,10782700,4104500,1155000,972200,921000,60944500,5160200,1302900,3024500,78891100,853200,4859400,2863500,2590100,5314400,3028600,1076900,720100,36980400,2506300,24650000,17686300,4935000,20913400,2675600
2024-09-11,44587100,4909300,3645000.0,6535600,2121700,2681000,2429400,8187100,50935400,1711000,2216500,42564700,914400,39700800,3149900,6664800,41190000,6135000,431900,5772700,4832300,16569400,1934700,2582300,31864300,748700,4991500,18014588,3691400,6803100,1796100,4822200,15106600,9768400,9534000,4236200,1160000,2536300,10779000,1922800,3667400,1803500,1013200,788600,2335500,3419100,656300,2389500,11191000,55840200,13306400,937700,4258000,6144800,3739100,15847700,29607700,2426500,11045200,2937700,2904700,5554300,3072500,71403100,1239200,5920200,13658700,1129100,11418200,1585400,2721100,809200,1841500,22202000,2480000,2747500,6678900,5327500,10782500,443400,3283800,7794700,3379400,7836600,6764100,19266900,20879600,10216500,5944000,23919000,8265500,650200,5012000,1889700,441422400,2988400,12630100,16988500,4036000,31943100,6828200,578700,3890300,4506100,4052700,8275400,1752600,481900,1189400,4857200,19302900,8781300,1743800,15568300,3877200,1566600,1176100,1143900,37328500,3561200,1324100,4037500,83548600,1720800,5900500,3563600,3404400,6281800,4960900,1553000,947500,22395500,3995000,17322000,19518800,4352800,19571900,1387900
2024-09-12,37455600,4165200,3075300.0,4349300,2182100,5506600,2098100,8011700,29233700,1590000,2003800,33544200,1400400,43530700,2279600,4742700,39921600,4655000,478700,3848700,3661200,12937800,1747000,2210100,27585200,961900,2963100,18198325,2368200,6775900,1867300,5219700,13229500,7139200,6591500,3121800,1068500,2606500,7173300,1372300,2390300,1206900,868800,731500,3728800,4709200,344200,2795400,19881400,43779600,11414200,858000,5148500,11448200,3810300,14596000,29621500,1480500,14506700,2367700,2063327,4615300,4332200,51520600,1128000,4540900,9054400,1070700,12337800,1916900,2510800,739400,2222400,15067000,2299100,2274200,3351000,5807700,11970500,312100,3978800,7320800,2370200,8330900,4751200,17395700,30900000,7856600,10198400,25821000,7176900,447500,4708500,1358100,366052700,2788600,16161300,11892300,4222800,32511800,4838900,368800,5557000,6055300,3041000,6039200,1806800,568900,646400,4229700,14653500,10621900,902600,15404400,3527100,1356000,889700,1487400,34564800,3287300,1397600,3733500,71894900,1194200,7201000,3395800,3443500,4160800,2507200,680100,738200,18397000,3055700,42594200,14877700,4886500,15919500,1046000
2024-09-13,36766600,2718100,3514200.0,3350100,1812000,10423500,1425900,4851300,25117200,1397000,1983400,26495400,1044800,29850000,2199200,19003400,31887300,3992500,406900,3882600,3602500,10379400,2518600,1703500,23340800,882700,3802300,13978234,2587300,5441600,1327500,4998900,10168900,7429400,5900700,2986600,1126000,2248500,7084200,1467000,2311000,1449100,688000,471300,2156700,4428300,282000,2022800,6605700,35184800,10831600,1142600,7360800,6530300,3010300,8986300,29591200,1794500,9063900,2514700,2093671,4572300,2418700,44236300,1238000,3693400,10226700,586700,11073800,1162700,2045400,638800,2118100,8713000,2204700,2205500,3444700,3603100,10321400,427600,2670100,7963200,2563100,6709600,5354800,15874600,21267200,6734400,7330100,22765000,5814200,292800,4564500,1144800,238358300,3506300,25727800,12359200,3290400,19987700,3918000,392100,3689400,3779600,2614600,4049900,1379600,353600,535000,4708000,9899900,10840600,1006400,17481700,2311700,2512400,1148800,1114100,31451300,3961000,1125100,1935400,59515100,1223400,4617000,2241900,5214500,4987600,2130200,726300,700900,20029700,2100100,24762000,12994100,2961600,10035400,1725200
2024-09-16,59357400,3235700,3229900.0,3637100,2536400,5248200,2171900,5915800,27677800,2360600,2255500,26065500,1311500,26126900,2170200,9955200,26336400,4512500,380900,3264400,4908200,9912700,1648200,1434000,27539900,668000,4088700,17851870,1740100,9325300,1661000,5367000,16668200,5169900,6864300,3284000,940200,1904500,9028600,1467700,2212000,1916800,853100,709200,2361900,4484600,249100,1536300,7764100,34802400,11120200,1141500,6844600,7844100,3324600,9928000,18379800,1500300,10182100,2877800,1657494,4176100,1681500,149337000,921200,5187800,8634900,863000,10786500,1307200,1760300,597700,1591300,12521000,1589200,2916200,3831800,4731100,9527600,353600,3069300,11012200,2151900,7846100,4467200,13834700,26494300,8791400,6264300,18437000,9547700,338500,5411500,1390200,248772300,3164100,27384400,9625500,4940100,29224600,6892300,394300,3864300,5549500,2908800,6510000,2078200,346900,547600,6025400,9263400,11797200,1154300,24556100,3701100,1794000,1015800,910100,53733400,3392200,1198100,2867600,54323000,1320600,3717800,2548600,4589600,4458900,2244500,894700,695500,24714500,2199400,18066200,15346400,3933000,11729000,1263400
2024-09-17,45519300,3534100,6323600.0,4982500,4528800,5164100,1724200,4026100,29889000,2014000,1526000,26091700,1056300,19844300,2765700,8123200,27769400,4347500,416900,3824300,7092200,10630400,2088400,1384300,24716400,863300,4031900,13991784,1976800,8661300,1387000,5423400,13230300,6171100,7338800,3504500,983200,2158500,8193100,1824700,2251500,3384400,958700,792200,3125700,4010200,322200,2117000,6829500,52068600,6921300,1331300,5936900,7078500,4513600,8941600,20715600,1444900,9993200,2947600,1529538,5635200,2319400,196249800,1162600,5066500,7573300,855500,12974400,1357100,2248000,739900,1343500,11458000,2202800,2997400,4735800,3533600,11690800,366100,3969000,10897500,1520200,7914900,4748600,18874200,17744800,7415100,6182800,22986000,7580600,423000,5169500,2296500,231925900,3639700,12580100,11814000,6305100,27055300,4757100,623200,3171100,6345000,3693600,5828000,1507600,348700,724400,5101500,6281700,8158200,830400,18400300,3019200,1288100,1124000,1399100,29304400,3880100,1333000,3619500,66761600,1534300,3478500,3416000,3141700,5135700,2395000,757600,1266100,18769600,2110300,15885200,21065900,3519800,12202600,1962900
2024-09-18,59894900,3236800,3861300.0,5990200,2150800,3997300,1890100,4266900,26320100,1366600,1828100,34448100,1016900,26557600,2577400,7714400,42527800,3400000,656300,3065200,7749500,13638700,1990700,2236600,30907100,824400,4253500,18436800,1868500,7424100,1338200,4436700,12697700,5104300,6180300,2980600,1163500,2477900,10289800,1515300,2265300,3974400,896400,851000,2129800,3965800,288300,2931000,6921700,55017300,11573700,1373500,5686500,9199500,8032700,14533800,23677300,1699500,6342800,3549400,2537275,3482800,2917100,118727900,982300,4722800,8259900,817800,10719700,1149900,1777000,731700,1625200,11523000,2193800,1788200,9378900,4622200,10323500,450300,2960900,7778400,2688300,11135600,5195900,18898000,20130600,9286200,9043000,29844000,7637000,532600,4906000,1426900,310318900,4640800,12274400,9013500,5307900,25812800,5102900,559800,3498600,9398600,2884300,5877600,1308000,328100,691300,4434800,8793800,8802800,1172500,12663600,3676000,1786900,951100,938900,27825600,3183300,1092600,7300300,78010200,1449600,4262100,2988300,2939600,5890000,2725500,679400,868200,16897900,2729300,20109000,15684900,5170800,12569900,1993800
2024-09-19,66781300,3929300,7691600.0,8144100,2645700,3582500,4300400,7326100,44500000,1626100,3434300,39543200,958300,32453100,2973300,9570000,57977800,7465000,625500,3891300,7860700,21860600,4066600,2387800,25872300,753300,4897900,17997516,2888700,7990700,1747500,11022800,16274000,4885400,7247400,4107400,1751000,3294000,10912400,1803200,3952300,1866800,698900,721200,2748300,4358100,597000,3155700,6675400,52436400,16920500,4220500,5021500,8798300,4162700,13490200,26587700,3060700,9759800,3753500,2859607,5279600,4459100,99829200,1225000,4956100,11635200,1241100,13635600,1897200,2446500,917500,2261300,15943000,3517200,2271400,12211800,5091100,15647000,395500,2691500,10464400,2132100,9963000,9091900,21706600,25208900,13965200,10415800,42285000,15067100,468400,7421500,1939900,293506400,7228500,10075900,10834400,5504000,22653200,8692000,644800,2604400,7688600,2744600,10900000,1882900,596700,801000,5270600,8752600,9825400,1069300,17113300,7627700,1599300,936300,994000,40942200,3186800,1474200,6172700,102694600,1971000,5155600,2945700,4092300,10382100,2538200,1015200,939900,23097200,3091300,21399000,21525700,4861100,12660600,2463100
2024-09-20,318679900,11661200,12476300.0,8403400,5231000,6100700,5395300,14306900,40248200,4068200,3683000,100378600,4148400,91758500,5847200,13919400,70725000,11097500,970100,8468800,6968200,18331800,5440500,4667600,36581200,2900900,10926700,63664049,2898600,33515100,4658200,11463200,44096600,10240000,23162900,9329900,2709400,9267300,19251500,7232200,6277000,4582200,2334400,1677100,8125400,9400800,1240600,3632000,18779400,68809100,16304200,17455500,9895700,24926000,9129800,18091600,40896400,4452600,14496200,6584200,4063418,9958800,4843400,260377900,2734000,11839000,20885000,1622600,48578500,3672700,9921800,3794400,4470300,29262000,3470200,5817300,14159500,11330200,22066800,916000,11579600,22650500,7789900,21200900,14513400,55167100,28711000,26032300,18948100,39981000,52039300,1330400,18046000,3915300,382462400,12378400,12187700,11379100,12198400,56877400,28647500,1073800,8581000,18374400,6418500,27546400,2649200,913900,1304900,16958300,19541000,12332400,2543500,22881600,9736500,6736200,1814700,1751600,94156500,7024800,1983100,12281900,99879100,5624000,14502900,5398700,14211500,27810900,7363200,1697600,2238600,52671900,10565700,45276000,39534300,7665800,36206200,3520700
2024-09-23,54146000,3178000,3682600.0,5005200,1998500,2107000,2720600,4457900,21728500,1677500,1762000,36993100,1539100,29431100,2534900,12476800,31714800,6342500,396500,3485100,5657800,11508200,2442700,2874900,27346800,807800,3780800,23449779,1550600,8197600,1697600,6034000,18343400,9407100,6960600,4276700,1184500,1954600,7338700,1651600,2332400,2341600,842500,964700,2428200,3174900,452000,1789100,5674200,40421300,15471600,3730600,3972500,6474400,3487400,14181200,24150900,953200,6835700,2502300,2401892,4074800,1639300,184439100,927200,4671600,7223500,438800,11613000,1148400,2292000,884500,2131000,7389000,2191300,2312400,4909200,5274000,12830700,402700,2638400,10945000,6479400,6665300,3962400,15128900,23394100,7916000,8437400,32243000,17712400,524000,6065000,1486600,206228500,4122900,7916100,9572000,5350300,23126200,10265000,525700,3386200,4638800,3613700,9810000,1590000,1168300,641500,6755400,8382800,5872900,1213700,12921100,3825100,2274400,960800,723100,25550300,3511600,883200,4545600,86927200,1495700,2757400,2386100,2991700,6505600,2817500,728500,975000,18083200,2410000,14759300,12147300,2006200,16066300,1315700
2024-09-24,43556100,4286500,4189100.0,5029800,2842900,2842100,3226900,4849700,27531200,2101000,1616100,43478900,1294600,34223400,2340300,7414900,32534900,5400000,366500,3009900,5115200,12046200,4024300,1441800,32022100,968100,2882600,25816599,2292300,7787400,2432600,7154500,26479300,7813600,6014200,5644400,1253600,2834400,7860300,1680100,2925300,2645000,753400,1057100,2909100,2110300,435000,1964200,9059200,37746300,26361600,4109000,3648900,7985100,2720200,9501000,23332100,1035400,6292400,4057700,2739184,3183900,2826700,113082500,1120800,6041600,7323200,821300,13330600,1588600,2767400,690100,3414100,9895000,4143700,2408100,4434200,8149600,12993000,469000,3145300,7712700,4663300,9840400,4749700,17015800,23043200,8205300,9532600,35657000,21123300,528100,5006500,1465000,354966800,5128700,6155100,9206800,7837900,21446200,5422400,526500,3979500,4056900,3661700,9666800,2050800,1695200,808000,5844600,8606800,6030100,1079200,12006200,6222400,1546700,1070900,1273600,25905500,3354400,1361100,4411300,88491000,1190500,5573200,3188500,3829500,13690200,3062700,1079700,1416400,15154000,2389700,16365600,14651100,4888100,11984900,2045100
2024-09-25,42308700,5589300,2310700.0,5159100,3552700,3211600,2650100,5060100,35233300,4249500,1447200,26391100,1349400,16613800,2116300,9587700,28866000,4917500,476800,2843300,3239800,12763800,2661500,1777600,32886900,892500,3258900,25666578,1973700,6561400,1728100,7920000,22422200,11270700,7888400,5105900,923600,2535400,8408200,1675400,3496700,1512600,1033300,1157700,2817200,3031700,554100,1599100,6309400,74109600,12454800,2593700,3214800,8375500,2782900,22910600,18869200,1763900,14353300,2787300,3032444,2537800,2827100,117013400,897800,5420000,8976500,575100,12329100,1283800,1805100,844500,1815500,11680000,3483200,1986200,6082300,4949700,16543400,401400,3579900,7148000,2320600,7902300,3825100,13396400,54762900,8354700,8820700,22598000,12392800,437300,11444000,986100,284692900,5233600,7142400,11820000,4505100,30712700,8916500,478300,3421700,6474000,8126500,5095500,1582700,1003100,738000,5713600,8632900,5097500,759400,12552400,3457200,1349400,931100,854900,28334800,3743100,1282500,2666800,65034300,841600,4124600,2658800,5048200,11671300,3008500,922100,778200,21990100,2777800,10555700,14163800,2882900,13816000,1906300
2024-09-26,36636700,6215700,3825900.0,3508700,4454800,3282400,2436600,7849800,38044900,2555700,2312500,36334900,1798700,24340000,1430600,11414400,39601400,5347500,459400,3262000,4066900,12844500,3906800,3574700,31889000,1663100,3603200,20610919,2076300,9524000,2738600,5253400,18374000,8357200,8046200,4702800,1062100,2713500,10061600,1459500,3425700,1547100,1185700,726200,4063100,4907300,579500,2614200,3108100,51408500,32403100,1862400,4781500,5654500,2896200,11892100,20319300,1378100,19291600,2849500,1695478,2673200,3239900,95416900,871400,6122000,7807500,908000,10815200,1092800,2693000,746200,2254500,20680000,3073700,1971100,8061400,3961500,14400800,491600,4111100,6264500,7205700,11132100,5183000,14492000,107965900,8462500,9821700,28330000,13592800,426100,7997500,1382300,302582900,4229700,7096800,22350700,5673600,32310400,4957200,891200,3235800,6350900,4192800,8475000,2150800,691600,980700,6202600,9876800,7602100,981700,20933300,3742400,1085300,1209400,1431800,25497500,3797900,1312800,2629200,67142200,1485400,4521300,2751900,3997100,9552500,6296800,887800,948200,15779600,3376000,34463400,17061100,2031500,16887900,1556100
2024-09-27,34026000,4891900,2525700.0,3566400,2575200,2718300,2019100,4524800,27876000,2432600,3051000,36002300,1057100,20580900,2231900,7637000,27861100,4065000,472500,2728000,4915600,8144600,2683700,2269800,34530800,1379600,4461700,18663110,1840200,5489500,3459100,5220100,13868300,12510200,8049200,3656200,1410800,1337400,10155400,1549200,3523000,1603100,772600,776000,3174200,3273000,359000,2061200,5899100,45469600,15967700,1819200,4452800,5456700,2960500,13298600,21101300,1420100,14732500,2452300,2604012,3830300,3329500,85883300,1013300,7553800,7032500,627400,11175700,1252500,4377300,848100,1852300,13895000,2177200,3402800,6496100,4697000,9398400,416300,2956100,4602400,1557500,11920100,3113300,14896100,42960200,8200900,9715100,23956000,9181000,528800,4533000,895000,271009200,4304800,8974400,15713900,7545800,25013000,4599500,580300,3775200,6046600,2564300,5880700,2389100,659700,900200,7941800,6319900,6521100,1325900,14875800,4531700,1397200,806700,814400,23577700,2998100,871000,3158000,70988100,1371000,3074400,2986200,4104400,6509600,2935800,777700,710700,15659300,2286000,13530400,11899100,1912900,15964000,1343700
2024-09-30,54541900,4550200,3808800.0,5035600,2424900,2587000,2890400,5746000,21881600,1966900,2256400,41583900,1031000,16902000,2113100,10902200,35055200,5445000,362200,3631100,3961800,11316400,2251300,2339900,68527300,1294800,4655500,23877753,1835800,6584000,2142900,5059700,17807500,15930600,7491700,3564600,1176700,1500600,7982300,2220700,5539400,1451200,942200,1318900,2917100,3566600,534600,2789400,8333400,59662900,14992400,2906100,5628400,5116100,2904100,20251000,20413900,1602500,10730300,3442000,2784488,3543400,1760300,66308200,1654100,6010000,8663800,932900,18015300,1532600,3244600,974900,2032800,10983000,2862400,2286500,5612300,5792600,12792300,550000,3814000,10017000,2312900,10936900,3378600,16807300,39544700,13884400,12502700,17099000,12027100,957200,4217500,1415700,226553700,7133400,10210300,20308800,5054300,27464700,6296600,845700,3608400,6947900,2137500,8099700,2357000,599900,595500,5475700,6436400,6078900,1706700,12219600,6838500,1599400,1000000,790700,26260200,5350400,1041300,3243600,80705700,1343700,5459100,3009700,4115600,5969900,2623400,795200,808000,13509700,3515400,16284200,18997000,3139700,13247600,1838200
2024-10-01,63285000,3924600,3895500.0,4264000,1827300,3730000,2072200,6930100,31831900,2097400,2279900,36044900,1267400,23770400,2429500,12588800,26291200,5962500,543800,3043700,5537700,13550100,2091400,1421300,45154300,1005800,4076600,19447462,2043400,8067600,1836700,4369900,16621800,16285900,9489100,4088300,1089200,1367200,10099200,1346000,3729700,1503300,990700,1233900,2823700,3539900,419900,1000700,7394600,63963000,9102100,1703800,3794000,6619000,4071900,15157200,28338100,1528600,18446400,3476200,2440618,3548400,3076900,86344400,1181100,4408000,8540100,1279600,13294500,1342100,2455200,2356200,2552400,14368000,3748100,3036200,6934400,5307600,15259300,426500,3050500,7243900,2556600,7715500,5437400,19092900,34309800,9112600,9621900,28135000,20623400,1200800,6565500,1262500,302094500,5380900,7595100,27900400,7095900,30725100,7130600,375700,3401500,5466100,2071900,8277600,2045200,599400,523800,7206900,7171600,6331500,1255500,14716500,4029900,1327100,978400,738900,32705500,7888700,1169200,3702000,87397600,1379100,9039900,2648400,3658500,5781600,3227000,667500,1128900,17536400,1981800,11069400,16054200,2621300,23235900,1951200
2024-10-02,32880600,2946900,2707700.0,3454000,2421300,1981600,2580300,5536600,24630400,2614400,2229500,23704100,1347000,14317800,2009500,4357000,23302700,4112500,368200,2803400,4518100,7380800,1767900,5299800,29643700,1627900,4272800,11869735,2191700,7559900,1317100,8512300,11071300,22297800,8105400,2125100,863800,1111700,6144200,1361100,3360200,1277200,790500,2142100,3160400,2636700,255300,1150600,4703000,51457400,10744200,1406400,2879800,6042300,5958300,10730100,17760200,1445100,11321400,3431300,1954150,3343400,1982900,59033900,740900,4684400,5810900,701800,11155500,1024600,1751600,1192500,2244200,14324000,1736500,2352400,5632100,5047600,6524700,624700,2624900,7721700,2847000,9041800,3293600,16582300,26334900,8403800,6744000,17582000,33208800,690900,4666000,1547700,221845900,4326300,7073000,22803300,5786000,24957200,6212700,519700,3848800,3425000,1925600,4484600,1067800,687000,682100,3802900,6346000,4817400,794300,14614600,4869000,1321400,962300,830100,29820100,4315500,665400,2245100,93983900,1178200,4389400,3667000,2258400,4741600,3024700,930700,897200,12040800,2047400,9007200,16618300,1940400,17129700,1233300
2024-10-03,34044200,3453800,2247000.0,3472100,3646300,1921600,3054300,3813300,29598800,1525300,1590900,30204300,982200,13072300,1614500,5704800,26030200,3015000,511100,2564700,4580800,7939800,1866100,2655500,31611000,1145900,4695000,11158259,1819900,7397400,1451900,3868400,11029100,10141600,6553300,2216300,1103800,1332000,6180300,1199200,3856600,1547100,586900,1086900,3236700,2606300,209400,960600,4137800,44458300,10383900,1733100,3999500,4086100,3443600,9409900,15073100,1290600,16453700,3320700,2172504,3788300,2585800,49565900,764500,4791200,7251300,584200,9374800,1072300,1974700,856600,1634600,6725800,1382200,1802500,4483700,4997100,11581000,427600,2504900,6877600,3325800,10280600,4587200,13686400,22176700,7031500,5583800,22564000,18143800,443700,5969000,1715300,277118000,3617200,4735700,17561500,5090300,25678900,4794300,381200,3400500,4523200,2766800,6260200,1141000,797500,569700,4765700,5556400,8144400,713800,13775400,6120700,1126700,753900,850800,28894700,4851700,1258200,2902100,80729200,1462100,3167000,2645800,3635000,3036700,5224700,524800,992700,12258400,1702500,8135300,11640400,1818300,16524300,1325000
2024-10-04,37245100,4749700,2986600.0,4366300,2131400,1949300,1900800,4131100,44556500,1467800,1942500,40890300,919000,17921400,2239600,6657500,34209900,4190000,491700,3090200,4243600,10097900,1675100,3314600,31705200,720000,6029900,14614592,1585800,7585100,1516400,6129900,11724100,16311000,7892400,2459600,877900,1132700,6308900,1120600,3512900,2132900,656200,1473700,2082200,2720100,236800,1129400,7512300,45883000,11506600,1637300,3978300,4054300,2413000,11428900,19047400,1721600,9164700,3989000,1743754,3553800,2233000,49845500,903700,5331100,10211700,757300,12684800,2131000,1970500,559800,2245600,7574100,1935600,2432400,4228500,4378600,14169500,303700,2387300,7409500,2241600,9704700,5608900,19169700,21911200,8341800,6112900,22290000,10322600,393900,5916000,1036200,243678100,5249000,6386900,14388300,4390100,28769000,6002800,292000,2774000,4124500,2468500,6586500,1434300,1071800,415700,3055900,6818900,7141400,883700,11294700,3432300,1211100,683800,676900,24539300,6480000,871500,2654800,86573200,1768100,4092900,2462600,3270500,4259300,2916400,532500,781800,14531200,1966600,14582800,11583400,3052000,19752300,1697700
2024-10-07,39505400,5033800,2847800.0,6912900,1536800,4870500,2928900,3711100,38379900,1262300,1658000,42364200,4243100,15588300,3287500,6267900,27177500,4612500,561400,3222100,5806300,6954300,2224500,2351200,31436400,851800,4829600,18206328,3023000,4899800,1963200,4794700,10941700,11720100,5895900,2467200,942000,1153200,11043600,988200,5955000,1472300,718600,1783900,2776000,2887700,235000,1465900,4301500,38009100,8895500,1342300,2514200,4692500,2392100,11276700,22463100,1173300,7498500,3267800,1911285,3458000,2688600,54928700,1175200,4266000,6718900,748100,14512000,2019600,2915700,1102200,2302100,7542700,1990500,2091800,5306300,4354600,12014200,363100,2254200,6276400,2201300,8654800,4439900,20919800,21749300,11971600,4863600,33605000,12767400,436200,5618000,1208500,346250200,4015400,6791000,16170100,5459500,51426600,6325300,369100,3186500,5110300,1812900,4359300,1128800,583400,368400,4606100,7478900,7060200,805300,8963600,4871300,1069300,816000,1096100,23116300,6345200,1165800,2651400,68113300,1041500,2772400,2591100,1955600,4339300,1983100,971100,914100,12885000,2857600,11177800,16791600,4288900,15714400,1847300
2024-10-08,31855700,4419000,3304400.0,4341500,2348300,3551600,2194200,3616100,34730200,1453300,1630900,26372100,1556600,20774200,3332800,5336300,26023600,4022500,389000,2234100,5347700,8245700,2438800,2073200,35723400,1127700,5095000,19391125,2138400,5579800,1697900,5211200,12365000,10476600,5892700,3150500,981500,1431900,10209100,953800,4810600,1076900,725600,924300,2299500,2566400,245000,1136500,4679300,46355700,13040400,1073100,3627200,4593100,3328400,16608400,23072700,1296700,9479800,3693900,4384476,3245100,2006500,58650500,1040300,4766300,6021800,653400,13549700,1272300,2200000,571800,1947900,6913500,1750100,2038300,4913200,4186300,7857400,345600,2882100,5272000,5060600,8832400,3679400,19229300,18858300,10098300,7166800,31874000,10569600,422500,5904000,1702600,285722500,4442500,7845400,13771600,8297800,29126600,7473000,330400,3035400,3522000,2528900,7843500,1322500,736000,434500,3194500,6595200,7510100,1013400,13404700,2865500,1087400,1005200,923200,22716400,6289400,883500,3310400,56303200,757000,6283700,2231400,2618200,4370900,4177700,853200,1315500,10855100,2092200,12073000,15270000,2743900,14818500,1990100
2024-10-09,33591100,4478900,3731800.0,4256900,2046400,2869400,1777100,4141600,33890700,1379400,1574000,26343100,2375200,25504100,2087000,12488500,27421000,3847500,573200,2206100,7038900,8636400,1757900,2749600,70901700,846600,3542200,12159959,1488900,4217200,1956500,4851000,10586100,8604800,4973500,2736200,760300,1508000,8654500,822600,3601500,1156600,572300,705700,1531900,2233900,239200,1103600,3616300,40407000,6977000,1308300,2312600,6162100,2620600,17185700,31181800,1695900,6988500,3627800,5392639,5083600,1808500,44759000,1061000,6047200,7024000,628500,9037700,1245500,1820100,543800,2431000,9078600,1707500,1854100,4724800,4317100,9529700,281600,2671400,7375700,2243300,8627800,4445800,14974300,18442700,10102500,5869400,19811000,11750600,428500,5661500,1291000,246191600,3132800,8120900,8850100,7177500,44244800,8758800,344200,3661700,3212400,1494300,5486500,2861000,598100,417600,3210400,3344800,11115600,834000,9980700,4127800,805300,819200,861400,25365400,3970800,890900,2243600,66289500,880000,3214900,2207700,2703900,4115800,2372300,869800,1007000,12614200,2413600,12415300,12413000,1867500,11144900,965400
2024-10-10,28183500,3562500,3060000.0,4068300,2088000,2775100,1669400,3796800,75113600,1254600,1924300,27785000,2574100,16318000,2052800,11275800,26182300,3110000,564400,2375800,4921000,8708600,1331700,2047400,38703100,800600,4406600,12778179,958100,3946400,1765800,3965500,9377500,12759800,4420900,5511200,578100,1531700,6698000,881100,6301600,1423600,742900,1088800,1916100,1637400,268500,1281000,4011700,39458300,6959900,872800,2300900,3814800,2578600,9740100,14144100,1309000,5679800,3040800,5260014,3142000,1734600,44874600,942100,4793900,7927100,461900,8635200,1249500,1682100,853700,1714400,7159500,1491000,1739500,3832800,4572300,7740400,291800,3060100,8847900,1990200,6006700,4065500,13848400,27605600,7928400,6426900,27679000,8370200,372800,5552500,1055900,242311300,3184800,7115900,7234200,5292400,34347700,6932300,321000,2767100,3606700,1416400,5048000,1588600,510900,440400,2785300,5459500,6463300,975500,9707400,3288000,741900,719100,740900,28738500,3453100,1221100,2601700,83087100,912100,3649400,2143200,2462600,4063900,2300900,909600,1083300,12352800,1722200,12744000,10812700,2277400,10243300,1153600
2024-10-11,31759200,2973000,2714700.0,3471300,1436500,2992400,1849100,2604100,42136200,1567200,1613900,25751600,775700,23070000,1723200,10688600,50660700,3125000,927500,3242000,5960500,15512400,2110400,1243200,28855400,786700,4858700,11147803,1123100,6820300,1527300,3597000,12704500,12908800,5051300,3479200,653400,1747200,8089100,1346200,3406700,1460600,726500,1026700,2113300,1460800,425200,1162000,5000200,31915700,6415200,965700,2983900,3982300,2816000,9181000,15344300,2409700,4921900,2717400,4041880,3469200,2609400,43585300,1170000,5253500,18320700,570800,8786300,1105300,2293900,526000,1303600,6530300,1919900,1775600,3811900,4338500,8587100,270700,3103600,4542800,1839400,8578400,5826200,14144900,19133900,7057000,7422900,22995000,10171100,325100,4270500,1594600,170209500,2913800,5869400,9436800,4720300,29617600,7036500,485500,2712000,2630100,1460600,3801400,2234900,479900,597900,2556200,4834800,7369900,945400,8892300,3081200,1135400,662100,787900,25249800,3865500,2138200,1778500,142628900,1311700,2815800,1909700,2429800,4746300,1632000,607500,940300,10658700,1758300,37049200,9570700,2822200,8294800,1819900
2024-10-14,39882100,3623900,2314000.0,3674100,2256500,3411500,2510900,5239300,31757200,1613300,1501800,22614400,1058000,17195800,1399000,9737000,28098900,3495000,768400,2969800,5361600,14682900,3006100,1276100,27465900,952400,3180600,12933107,1429500,5174000,1431500,3642500,11428600,13436300,4214700,3353800,996200,1901400,6262000,1371800,2807100,881300,559700,1184400,1201900,1702100,418500,883800,5496800,41940200,13573500,922300,3132900,3493100,2221600,6773900,19016100,2174900,5665100,2088700,1962850,2524400,2743000,35403600,883500,5964000,9048900,567900,7659300,1076800,1550400,562300,1760300,8155000,2127000,2376300,3852900,5143600,8252000,330700,2207900,5696300,2086100,8130700,7179300,16653100,15021900,5815200,4992300,27971000,8177700,334000,2837000,1075900,232347700,3132300,4688700,10175800,4535900,23594200,5909000,527500,1979000,3719400,1445900,9933600,1579100,497300,389500,1929700,4124700,7672200,849500,7048100,2764600,888800,639200,698600,33512200,4697500,1006400,2655700,86291900,725100,3291600,2447100,2319600,3996600,1379000,1387300,743900,9923500,2195700,30758800,9914500,3148600,9808100,1616400
2024-10-15,64751400,6553500,3502700.0,6544900,2955900,3605700,3174200,16613200,50768000,1956200,2310100,32178900,2092400,27657500,2264600,11241700,61490000,4570000,618800,3929900,6087400,35348100,2715100,2866000,46916700,1317800,3844800,15836094,1589900,6395700,1613900,3850800,20066300,17216600,6704600,3086700,834600,1905400,6535800,2637000,2863200,1635000,849000,2236100,2585800,2949200,558100,1861800,6077300,53097100,11855000,1363200,3824300,5133500,3709900,12532100,20247200,4525400,9345300,3693000,4189252,3350600,2621800,68900600,1313300,10548000,9235800,2870900,10358700,1477100,2284200,849600,2369100,25611300,2885900,3067100,7695200,5888600,9564200,414300,2465800,5140800,2557800,9109500,8925200,18900200,23419100,15824900,6538300,29328000,11804400,710700,5408000,1843000,377831000,3863200,5848600,14928800,5802300,29009900,7172200,632300,5453600,5496700,2338300,12910400,2851200,514400,494900,7521300,6264100,21705700,1037100,10230900,3716600,1374000,1298400,976000,35942600,7378400,1290600,3382500,62988800,1310200,6818800,11939400,2957500,5807000,3247800,972900,1251000,15444500,2442800,24693400,13276200,3413200,15771300,1414600
2024-10-16,34082200,5576000,3691500.0,7356200,2110700,1859100,2695100,10972600,30575800,1776700,1518100,23456800,1886500,15285100,2243600,8356200,42437800,3100000,547100,3166300,4134600,20208800,1551600,2110900,22859800,970300,4188300,12556456,1248200,4602900,1475500,3497000,32382300,10734000,4303700,8468400,867600,2820000,9936300,1307600,4776800,1283000,464500,1828500,1656900,1939400,260500,839900,7927700,46996400,7360400,1713700,2912800,3181200,3240400,10152800,16406000,2649000,6688300,2429000,2754780,2846700,1735500,62151800,1037500,5982100,6382500,2280600,7937300,1210100,1645400,549200,1754900,20469200,2956700,1821300,4499100,4231300,11268400,439700,2021100,4928700,1504900,8729200,21458500,15508900,20450900,8061600,7339100,24943000,11220600,541200,5056000,1232000,264879700,3616900,6383000,8507400,4400900,28414800,6117000,462500,5565200,2794200,1461800,6495700,1366000,367100,535200,3127400,7537100,13643700,777200,8692900,3425700,1264000,629000,796000,23926900,4688700,1369300,2730100,49632800,766300,3311300,5103900,4056700,9442700,1525600,462200,725100,9459000,1560500,17412600,11123300,2590400,8426800,1591500
2024-10-17,32993800,4419000,3814000.0,5046900,1906900,2769200,2008900,9727100,29491900,1635600,2021700,25039400,1182000,25232400,3571900,6291800,31708600,3717500,684700,2520900,4560100,13439600,1561500,3863400,20065300,1614400,3377400,17379403,1816800,5093400,1321500,2830000,18383400,9744300,6593100,4926400,1398500,3222100,9542500,1178400,4589900,1095800,936500,8287000,2099100,2975600,447400,1715300,6409600,37617200,8317600,1603000,2633300,4287700,3169700,8333600,21453400,2123500,11655200,2013800,3326235,5040100,2145600,43807600,1959000,4798000,6470200,1936500,14674600,1051700,2191200,617500,1574200,20940600,2227400,3095200,4849000,5208500,8701200,435100,2328500,6263900,2409000,8541700,9357200,14820000,26584800,6153000,5024200,89267000,9204500,909200,3577500,2044600,306435900,3450800,5474000,7644000,4125900,23779200,7045600,537700,5446800,2929200,2219200,6093200,1344400,739700,554700,2463700,5577300,8717600,1080700,14481300,3908700,1070800,1447600,820700,25471200,2934400,1946100,3177700,50791800,816400,4686900,5588700,3800700,8815800,2317400,746700,1018900,10539500,1971500,15073500,9424700,3382600,11204900,1701200
2024-10-18,46431500,5607900,2391100.0,6741800,1893300,2011100,3111800,5758600,23823000,1552100,1441900,37417700,1074100,17835200,7884400,6030200,30593500,3652500,505400,5635500,6349600,13841200,3024100,2336200,17996300,2712300,4502600,15138809,1203000,4326600,1654000,3087900,17679800,42250200,5208200,4053100,749900,1949800,8609700,986000,3562300,1557500,1017200,3318800,2124100,2990700,299400,1173400,6103500,26074900,8823000,1216900,3075900,4365100,3867800,9500100,19757700,1779200,12660600,2436600,4279756,4715700,2310800,39971700,4059200,5908000,7000500,1192800,15087500,1255200,2286900,864100,2031100,18493400,2604600,2531200,3542200,7374000,7694300,354000,2791400,7148400,2214800,9523000,6852900,17145300,16700400,8595300,7849300,159741000,7214800,1245900,7113000,1954000,176090200,3406700,5001300,9433700,5097000,24244900,8372500,612400,3690900,4046000,1712400,6432700,1457700,869200,528900,4356300,6178300,8948400,1280300,21355900,3663400,1060400,1832000,1589600,27277400,3478100,1081600,3334300,49611900,976800,4029500,3687000,3237500,5350900,2083400,829100,2260100,13058400,2187200,19234000,12324100,3651800,12898600,1576400
2024-10-21,36254500,4496500,2900500.0,8303300,1785100,1679700,2548000,4918100,25781200,1533200,1295700,24639400,857800,13695100,4092700,13277600,26589500,3307500,311200,3131500,5616700,12188500,2375900,2111300,17595600,4638600,2456300,17427845,1138200,4387000,1184900,2712600,14083600,13579700,5074000,3522000,838600,2359600,8189900,1891300,2703200,1288900,496000,2212400,2077600,2403000,396300,1068600,4938700,41008600,10150400,1443000,4728800,4451200,3501800,11492100,20946500,1752100,9489100,3699500,3915196,2733300,2354300,39727000,1309600,6082700,5870000,739300,11981200,1065700,1592200,1017500,2438300,12374900,2217500,2404100,4738100,4811700,8171900,363200,5940600,5011500,2203800,11444900,7469100,14206100,14829400,7053800,8259800,60571000,7550200,579700,7086000,2062400,264554500,3301000,4198400,8892300,6436300,23395700,5522500,402400,3866200,5595500,1289000,7297700,1138300,794200,465800,4768600,3994300,5438500,1351000,13839400,3188100,1032000,808200,906600,29366200,4495600,914600,4614400,47329000,1129100,4948100,3018000,4414000,6313100,2341400,902600,689500,18760000,2416600,15603400,9750400,2178700,10177800,959500
2024-10-22,38846600,4210400,2408400.0,5360000,1740200,2388700,1981800,6753600,34997400,2106500,1971500,29650600,1246900,12062600,2595400,7380800,37104400,3105000,504400,3315200,5822500,14347300,1523900,3016200,19644100,2636400,4018700,19840545,1933200,4710800,1189700,3100100,14956300,14553600,4416400,4221600,610200,4496400,5344300,1540300,2877000,1461300,924600,2234200,1536600,1709500,264200,1321800,5737700,51597600,14468600,972000,15636200,6044400,3378900,42657700,16568100,1588000,6389100,4486700,4256202,3180800,2120800,50160400,1341500,5680300,9586800,787400,18603300,1429700,1391800,2259200,3102500,13307000,1855800,5889100,4573000,5687600,8544500,307400,13082300,6087300,1867200,11576100,4429600,25482200,13758100,8358500,7384600,29873000,7308800,677400,5721500,5247000,226311600,2840000,5510100,7730800,3790500,29036400,7511400,560500,3374600,14411800,1946200,7313000,1082400,1511700,305900,5746100,6670900,5559600,4720200,11377900,3021100,928100,1316400,893500,47781900,3900300,1619600,6066900,43268700,1697000,7910800,2593800,3280100,5736500,1966400,653500,1132500,42576300,1415900,26164900,12240100,2243900,9201400,1441900
2024-10-23,52287000,4266700,3444600.0,3655600,2211800,2021300,1863600,6015200,26095900,1526300,2712800,31937100,1045100,19513700,2051100,15931500,28569400,4445000,441400,3655200,19619300,8720500,1500900,3753600,15934800,1352800,3949600,17511284,2044100,4541300,2193500,3227100,18723000,9942300,5248600,2643100,1112700,4717000,5388500,1240700,2286400,1652100,697800,1835600,3743800,1639700,400200,1975200,6339800,37335400,10849200,1152900,9788600,4373500,3385000,16109800,18280500,1263200,7436500,3159000,6561012,5791000,4461800,45799100,1120000,7441600,6180500,846800,24655200,1541400,2646600,1402200,2109400,20569100,1759700,18792000,4102700,6588700,14248400,313500,8116200,5520300,3439000,8271700,5661600,19654400,15174700,10825100,10784700,37490000,7253100,919500,9249500,2785500,285930000,4232900,4830400,8185500,3800700,22217600,4837800,523100,4133100,6993400,1850600,9788200,1480100,850100,473200,5451400,18858800,6593700,1847800,11117900,4738900,908900,1023100,1313400,71932600,4156400,2058300,5245700,80938900,1694800,10548500,2911900,3454500,5249300,3382000,545500,991300,27174700,1676600,18380900,13058200,2338200,8320300,1339500
2024-10-24,31109500,6741800,2677700.0,3768000,2311800,2100300,2099200,6122100,22877000,1326600,1618300,21647400,1588200,20485200,3490600,9774400,28392000,3995000,353600,3793500,10848600,11420300,1844100,2609400,15605400,1646500,5259700,17672508,1360500,3504600,1649600,3210700,14699600,8811400,5474300,2591500,718300,3989300,5015300,1479800,2283700,1492500,760800,2352100,1845200,1927700,425400,1407000,5217900,44736400,10171700,1635800,4366800,7183500,2369300,11800700,22412500,2058200,8633100,2550300,9230912,11193400,4889900,40554400,755400,5386300,6002200,884700,17568800,994300,1797100,1102800,2025900,23196200,1911900,5522600,3920100,4756800,7184700,381800,5084900,4282100,1550700,8295900,5611800,13581600,13206300,9705100,37243900,26430000,7424500,1310300,17005000,1984600,172354900,3841100,3488000,8926500,4244900,31473600,5861200,562500,4332900,5378900,3200000,4933400,1183300,523400,480900,4171800,9828600,6727500,1386200,13897100,2722300,1047200,1761300,708100,38783100,2847600,1757500,6920400,204491900,1218900,9309300,2590200,11959800,4679900,3784600,1281200,674000,23506400,1197200,18393300,11645900,4941000,9905600,4485900
2024-10-25,38802300,4017400,2552100.0,5989600,2129300,2426800,2338800,4794700,29758500,1604400,2054200,29362100,1294800,19977700,2993300,8153000,27466900,3740000,433500,2838900,6297000,9697800,1606800,1873700,16284000,1390100,7978900,20660534,974700,3823100,1425800,3351200,14680500,8439000,6839900,3200400,591000,3226900,6638100,6093000,2406300,1225700,621100,2089400,1524100,3050800,1032100,1176400,5418500,39120700,8528900,835200,3974900,5734900,2183900,8445100,19828900,1633200,9251900,1941400,6459262,8482200,2994100,67503000,982200,6400400,6369700,954800,11138100,2458400,2228300,1077600,1788000,14591100,1582200,8863200,3940100,6176400,11337900,248700,3774600,5325500,1046300,9625500,7271700,16899100,12265000,6580700,28269600,28195000,9385400,516100,7474000,1741400,205122100,5994200,3674700,8825300,4442600,26091100,4877900,385800,3247300,3888300,1346900,5496600,979800,547700,380700,4716200,9665600,4503900,1122000,15345700,2498800,954900,984400,1244500,26050400,2686900,1090400,6478100,161611900,1040800,5103100,2513700,4916700,4464600,2147800,742300,1019700,19717400,1837100,14855500,8959400,7028000,10714600,2622900
2024-10-28,36087100,5383700,3260400.0,4104700,2717700,2302300,2420500,4101000,36010100,1816000,1935000,27930800,1185600,13195800,2336900,20992500,24527600,5382500,329400,4103400,8882500,14637700,3213900,1727200,32073400,1545500,4570900,20339688,1327400,4438900,912500,3867800,12912300,9021600,8892000,2929300,828300,2031600,8146400,2697800,2214300,2059100,1431900,1518300,2150900,2390300,447400,2177700,4288800,97967000,6446400,1179800,5687400,5961700,3029600,11504900,32138600,1687100,7333800,2586500,6466158,4993300,2708600,41915000,842800,4842500,6843000,1051800,10761400,1440400,2084100,1278700,2140300,10175800,2186400,6656000,3654500,4821900,10925100,430300,5239200,6314700,3899000,6968900,5994000,14882400,12381000,8679600,14753800,28624000,6617200,680700,6192500,1864700,173586700,4605000,4330000,11747700,5186400,37922500,5753800,428700,3648500,5525900,2509700,5024600,2835200,578700,588900,4453200,6790900,5758700,1002200,10589900,2773000,1101500,1303500,967700,27923800,2798900,1116700,2732300,107653600,1395700,4409000,1826500,4069000,4306200,2507700,1437500,501200,13575000,2282300,16158900,7990200,4165700,11844500,1909700
2024-10-29,35417200,6131500,2871900.0,4543600,2642900,2089500,2660400,6007400,71896000,1466500,3591100,35690200,1579400,23702300,1749000,66387700,22313500,5047500,269500,3985200,7465600,13134100,2186400,1974200,27969800,2556000,5415000,22504631,1286100,3809400,1361700,4280700,18810100,6814000,6014700,4938700,758600,3547200,6834400,2154100,3478800,2703400,1468200,1650100,1979300,2207100,534500,1843200,7521100,156228000,8471900,1190100,5219300,6655800,2966100,13807600,42169000,1281600,8494500,3822700,6441119,5258400,3430500,83422200,1064800,5216900,6580000,1333900,16525900,2056600,3187500,1041700,2311100,12540800,2066300,9048900,5456200,8407600,13019100,647900,2820400,8017300,2827800,9296200,4622200,17644100,15164600,19232900,12909000,36604000,7241100,582000,8205500,1707300,157593600,5174300,4122900,8425600,5127900,102267000,5681000,584400,3595700,5500500,4171100,6427700,4125700,680400,481000,5102700,7664200,6006000,1044300,15895600,5860700,857700,1615500,2173500,32711100,3576500,1638300,3150700,80521800,1603500,5522800,2600300,3061700,7534800,3901800,1183000,999500,15072300,4160400,13205500,9682400,6475700,14731000,1696000
2024-10-30,47070900,10396400,3010500.0,5188000,3916800,2728600,3362300,5851300,87701700,2223600,2437800,37707600,1042900,17911500,2152900,50738400,38100500,8017500,427900,2692100,12004200,11717600,4037500,2234300,23747300,2412100,4551200,29374937,1211300,6413100,1412200,2826500,13284300,8643000,5784000,4085900,785100,2553300,7718200,2079300,2480000,3600500,1322600,1930300,2345400,2467000,543000,2258200,9458400,48853700,9017100,1196800,3694000,5846900,5067200,8179600,68890800,1441600,7158000,2795600,5680806,6956600,2726300,50941200,1113100,5820500,7110900,1656800,14177800,1794300,18257200,1005200,2356300,11076800,3121000,4924000,5706800,10475200,26864900,917400,2737200,11067500,2541100,13897200,5673000,29749100,14321800,11650200,11956500,17220000,15691300,799200,4754000,2094000,179418100,4564700,5822500,7022500,4801500,47104000,5518100,891600,3780200,4385800,3339500,8819700,3411500,628400,631800,4852100,9187200,6426100,1334000,12252100,7005800,929400,1109300,2242800,36264900,3763700,1452200,4218000,53993600,1659300,4914000,2323600,2754600,9606800,2523500,1952100,722000,16372600,3679200,16021700,9268800,2894400,12303700,1957800
2024-10-31,64370100,8829300,5049100.0,5323200,3078200,2978700,4884900,7307500,44386600,2713500,1961500,75146800,2280900,26086600,2315400,29388200,28138200,12850000,607800,3660300,7444300,10042800,2394500,1702700,32433300,3506400,4989700,37556693,1663000,11969400,1771900,4301800,22023400,7559000,8400900,5970400,746300,4948800,8147700,2014100,3835800,2645700,1987200,1878800,3097500,2999200,850700,3870600,9240500,72098700,9481400,1099500,5177100,5894500,4288800,9364600,44769000,2061700,7114300,2518600,4938531,5925300,8152800,112485500,1468700,8613900,7829900,2001200,13383700,3615600,6582800,1245300,2950700,13044900,5523300,4277400,9069500,7207800,26838400,629300,3408800,25560600,2315800,17413100,5374600,53971000,19830300,13034700,13809400,30577000,13990100,908100,6666500,2299800,270039600,9170600,9477500,10964100,5582400,37909600,6056500,1246300,5021300,5666600,2700900,10261200,2433000,2291400,706200,4112700,12011500,6997100,949900,14264900,10247100,1794900,1326400,1383900,59566700,3874200,1472400,4152400,66575300,1414000,6543000,2490000,3303600,7950200,2993600,1429200,1376000,31077900,3980900,12963200,15539000,6805300,20512000,2120000
2024-11-01,65276700,4493900,3707600.0,10149300,2579800,2851600,3807200,6318900,39027400,1826700,1989000,99687800,794500,17847000,2508300,18894500,31220000,12992500,792000,2971300,7051500,11557700,1633300,1815700,23499000,2810700,4859700,26758760,1318600,7428000,1625200,3527500,19235600,13589400,11728000,8602600,1522500,2638500,7944900,1517200,3713100,1954200,1399800,2410100,1853600,2256100,451000,2369100,7671500,43472300,7733200,1370400,3984900,6485900,3495000,10289500,31796500,1625000,8203400,3277800,4757842,3334100,4510300,173471100,1041900,5256400,6923500,906400,12163100,2347400,5266300,792600,2262400,10317500,3753700,4131800,5472900,6470400,15303200,496800,3068700,10986200,2149600,10180600,4372100,24230400,13623400,14615300,11049000,29968000,9623700,497900,4926500,1106000,207127800,4615700,5680600,13267200,6339000,46894600,5454800,1040500,3941700,5833200,2064400,6498100,1692400,1087300,718400,5234900,8860200,6266000,1093800,12605900,6817400,1433600,940300,1860500,37170000,5067400,1459700,2922100,57544800,1457800,4208800,2548300,2266700,5470700,2169600,986500,1352700,16682400,2217100,13313900,12181800,6861000,20939300,2838600
2024-11-04,44944500,3531800,2459700.0,5604000,1931300,1954900,3880000,3857600,29117400,2090100,2333800,38492100,1608000,13621300,1944000,10290400,31110100,5000000,512500,5733200,5853100,9419600,1793600,1975500,16784900,1695700,4113700,23210238,1193300,5441700,1576700,5107900,13269900,11544200,6130000,6337700,801900,1836200,6088000,1270000,3050100,1975300,1027300,1931000,3434100,1702100,335800,1943300,7614600,55323800,9147800,1020000,4197400,6124300,2851900,9778500,21492700,1797800,8110000,2690500,4275724,2593900,2540800,84616300,849500,4644000,8229600,637900,10984500,1616100,3918100,827600,1741700,7773000,2165100,2583100,4223400,5704400,12064600,326300,3642900,7831900,2377900,9182600,4366300,19672300,15765800,11759100,8656200,19022000,6593800,455400,4742000,1345700,187528200,4691600,4804400,9668500,4885500,41347800,5130200,657600,2439800,3916000,2185500,4949800,1515700,743600,733800,6856100,7049100,3924600,5565700,11103000,4745100,1215900,1908700,730100,24318500,4006800,815100,2453900,68802400,1829600,3693800,2656600,2422200,4281600,2424100,1124200,1248000,14760900,2131800,12607400,11731000,12450800,14965400,4164000
2024-11-05,28111300,5109300,4989200.0,4059200,1553900,1588100,5926200,4053000,27067300,1472300,1302400,30564800,1502800,13441800,1859600,23126600,30851400,9630000,424800,3154400,5400700,12649800,1724100,2142200,17652300,2046200,3302600,17907674,1183000,6003100,1622300,4456100,10183600,11115000,5978900,3813100,902200,1697300,6561700,1404000,2558500,2337600,719100,2185200,7193800,3281900,437500,1777300,4591500,49309000,5991500,948600,3607300,3960200,3202400,11534000,18242100,2169900,9488100,2496500,7827634,2441500,2192000,59153300,1113400,6547100,5600700,1016300,8780200,1749000,3733300,610100,1562500,8004900,2132900,3032100,8185700,5383800,9775400,569600,3943800,5864100,4008600,6741400,4798400,17626000,12071900,9051700,6799500,22006000,5629200,695400,4135000,1227600,160537400,5515400,5456800,7997900,3678300,44175800,4397400,783200,2370200,3333500,2078600,5373200,1438500,633200,792700,8093600,6348300,4232100,2582500,10810900,4438000,894600,1879500,1346500,26461800,2962800,998400,2864800,69282500,1303500,5253200,2608100,2537900,3753700,2534500,689300,1722900,12322800,2355400,13447200,10612500,4713200,10436700,2453800
2024-11-06,54561100,7194800,5110900.0,5256100,3009700,2969900,6428200,6393300,32911500,2208600,8133500,72292200,1871400,24300800,5380500,28069300,110086700,6807500,1266900,6906800,6203800,41957700,4720000,3666200,48011000,2655100,8777500,33154358,3663300,7733600,2437400,5874900,20506000,29141100,12118900,5772200,1664000,2930300,11325100,4619700,4236700,2289500,1230600,3173000,7129100,3516600,671700,4019600,11397800,100781800,12911700,2639800,5939500,8819300,5910500,19150100,33695500,8042800,22611800,7133400,6527484,3934400,6013200,116760500,1776100,8926600,23987800,1715400,22899300,2626900,8257900,1751300,4439300,15034800,3673700,4646400,11382200,9758600,18305400,1163500,4803200,8953100,3094200,9551300,22798700,26681800,20304500,28637800,18603900,36908000,16193700,965700,6233000,7506300,242043900,11418200,11085000,20203700,7849300,65749500,11473700,1966900,5768000,10222800,2626200,17661900,3377800,879500,2203100,9631900,9708800,16218400,4691300,25379300,4708100,1967000,2389600,1366200,32259200,11891300,1423100,4115900,165228700,3089300,8527500,6591300,5624600,10320500,3263000,2679100,1648700,21957100,2928700,63689100,19974000,5057900,20807700,5362100
2024-11-07,42137700,4520200,11988900.0,5519000,2250500,2640300,3510000,5274700,30326400,2654700,4924500,52878400,2141700,18970600,3876900,14709200,48339700,8380000,528700,4238000,4836500,18582000,3211100,2634800,24617800,1752400,4533900,18300757,1999500,5442000,2145500,5722600,17880200,22292300,8143200,5971900,1073500,2528000,7805100,3991500,5593500,1705200,1027200,2263900,3582400,2309300,366200,2739600,5879300,55407900,12733400,1317200,5084200,14389800,4534500,10964800,25352900,4475600,15920700,4323100,5700965,3675800,2431800,101489300,1209000,7522800,16451100,1122200,14856100,1925500,4557600,818200,1972500,11523600,2382300,3357400,7232200,6511600,14653700,517000,3906400,6368000,1771900,8676100,7780000,19901800,13569800,16311300,11728400,32951000,11831100,671600,6304000,2608900,207323300,7303100,7759400,12328200,5333500,48484800,9056700,972300,3035800,10545500,1630500,23586300,1781100,780900,2023700,4415200,6195200,10380200,16521800,15426700,4574500,1278200,1314700,867000,31471800,6897600,1303800,2561700,117309200,3777500,6020800,5254300,3075500,6237300,2105900,1163400,992300,24225500,2020800,18681200,12665800,4185800,12184400,3781300
2024-11-08,38328800,4596900,19189000.0,5685700,2289500,2856900,2581000,4767300,27560300,1978100,3981600,36075800,2585100,13503200,1814400,12996800,38331800,7060000,454500,3541300,5242200,14973300,3345900,1606700,18979500,1315200,4568000,24562020,1798000,5314000,3277100,8485000,17517700,13650300,6041500,5554300,1623200,2941100,7982100,2229700,3788500,1392000,1023700,1569500,2748200,5335100,535900,2390500,4985400,45463400,16197400,1734300,4676500,7456700,3006000,10247500,22006200,2714000,9742000,3448700,6042183,3201000,4946600,76428000,1427700,8926100,9502100,1278100,14719300,1496700,7212900,1165700,2102400,7527100,2215600,3279100,6290300,4864500,9415700,402800,3465700,5712300,1718400,9208000,6979300,16891400,13045700,14657100,10453600,19106000,8140800,495800,5475000,1704800,175665800,5576600,8520400,13729900,4618300,55951300,7506200,565600,3250900,6364900,3126000,10736600,1786800,563600,1067400,6381600,6118700,8728200,2209500,13598100,3805900,972000,1343100,1009200,29901600,5785700,1620400,3452000,204782800,2225700,5020700,3875800,3111700,6240600,1702700,740700,1259300,21305900,2484900,14270900,14396500,3859100,12836000,3243400
2024-11-11,42005600,20760300,6535100.0,5301100,2985200,3536600,3411600,5475200,29868100,2457000,2699000,35456000,1940800,17036700,2299500,12799100,43293500,4385000,681500,4119100,4067100,19173100,1858900,1576700,20466800,2585700,3539000,11831536,1263800,3820200,2181800,13954200,17827000,11570600,7771700,2884000,1143200,3475300,9137900,2015700,3243400,1239300,852600,1620600,3139100,2987600,289800,1736300,6534100,56630500,12737200,1593900,3371900,7094300,5010400,11276500,17450400,2510800,9789100,4071500,7743602,3013000,3079900,80185300,2097800,7146800,9017100,1422800,13980900,1981200,3342800,1171400,2252100,10306200,2213400,2872400,6591200,7972400,10209100,379400,3791300,5610400,1992400,10075300,6861300,24503300,14479700,10275700,16841600,23992000,9877200,538400,6535500,2141800,182325600,5228100,5973600,10676000,3762000,54329300,6364400,553800,3547000,5101500,3010400,7829500,1973700,691800,891100,4012300,10313300,13162800,1172600,12193700,2899600,1491200,1125600,966200,23465000,3537200,1565800,3383000,210521600,2134000,6154700,3003200,4684100,4674100,1774200,526900,1335500,17116400,2868500,17117800,10433200,5556000,11969700,3399500
2024-11-12,40398300,10557000,6903500.0,4598900,3233600,4125300,3484700,5478400,33560300,6680300,2953300,38942900,1021000,15862000,2251400,16746700,38155900,7787500,489900,4400500,4989300,15766500,1737100,1929000,18197400,2244500,4927100,14310497,1496400,5175700,1691400,7659700,16609400,15970300,5681900,4992700,1144900,3077000,9366200,1936000,2876800,2807500,1383600,2029400,3086000,2757700,810100,2265400,3814700,44921400,18145300,1235500,3158000,9322700,4704500,10219700,25134900,2392900,8953000,5647100,11765111,2817800,2047500,62539700,1455900,7181400,6861000,1111300,15021000,1749000,3378600,1133500,2634600,9672300,2577600,2452900,9799800,6304000,16287700,312200,3144600,8101200,1785600,12282900,5683300,19401200,21859700,12569800,15063900,28141000,9013900,649900,6458500,2170600,198634700,3675500,6629900,12197400,5386600,53035200,6507500,551400,2708100,3837100,2719000,8483300,2221400,677600,1044600,3896200,8438400,10244800,1146300,13725800,4171500,1516500,1035100,1634100,39579500,3943200,1723800,4226700,155726000,1115100,4990800,2809400,3243500,4616400,1680500,783000,1364300,16984600,2377000,17848200,12860200,5337500,11972800,2704100
2024-11-13,48566200,8483500,4922600.0,4760800,3353900,3470200,2561500,8634600,35146600,3725600,2354800,46212900,955200,17472500,2118100,21249600,36903900,4982500,408800,2861700,4176500,10525300,2001900,2316700,17563900,1675500,3456100,12369731,1960000,5961600,1757600,6902900,36350600,8050700,8824000,6499800,1474700,2133700,17701300,1862800,2193000,2320200,998100,1448100,3125300,3578900,364100,1437500,6174700,55150900,11931900,1896900,3934800,11060500,3233100,10048600,23184000,1763100,11280300,3083100,5868497,3247800,2040000,58202000,1405200,7161900,11472600,1505200,13177600,1538400,3059300,1118300,1819900,11618100,2681500,2327100,6997400,5389200,10757600,507100,2675500,7233700,2448100,8869700,6134800,21502200,18416200,12451500,16105500,27678000,6835300,773400,6568500,2465100,191903300,3792000,5695400,24172200,4145000,47983100,5412300,537500,4772300,4935800,1962000,7921700,1850000,589500,1033300,2802500,8816300,8731500,1172700,9900400,3329800,1197200,1098400,1685900,29345600,4511000,1212200,3820300,125405600,1074400,7921800,3409400,5345600,4046400,2304000,580000,1079500,19953500,3404800,18823000,12802600,4068300,15127900,2375300
2024-11-14,44923900,8442500,4777600.0,3812300,3503000,3098800,2571100,11747400,31681400,3515600,2282800,42620300,1081200,20638900,2979400,15646700,35733100,6052500,1048700,3777300,5120200,15043500,1372500,2404200,20945300,1827000,4705400,21530780,1817000,4389900,1859900,7630600,33747700,8792300,10111200,4822300,1225000,3154300,47436100,2127400,3685800,1625400,793000,1784600,3694200,2545800,414200,1816800,4663200,56780900,11905700,1248300,5085600,8202700,3675100,17750200,31007500,1670500,9113200,3348100,4071057,6372900,2550100,49252100,1908300,7716400,10172200,1169900,15910800,1666700,3998800,1972700,2324000,9993900,2480400,1932600,6115200,6837300,11053700,469800,2283900,6815200,1863200,8704500,7344200,30246900,18459700,13780200,16490700,30382000,6991600,1187600,5788500,1792500,194463300,5115100,7804300,13340700,5422700,45262200,7444300,594100,4757000,6851800,2257200,7012600,1404000,1086900,1348200,6113200,6441500,14717700,1276600,10061400,3316300,1187600,794200,1811800,20825100,5581000,1764800,3925000,120726100,1071500,4783800,3079200,2971300,4415800,2544800,927700,1231500,13636600,2215500,13654800,15740700,3347500,13041800,3009800
2024-11-15,47923700,11265400,4798700.0,6898600,3614700,4612400,5557500,16287500,44217500,5324700,2587300,86591100,1113000,20836200,2614400,12120100,40488900,5890000,583400,5817700,10230100,15372900,2165500,2293400,18241900,1650200,7328900,19494837,2124400,4124000,2269900,7093000,28173700,16695400,9022800,5808200,1168100,5435800,32048000,2998600,3868000,2036600,1025700,2616500,2672000,2279700,368700,2231900,9038600,58895400,12902500,1505800,5302100,11454500,6785000,12625000,32504600,2007700,8990300,3239500,3934082,3986500,2795400,55104900,1447800,11328500,11518800,1712000,26284300,2414000,7334600,1757100,2264000,14577400,2408100,4039400,9280900,7203200,17712900,400300,1928800,8201700,2258800,16464500,7281900,28247600,18518300,12930300,11733600,36737000,13584900,1428600,7492500,1519600,250132900,7984900,8986300,15043300,9108900,131074400,9939400,530800,3889000,9066000,2275000,9737000,1737700,1374500,1110600,6970500,8119900,9372300,1722800,9632100,4464500,1127500,1187600,2874000,40207300,5103300,3953000,3939900,114440300,1349600,5970400,3423900,3337600,5106300,2258600,669400,2581300,21482500,1994300,18837000,17370600,4018500,19051700,3426500
2024-11-18,44633700,8336900,4507400.0,6086500,1759900,2259000,3399200,8324400,38705400,3174600,2374200,36409900,1898400,17856900,2074400,12251600,32360300,5730000,563200,3357100,9011400,11519000,1626200,1580600,24142300,1194400,4487700,20380660,1347200,5089000,1797300,4250400,23769300,18702700,6075400,4293400,1457300,3932700,14226200,2316400,5030800,1925500,787600,1465500,3399100,3060700,480200,1611900,7261100,47727300,11886900,1460000,2833800,9099600,4859800,12273200,20135300,1848900,9278300,3394300,3656312,3405900,3973900,59589500,1268000,7510600,9051400,1223300,16062100,1750700,9148100,1298400,2600600,11514900,2493400,2865000,7998400,6983600,14327300,380800,2433000,8718100,2099400,14139900,6434100,24727000,14236400,9044300,10010000,40812000,12595100,875900,8753500,1569000,221205300,4208300,6289400,11980300,6991300,64221700,6681000,480700,2411400,4906900,2356600,7814200,1410500,1027800,953100,4462300,7041500,9447700,1511900,6955500,4991500,1125600,1449700,2054600,35656400,5134500,3162200,2442400,126085600,1254600,7912100,2577100,4037800,4585600,2465300,491600,1128700,17405400,2330700,18439600,25093800,2597900,14239700,3172900
2024-11-19,36211800,5246000,5172400.0,4542800,2447000,1961700,1879700,8651100,23131400,3210300,2514400,31197900,1881500,18003400,2512900,8247300,28534100,5115000,673500,3656200,5586200,14428200,1793200,2254700,27670700,1322700,4918100,31241013,1971900,5100000,1690500,5469900,17476200,12128500,4657400,4564400,1076500,2608200,12166800,1657700,3862000,2170300,1131100,2000100,2729100,2903400,545000,1868100,6070100,53227700,12764400,1474600,3216000,8179300,2847600,14530600,23434900,2217400,9375700,3239400,3921987,2860700,2847500,61190900,1143200,8233700,6792700,1408900,16254800,2084600,5832500,935700,4214000,7445900,2716000,2353300,9720100,5621700,9522400,325800,2600500,6915800,1637000,13093100,7244800,18133500,14160300,7942200,10940300,38142000,12028400,795200,9151000,1810000,227834900,3365100,8117000,8065500,8248900,52381200,5683700,337300,2950800,5482600,2448700,6176800,1387300,979900,945700,4654100,9176200,6549300,1671700,8178400,3546400,1160400,1402600,1524200,24727700,5794500,3658700,3830100,88852500,1535800,6716000,3198300,3835900,4885500,2522200,724000,2192600,10520600,1652600,15412900,36340900,2268100,11584400,2208300
2024-11-20,35169600,7135600,5537400.0,5624400,1792700,1874900,2527600,6197300,28843100,4759200,2243400,32769000,1694300,17196700,2387400,9232100,28021000,4185000,593700,3019500,4786800,10495600,1859600,6769100,14496000,1527300,4302400,22480196,2114000,4092700,1452100,3763500,15345000,11449500,6391300,2632900,1487000,2662100,9319300,1433800,2325500,2056300,1484600,2389800,2277300,2063000,664100,1464000,5551000,68633300,8733700,1392800,3225400,4781700,4685900,12183700,18997100,1528600,9639700,4732200,4915189,4562900,1867700,50191500,985400,9061300,9015300,1195100,18904900,1928700,5158900,994300,2864200,8816900,2409400,2524600,8669500,5232700,9797300,443000,1700600,5716300,1606800,12136800,5125600,19191700,10490600,7065200,7880500,40938000,12290300,533500,5709500,2260600,309871700,4131300,4860200,7554100,5067300,46170800,7081100,385000,2821800,4172700,2502600,14483000,1883400,654500,995900,3990700,7527700,6613500,1440800,8329600,4239900,1139300,1258400,1098100,20423100,8991000,1533900,2603100,66340700,1364500,7344400,3928600,3848600,6349900,2728200,714200,1651100,14706500,1720000,14415400,18183200,2439400,11360900,2187300
2024-11-21,42108300,6847700,4061100.0,5561900,2240100,2002100,2849600,8917400,29311400,3553200,1961700,58800000,1972000,24835300,2410300,7845100,45336500,6067500,473100,4116800,4195100,11390300,1833500,1456000,19109500,1520400,3642800,16695562,1864200,12535500,2320500,8364200,16162400,7243200,7945200,3871700,4148700,2537000,10261000,1886100,3095300,1186000,1750900,1380700,2810300,2875400,508100,1632100,7606200,53409500,8872100,1596900,4532000,4057300,3659000,11326700,59734400,2281900,11476300,3722200,5974279,5236400,2514300,58928400,1396000,10141100,8783500,1386000,17292300,2072800,4143200,1321700,1844800,14509000,3077300,4475700,7146700,6971800,11154700,347800,2544800,5333600,1505500,15670300,5547400,20780200,18915200,8908500,8421100,45113000,12818600,609800,5556500,1738900,400946600,2953100,11394300,8156100,5977000,45048400,6240400,655500,2626500,3605100,2218800,10685800,1403500,973000,992400,4847900,6760600,5081800,2588500,11529000,5635600,883800,1159400,1136200,23080900,5204300,1956800,2490100,58011700,1168900,8080300,2722900,3014700,5757100,1600000,792600,1507700,12534100,1831000,20068200,18729200,2644900,14675400,2019500
2024-11-22,38168300,11328600,6301100.0,5349500,2211100,2287200,2048800,4242600,21784700,3053200,2016000,31530800,2200200,17332500,3788900,13353100,37996200,6165000,713000,3885200,5571700,16671600,1893000,1541900,32540400,1475200,3538900,11349999,3050400,7516200,2078700,5649400,14952100,11153900,7005900,4785100,2202200,2330100,10098000,2526500,2008700,1638000,1316000,1180200,2212800,2545800,512800,2407000,4039000,82556700,9109800,1845800,3405200,4545900,3919700,14591700,38604600,1733700,9522500,4932500,4068192,5320700,2080100,36784700,1375400,8266000,7997300,981800,19562200,1864800,4015500,1311000,2410900,8666500,3130400,2879100,5378100,7125100,9164000,448600,3052400,6617600,1421200,14031200,6334100,24814600,12063700,8165400,8038500,32140000,12248600,507500,7184500,1276300,236406200,3277800,6879400,7431800,5846300,41897000,10609800,563800,2432900,4108200,2480800,5709300,1727700,1029400,1842300,3585200,6563300,7738000,1619900,9015500,3440000,1836500,1230000,1069700,35732900,6398500,1833500,2540800,89140700,1081900,7861300,3197900,3677500,5919200,2375200,503300,1270400,17017400,1619100,14997400,23990600,2065300,13323400,1854600
2024-11-25,90152800,12465000,7930500.0,6879000,3054800,3320000,3384300,8926500,30923100,4695700,3605900,40685700,2640600,26850600,3478400,11479400,42718600,11112500,1463700,5246600,10227300,19558100,4398000,4158000,24680900,2588600,6159200,25102242,3149000,23447400,3240900,7117200,52408200,15615700,10702400,5578700,3266900,4460500,10397800,4657000,4163000,2813100,2308300,2468000,5740100,5440300,1977300,3559500,7013400,63469300,13286800,2415600,9740700,10754100,4852100,25347300,33135300,2940800,15280500,4544200,4071800,7189300,3062700,91128400,2076800,12256200,10295400,1913000,36805300,3835600,5690500,3613500,3691700,16714200,4503900,5021800,11092900,10733800,13599800,765400,5074700,13567700,3721200,34659100,8012300,27691100,22837900,20803100,19080300,60142000,18328900,1805800,9651000,2694000,344941900,6793300,15138500,13813000,8580400,57707600,19357000,1134400,9970700,4364100,4455800,9189800,2433600,1196400,2234800,8322400,8839600,13029300,3291900,14173200,5833900,4564900,1890300,2102800,64729800,8925200,3063500,5513100,95890900,2501800,9274400,5146200,5029000,14189300,4237200,1066400,2168200,28365900,9474900,28636600,25078600,3122400,26580300,4558300
2024-11-26,45986200,6947500,3228200.0,4056800,2106100,2415700,2277600,6517100,32092400,17010300,1791400,41673700,1785000,16308800,2130500,8235000,30301500,4067500,772700,3332000,4284200,11605200,1796600,2914000,20993100,1694900,4380600,19624904,2752800,12073700,1438000,4492800,14209700,7884800,7369500,4577000,1747300,2377700,6808100,1962600,2850500,1859600,809300,1611200,3254600,3129600,708100,2096100,5591700,47458800,11821000,1669300,3918900,4406500,3642500,25817300,20486700,2846500,11141900,2758600,4459489,4449500,3463800,69613600,1152600,5683500,6212100,923200,14473300,2600000,6622600,1345800,2422300,7385200,2326800,2254200,8778200,8706000,10356600,477800,3080300,7787200,2072300,9324100,8817300,23458900,19275700,10563600,6383700,31383000,9495600,849300,3722000,1728500,190287700,3038900,6427200,12284600,4653600,33001000,6276700,364600,3367200,3462700,2705500,9489900,1615700,779800,1164700,3175800,6558300,5120900,1889300,11192300,3509100,1358500,948000,1014600,30080300,4725000,1748500,3251100,62295900,1788200,5260500,2693600,3424800,7071500,1728600,577600,1327700,17247000,2874700,19139100,16657000,3155900,14827300,2539600
2024-11-27,33498400,5271500,2657000.0,3510300,1657000,2324200,1558600,4348700,30175300,6622800,1669400,28061600,1293800,19722700,1697000,5210100,23278400,4277500,481900,5359300,3788400,9736100,1371900,1977200,9131300,1770200,3427500,17323599,2129100,6237600,1499500,7471500,12703300,7597400,7674500,5400800,1258700,2271400,8142400,1719200,2221900,1260200,648400,1179400,1869300,2004100,459600,1117300,4227000,28474200,7050400,919400,2726200,5527200,2678300,11386800,19266500,1424500,7877100,2293500,3045070,2995100,2481600,53992300,938400,4140400,5472300,942600,13263400,2069100,2714700,890400,2263800,7846700,2086300,2240300,5523800,5044800,7200200,379200,2579600,5723700,1286000,9802200,5507800,18332400,17046400,8689700,7045300,25782000,8713500,583400,4884500,1098800,226370900,3016100,8368800,6828000,3622900,28242100,5522900,331900,2655000,4054100,2151900,6337900,1103100,544800,637100,3604000,4857800,3977400,2249100,8297200,3504700,903000,1391600,1018000,33206300,4491100,2914100,3346600,57896400,1235800,4732200,2269800,2453400,5204300,1907000,386200,1006900,12372400,3352100,19793900,14358900,2528400,11079100,2315800
2024-11-29,28481400,2710700,2664200.0,2523200,1311300,1450200,1260600,5944400,16085700,2232800,1610200,24892400,769800,11024000,1326600,7100100,23262000,3317500,390000,2969700,3447000,8606500,1962100,1838400,8047700,900400,2447100,10197319,1161300,3918700,1095900,3517600,11618400,3947700,5077000,2553300,732200,1931400,5095200,1492300,1899500,1624200,722100,1580900,1531700,1837700,362800,991700,2407400,28935200,6512500,665500,2054700,3851000,1792500,8064700,14257200,1170200,3484100,2028700,2034468,2640300,1439500,36616800,718600,5687800,5494800,925700,10648400,1351500,2206900,658200,1526400,10736500,1760600,1655900,5221100,5096000,7130500,184900,1618300,3635500,965500,6081200,4068200,16271900,13729400,6186500,6192900,20272000,7123500,336700,2915500,920700,141863200,3486200,4628000,3820300,2799300,22023000,3823700,331600,3124300,3255600,1402400,6112000,787000,489800,395600,2728600,3419300,3201600,1373200,4143300,2364000,1291400,842500,711200,19673900,2846700,2108300,1806000,37167600,679600,3167400,2010800,1533500,3853300,1554100,355200,770600,9023100,2149200,9785000,11041200,1383000,9426500,1543400
2024-12-02,48137100,3936600,3608700.0,5338900,2445500,2006900,2188300,9100600,33102400,4677800,2374800,39523200,766200,21472400,2166900,10097900,35891500,5147500,719600,5031500,3388000,11932600,1548500,2514900,21179700,1107900,4325300,17342378,2683700,5939700,1955800,6063400,15977400,11633700,6229600,5658700,1318600,2520200,8390500,2293500,3429900,1833600,968200,2030500,2922000,2835100,536100,1131000,5682500,50034400,14413000,1578700,2817700,5023100,5151400,10602600,23789100,1804100,6996800,2617100,3422149,2655900,4154200,150497900,1005300,6946500,8899700,1380200,16500100,1801800,2895600,1115600,2202700,20059300,2355100,3149900,7030000,9985400,12522400,342700,3001900,5625300,2267100,13703100,5512100,20207200,16525600,11361500,12596900,23890000,11221000,479600,5283000,1837300,171682800,5053000,8859700,8008100,4967400,43866400,5728200,335400,3386500,4136400,3319700,9812700,1832800,896200,723900,4468700,6103200,5658500,1538700,8511400,4030000,1687800,1460200,1216500,44160600,4818800,2558600,3263900,77986500,1257300,6373900,3364900,2832300,5597500,2772400,579600,960000,12783900,2416300,18274500,17173000,2718000,12687300,2391500
2024-12-03,38861000,4107600,4681000.0,4794900,3044700,2119300,1917500,5939900,22665300,5468800,2551200,32214800,1441900,17024400,2128700,6130300,38123800,4897500,941700,4931600,3191900,17544200,1716200,1938500,19172800,1524600,6203500,15313797,3600900,5862600,1653900,12632400,11746000,9011500,5900100,8405700,1166100,3035300,9194000,1186600,2440600,1821400,948200,1692000,3092000,2362100,386900,1303400,6606100,43904300,12218800,2629000,2882300,5532000,4979200,14234800,22248700,1718100,7442000,2714000,4268721,3163800,2908500,138160500,1379300,8674400,6657700,1376500,24874500,1868300,2782100,1188400,2459100,9884600,2319400,3031000,10712800,6626700,14907200,534700,2378400,8734800,2035800,11395600,4791300,18302000,23479700,9806900,8717000,24016000,9414500,683800,6421000,2043700,164414000,4856200,8917100,6351300,4277400,49064300,8127300,328000,4520300,4739400,2313600,6961400,1226200,649800,676900,3620300,7101500,4840200,1016900,7429600,5724600,1651400,1253000,923700,63128700,3916000,2665200,2668800,58267200,926700,4743400,2329900,5604700,5009900,2070300,543100,1181700,15415900,3142000,15047900,17775200,2672500,11756600,2679000
2024-12-04,44383900,6125500,3893400.0,3557100,2074000,3307000,2832300,5819800,25942700,4173900,2529200,48745700,974900,32748200,1561200,9269300,24941300,5080000,1029500,3941100,3507300,12331900,1193800,3404000,19191500,1523700,3971800,15600607,5096000,7291000,1784700,24733100,16872100,7953800,7862700,4593500,1056400,4167500,7996200,1506300,2218900,1581400,680000,1903500,2632700,3222500,319600,1479600,4176500,66780700,18548200,1840100,3713400,9124300,3152600,13225700,31615100,1617300,7616700,1968800,2816743,4104200,3249100,104649000,1350400,10333100,7346300,1459200,28137700,2188300,3871100,1542800,2081000,9380400,2630000,3742500,13749500,8301800,14697000,351000,2503400,8579800,2240800,11315000,6203700,26009400,16306200,8310200,9668200,26896000,15042600,804600,10315000,2160900,231224300,4011300,8906300,14729200,6964600,42541500,6823500,428900,3761300,4661200,2594900,6721600,1507600,731800,575900,3774300,6151100,6035200,1213900,10231100,3795700,1128400,1295800,707700,41534200,4785500,2579700,2682900,50810900,1431300,7172600,4147600,4793200,5981800,2509300,616900,1220600,21431600,3159900,14301100,17312600,3233300,19520600,2687000
2024-12-05,40033900,5444200,6174900.0,3269800,1821300,2629100,2234700,8663800,29576900,3187000,2291100,41140200,1730000,18490000,2793600,7119800,31572100,4592500,880500,3320200,4173500,14307600,1291400,2284800,21657700,1460400,4407100,14527205,3253000,7074700,2089400,10942100,19121700,9063500,6358400,5964000,1159700,5335700,9823600,1507500,2178700,1811000,824300,1693500,2377900,2623900,384800,1625000,4712300,68162000,11873600,1512400,7547300,12428600,2847000,10017900,21356200,1672800,7722300,2523500,5499906,4791100,4459600,167993500,945200,7898100,6572500,1028200,21040400,2303200,2423400,1113400,1959800,12921600,2538600,2594800,14289400,10781000,8081200,450400,4171800,5398600,2199100,11062700,4991900,21697800,13448900,6487200,10966900,28353000,8316500,932500,5377500,2115800,172621200,3790600,6398100,9937800,5229600,43647900,5022200,465700,2510200,4186300,2928300,7279800,2242300,779000,993300,3328800,7194800,6796600,1388300,8466500,3007600,1209300,991900,1319500,40155600,4768000,2665300,2676200,81403600,1976700,6049100,5943700,4632500,5200100,2525900,765700,1183800,16176900,2468900,17766700,21932300,2518500,15751200,2442000
2024-12-06,36870600,4839600,4295800.0,5300300,2332100,2964100,2677500,6058500,33576800,3970200,2677900,44178100,1020300,27830800,1797600,8182700,28931700,4707500,550300,3270900,3302000,8781100,1331000,2965100,18633200,1746000,4104800,16654376,3162400,5365600,1737300,5738900,14622700,9635200,9701700,3453500,1129900,3099500,6677900,2073800,2808800,1651800,931500,2731100,2628200,2927900,541500,1479100,6946400,56227000,9471100,2079000,6899600,4470700,3708800,8625900,21462400,1405700,10347200,3161400,3373874,4028400,3274900,78539100,1026200,8389600,5519700,862400,15581100,2191300,3047100,1284700,1745700,8330000,2122700,4158700,8677500,6789300,16935500,397400,1912300,5733000,2684200,11470700,5013200,18821000,12381000,7079200,7751100,29554000,13931100,915700,4522000,1838800,188505600,3112200,10503400,16583800,8359200,31830700,5741200,371900,3650800,4212500,1926100,9918400,1896500,813700,652500,4792100,6297000,5071300,1910000,15727500,4798300,1419400,914200,1049400,34218800,4064400,1869700,2177100,81455800,1500800,5140700,13003600,5745000,4302700,1984200,1355200,1115300,15685900,2304700,14798100,18803500,3432800,16171100,2551200
2024-12-09,44649200,4394500,3648700.0,4868000,2185000,3588700,2651100,7647100,57055600,3222100,2854200,46819400,1216000,20886300,2377900,13540000,34660900,6825000,742600,3748200,4877300,11957500,1739800,4257000,19616000,2146100,4933600,48285911,2125300,6526500,1855500,6475000,16517500,11535000,9404500,6352200,1209100,2625300,8666100,2309500,2573900,1098800,1017300,2433000,2859400,3047000,476100,2338200,6064800,53230100,18310000,1365800,6500800,7396100,3642000,7959600,25389600,1633200,8137900,3426000,2697911,4970400,3750300,68818200,1429200,8410300,7076500,1093300,22348300,2833900,3176000,1170500,2647000,10742200,2942000,2391600,8594500,19609200,11426000,360700,3442400,8641400,2528000,19162500,7753900,19144400,14141900,9269700,10749000,33501000,12043400,930200,6117000,1551600,189308600,3946800,20158000,12216300,8380400,37464800,7164300,649100,4717100,4759500,3475700,9481200,2438600,1027300,905300,7255400,7271600,9564300,2337500,10656900,3866600,1638400,1205800,924900,38385900,6245800,2106600,6267400,96359200,1420500,3880300,7684700,6139500,5785300,2730000,672000,1260600,15570300,3808200,15517500,20931100,2760700,17412600,2387300
2024-12-10,36914800,4089600,4777800.0,4072100,2157800,2762900,2045300,8230900,38907200,2791400,2653300,31199900,742100,27762600,2967800,17149200,35665800,6367500,645000,3648500,4612100,16833400,2251000,3232700,18652700,2610400,4324900,30599533,2164600,5860800,1556800,6033000,14480200,12685400,9126200,5098900,1215300,2753300,7526400,1866000,2941300,1699300,1295800,2201300,2838400,3440500,469400,1891000,5332600,45084300,10835500,902800,5100300,6748200,2993000,7722000,54813000,2600800,6596300,3354900,3764322,4769500,3232300,90004800,1048000,9398700,9108300,914800,14949400,2326100,2695200,1178900,2214700,10620100,2003200,3523000,9191900,9728100,10938900,421000,3225700,8319900,3431500,11359400,6551300,18469500,23548500,8619200,7751900,23886000,12193100,789600,7996000,1676200,210020900,5089600,26502000,10054000,5329400,43280500,6219900,658500,2908100,3790900,3124100,8683600,2301500,1298500,900500,3725400,8192500,5923400,1808600,10075800,3250000,1925500,1369500,1281700,32851500,6186000,1938000,5352700,97563600,1153900,6064200,5360600,6415900,4539500,2656300,775400,865000,16337200,2581500,12277100,13164500,2587500,20990900,1678200
2024-12-11,45205800,9492200,4096100.0,4747700,1541300,6690600,2925600,6698600,45588100,4493500,2356800,35385800,858300,41295200,2071200,13116600,36790500,4910000,1139700,3876900,3168400,22533600,1651600,2749800,15172100,4300600,3629400,25525734,3689300,8195500,1903600,7546600,26842900,17925000,13764700,4155100,1677400,3370000,6426800,1836300,3820800,2709700,966700,2163900,2305500,5778600,387800,2440700,6684900,60487100,7339000,1207000,7606400,7525100,5345300,12609100,67894100,2195300,10506100,4211200,4649833,3872700,3249200,75209300,999400,13446700,7884400,1107400,32819000,1612500,3510900,1308000,3297100,14116900,2181100,3037600,5698100,12901700,10837200,430400,4089500,9363800,2796100,21613000,8835400,19200200,15248400,7472800,8464900,35017000,12033200,1058100,6224000,2082700,184905200,6634600,13188700,9617300,7925900,39569400,5237500,702000,2804200,10141600,2596800,7081800,2019400,776800,804800,4298000,8007300,6323800,1302400,9958300,5066800,1777000,882200,1214000,38518100,5440600,1389200,3439400,104287600,1489200,6057800,10363000,7485500,4321800,2349000,919200,1043800,13986100,2252900,11867400,19682100,3013000,32392200,1782400
2024-12-12,32777500,4999500,4254100.0,3764700,1834200,17344900,1983900,6108500,34267100,3749200,1922600,28204100,653100,46967200,1668100,10617700,24017300,3687500,687100,2571300,4050800,8893000,1804600,3351700,15743800,4474100,3519600,23970689,1695600,5908600,2344300,5422000,17704600,22510300,7621500,6079800,867000,3996800,5285100,2061200,3087600,2600200,929800,1730000,2310600,2169500,284500,1223500,7086600,38432600,10184500,1084900,7808600,5782700,3368700,9454900,34817500,1218400,6485900,3673600,2881252,4515700,2007100,77695000,1213300,6176300,6113800,698200,17542100,1719300,2823800,1862800,2391600,8641500,1860400,2040700,4738700,8041500,7474700,281000,2915300,6278700,2723200,9554400,3610500,20834800,19334900,6969600,7387200,24862000,6983200,1317400,3437000,2699300,159211400,3885200,8154200,7557700,6849500,38705100,4072800,533200,2868200,5144700,2646000,5796100,1725700,924000,1332400,3848600,6375900,7469400,1219300,7309700,3053900,1509100,838800,846100,22015000,4727700,2539200,4067600,87752200,796900,4025600,9403800,4980100,3218500,2066900,689700,958600,11232300,1810900,12446700,14298600,2575300,14543300,1936000
2024-12-13,33155300,5471600,5288500.0,4550500,1808700,11395500,1810400,7051700,67544700,2906300,1995500,28768100,1025300,121336600,1662000,9754900,32902300,4102500,537300,3474300,3181500,9819900,2034800,3698400,13799100,3277200,3019600,19240784,1810600,6887800,2951900,5538000,14129700,17647700,5816200,2985200,900700,2417900,6864500,1566800,5141200,2820600,1428200,1921100,3097700,1878800,394500,1165000,7873200,40560700,9669300,964700,4957100,7515500,3193300,8849300,25143500,1215000,6643500,2649500,2580564,2757400,2411600,55104100,1071400,8324900,10392700,1463200,13429000,2254200,3059400,990100,1999300,10818700,1608200,2547600,9040000,7120400,8453300,297300,2382000,6532800,2014600,10118200,6091500,20177800,23926000,7671200,11263900,24858000,8037300,699600,6735500,2790700,231514900,3899100,8351100,10414900,4353900,29043600,3884500,626800,4741200,3233100,1825800,8886700,1931700,696900,1307800,5061600,5910900,14089400,1118800,10763100,2549300,1462400,1191800,755800,33693900,4595400,1553500,2895400,89000200,1327900,4772800,8202900,4284800,4682200,1718000,492600,1097100,13360400,1955400,16794500,11495900,2254000,13106100,1650300
2024-12-16,51694800,8157900,4136300.0,5047200,2306300,5807000,2410700,6643000,42090300,3711100,2218800,37552100,984800,111623200,1813700,13050700,27330400,8562500,897800,4514000,5664900,11833800,1311100,8087800,15710900,4009300,6601500,21535048,1841000,7441800,2581300,5482300,26883200,20783500,11961200,3427100,956800,4474400,10528500,1258100,5673900,3812300,1245200,2636300,3205800,2898600,515200,1506200,5540700,96264400,10232800,1587100,7436000,7068100,5620400,11688400,44934900,1713300,8770000,2879600,8697335,3610300,2331500,73832900,1534700,8732400,9032000,1014300,24559700,3691400,3426200,1483700,1964600,12749600,2923000,3179900,11748900,9072600,10885600,337300,3097800,6723300,3518500,11701100,5659700,23598800,42741200,9767000,10069200,26749000,13034000,859200,5932500,3090900,237951100,5671600,9572000,14145500,6696500,40194000,5943600,703400,5586800,5439100,3653200,9951100,2009000,920100,794500,3986400,12395900,12313800,1486600,14900700,4716300,1499700,1402400,1155500,48018100,6990500,2595600,4489700,114083800,1847000,5829700,8880000,4515900,6562500,4422200,595400,1511300,30228300,2170600,24602500,16742000,4244700,20256100,1938800
2024-12-17,51356400,7664700,3125800.0,5805600,2479100,7514500,2749300,6817600,43314900,4742500,2637400,35948100,924200,70382100,3611500,13557100,33054600,5512500,990400,5057500,4903800,12639000,2138700,5386900,17328000,4482800,5633400,20479038,1612900,8737800,2050200,6911000,24912500,29444300,11909300,3513200,1357100,3211100,12238600,1508000,2784900,3093500,1801300,2964400,3603800,3820100,438700,2562500,7372900,76208600,11733800,2426300,4855100,6125300,6012200,11201600,43504000,2314100,12767200,3726500,5710726,3651300,3634100,51767200,1475800,10343000,8083600,1252400,21902400,3320200,3924800,1354500,2402100,14167900,4055800,3295800,9621900,10314300,12897800,524500,2693200,10125500,4076500,13975100,7141400,22733500,35811500,7723000,12095800,24595000,12452400,747300,6115500,3290400,259410300,4951700,8940200,16866600,6572600,71440300,6069200,832400,4687400,5275900,3608800,7187400,1929500,978700,1238400,3012400,8536100,8409200,1292400,18705300,5500700,1681100,1456400,1540400,39844700,6813000,2544800,7729800,131223000,1372700,5046100,14132700,3549500,8843900,3710800,774500,1304600,15374000,3497900,15595900,23560800,6459400,17554000,3018300
2024-12-18,56774100,5471600,4236700.0,6454600,3232900,6511100,3451300,9000700,49724400,4093600,4186100,43281400,1043200,53960100,3541200,15437200,41771900,7907500,864900,4361900,5167700,18028000,2820700,6212700,21896700,4913400,4849200,24161788,2864900,8466500,2725300,8400000,24195100,26201900,10174500,5895900,1423600,5221600,12292800,2407500,4713900,3617100,1291000,2237100,4162600,4506900,650600,2491600,9095400,84199500,12501000,1907500,8059100,6616100,13262600,13565000,34166100,3271600,11454800,4225500,6821063,4152500,4571900,86041200,1488100,9336100,11322400,1452100,20946100,3271900,3354200,1424400,3084400,15804700,3190300,3800900,10205900,14385800,17075500,724500,3748900,10619400,3959500,11993400,7858800,24444500,63024300,12496000,16488700,29382000,14376900,839200,7942500,2605800,277444500,7659400,8817900,16405600,7620900,47575100,7517100,1210000,5422600,4719800,4211600,10295200,2321800,907800,1477800,4113600,10886600,14116700,2306800,15657400,4016000,1852100,1439900,1618000,38897400,5808500,1774300,5197100,149340800,2022500,8281900,10147600,4849400,10479200,4263700,976100,1760900,19199600,4105100,21201200,24665600,5884900,17114500,2728300
2024-12-19,60882300,6110500,4744000.0,7738700,6075500,6479500,3147800,9252600,46160700,4725800,4709800,39918700,1041300,40845200,3540200,14777100,38583600,6955000,796300,4645200,5620600,13464300,2616700,7923700,21381700,3826600,6641100,24163816,2854300,9951200,2610800,7423400,21947800,26006200,16544300,4215600,1757200,4550000,9468500,2977300,4237600,2461100,1588500,2362500,3272200,3589700,685300,2667800,14685700,81659000,15766500,4203500,6257600,8875200,6138100,11211900,32265200,2753300,14175900,4576100,5167601,4427200,4870500,69117800,2064500,9516700,11790800,1115700,21300600,3292000,4032600,1250400,4159000,17426400,3050500,3438500,7433000,13497300,14958100,510400,3038100,10822300,3895700,12110800,8632400,22963700,91396800,13731700,13794000,28155000,27067600,730200,9859000,2869000,209719200,7959000,8386400,18592100,9829500,50324700,8585200,656100,7786700,6985400,4445000,8414800,2311500,1086700,1337100,5446900,14628400,9749000,2055800,16159200,4044400,2057400,1684100,1713400,43160800,7979800,2235600,4957700,118566100,1570300,6290000,7418100,6391800,8317100,5060200,1061500,8207400,17859100,4629100,16444600,16606500,4608000,20565600,3713700
2024-12-20,147495300,18950900,15471700.0,12311900,7013100,8220000,6781800,15336700,53591200,13687600,5750200,88279200,2258700,131910400,6232400,23233700,74222200,11595000,2079800,12943900,15909900,27720100,5142000,8378400,61015000,3481200,9929700,64062787,3172400,29542200,5373800,14932300,69544600,21447300,32209200,8702800,2446400,7073600,17955300,4801700,6044500,4055500,2427300,3445400,10502000,10044400,1434600,4862500,20813900,87705500,22372300,8126800,9281500,22530200,10672900,23917800,63462900,4515900,18035900,8046400,7250025,12423200,6446800,108453700,3933900,17702800,32348400,2652200,42458100,6680900,9942300,3973500,5693100,29404500,7317100,7678000,27171200,34652200,48989400,977400,8351300,27063800,11493700,29289700,14884000,64263700,49578400,27547500,23927000,45305000,49883400,1283900,10130000,10452500,306528600,14467200,13810500,29108300,19205200,116340100,21999300,1338500,11067200,10267400,8178700,17347100,6309200,1890000,2982300,13389200,26477500,12322400,3294800,36468300,7725000,4887000,2543600,3146700,93984000,11714000,2758900,9116100,132216200,3579400,11462100,10956900,12899000,24387000,7606100,2007300,6203100,47590900,11368600,50113400,49350600,13060700,40141200,6220100
2024-12-23,40858800,6945600,4728300.0,4028200,3549300,3781200,2282500,5040200,47777900,3025700,2594100,28070000,797200,40643800,1902400,8486400,35374800,4130000,488100,3836000,3833800,8248000,1804900,3638400,35169600,1945400,2975100,17799054,1620100,7892300,1856800,5330300,18671200,16405000,8156500,4063300,1093900,2798800,6037200,2167100,2757400,1708600,1089600,1458400,2258900,2554600,488700,1704600,6073300,50646600,8562500,3500700,4127700,4809500,3380200,7553100,25675000,1519500,7714300,2433800,3679336,2988100,2853800,57988400,1069800,8720800,8611500,886400,13010800,2084300,3622300,1053900,2079000,10406700,2270300,2492200,8832400,8443400,10205800,268700,2067400,7199600,3509000,8460500,5074100,19152500,26041500,7509000,8591600,23394000,14203800,581900,3933500,1668600,176053500,5474900,6518200,16857600,6822200,35350400,6983900,599400,4626200,3697100,3365100,8863200,1240500,866500,565500,3588700,11203700,6863600,1083300,10833900,2556400,1388500,1622300,1461400,24655600,5436900,1558100,3081600,72698100,1198400,4297600,4286000,3419000,7984600,2832600,656800,2204300,21292300,1871900,11817000,26205400,2535600,12285100,2437800
2024-12-24,23234700,2692800,1677100.0,1480000,1075400,1685000,1404400,2595800,24829600,1520600,788400,15007500,296100,22827200,862900,4317000,12054400,1965000,276600,1761200,1880000,6544900,886000,1323900,10234900,669300,1531600,7995138,478400,2677400,939000,1811000,9922300,5922700,3556100,1329400,383200,988300,2475000,683700,991900,778600,323200,468200,1243300,1325800,168400,507500,1853400,29083100,3962500,1013100,2235700,2109100,1220400,4541100,10403300,913400,4461700,1392600,1987890,1186200,1084600,29884000,629200,3164100,3729100,349500,5019100,824200,1165400,375900,992100,5611700,955000,1461000,3201100,5885500,4726100,112100,803200,5406800,1419500,3713500,2902800,7164500,13021300,3001800,3549300,23203000,4919100,235100,2093500,886500,105157000,2585000,2451500,5786900,3399800,19716400,2460800,227000,1883700,2806600,1448600,2839600,514100,382100,280400,1663000,5422000,2150300,445900,4555400,1146300,441700,432200,431000,9605900,1476100,488700,1411800,59551800,461100,1950900,1824400,1579200,2684100,1170100,246300,1468600,11712200,1074800,4442700,8992400,943900,7807000,1023600
2024-12-26,27237100,2759300,2067000.0,2960500,910500,2131200,2066500,2793700,24998200,1637300,1464600,16146700,418500,28459000,1228900,5905700,16077400,1717500,292100,2159600,2601600,6341700,1097900,2270600,12363700,1090100,1919500,11549742,1174700,4325600,969000,3483300,8524500,11335500,4492600,1835200,444900,1512400,4781400,693500,2914600,883400,521400,1252200,1530200,2104000,234800,1196500,4142900,35922700,6127100,1777300,3309700,2915400,2212100,6071900,12046600,1092000,5562500,1319500,3258862,3286500,1168100,39846200,765700,4656300,4451800,454100,7943800,991500,1274200,662100,1435200,6297400,1109600,1433900,4143200,6103500,6081400,526100,1484900,5230800,1566500,4760300,3013500,8194200,14468200,4503800,5896400,23403000,6363500,294600,2181500,1565300,116205600,7385900,4100100,11247100,5528500,31406000,3629400,256900,4799000,2425600,1794800,3846900,988000,619200,371200,2147000,7538700,2926900,750500,8145400,2177500,469900,563100,839200,16440500,2892800,777700,1902600,76366400,733500,2019000,3387000,3011100,2856000,1884400,483000,1191500,12946400,1079000,6964300,10994000,1394900,9652400,2167200
2024-12-27,42355300,2745400,2650100.0,2829500,1195700,2947200,1722700,3599600,32924000,2157400,1640900,27367100,457000,29282200,1676000,6806900,17972500,2912500,337100,3237700,3177600,7743100,1245800,2915300,14967400,977000,2544100,16425611,1384000,5889700,1943400,3220400,13021400,10563800,5296500,2932200,735300,2130400,4523800,822900,2127200,1023500,517400,812100,1653500,2048400,289700,1601700,3669400,52899900,7892500,1553200,3188400,3349300,1984400,5884400,18891400,1486000,5379400,1942700,3239976,1810800,1212400,48260800,1013200,5588300,5730200,729500,8542800,1444900,2096500,820600,1581100,5444100,1541800,1617200,9024100,7608200,8084200,249300,1842600,6425500,1770100,6173600,3088100,18117700,19422600,5458100,5456100,32262000,6334400,376000,5082500,1330800,170582600,5373900,4344300,11712100,4287000,35218300,4367900,392500,3655100,3923500,2615000,7232500,1102000,795600,382300,3847500,8200400,3967500,881700,9493700,2603000,734400,671900,705500,18547500,3471500,943200,2150000,82666800,1010700,3253500,3471800,2904000,3489200,1697800,409300,1373400,15168100,2612200,7219500,11384400,2015000,11943900,1800100
2024-12-30,35557500,3405700,2458800.0,3475800,1490100,3473200,1661200,4763100,30501600,3039300,1887000,28321200,816100,27316800,2392800,18082300,16109800,3692500,591700,2831400,3411400,6664400,1422200,2356900,15497600,1271100,2832100,25318096,1224500,5238800,1881200,3411100,12948100,12153700,6194800,3202200,792500,2008000,5716300,1027700,2217200,1152600,723800,1303800,2621000,3197100,298600,1400300,4145100,47116700,11047300,1587400,4117500,3613200,2521100,7246800,14264700,1265900,10335300,2444700,2516268,2095600,2444000,59608100,899600,6268700,5723800,687800,8972200,1608000,1719100,887600,1622800,10381700,2101600,1936700,7182000,7580200,7025900,250400,2154000,5409900,2010900,6848700,2637900,13158700,22022900,8399000,7507800,22030000,9042900,440200,3600000,1448600,167734700,5695300,5254800,10123500,5397000,32859100,4354500,337700,4038500,3336400,2567500,5356000,2178000,537200,539000,2822000,8404500,5321700,1217400,10995000,3813100,852000,794300,813900,25420000,3976600,1035500,2160900,64941000,1317100,4065200,5408600,2953900,3478500,2890200,713500,1456000,15672000,1255000,8443800,9790200,2642900,11080800,1531400
2024-12-31,39480700,3326400,2312300.0,3519900,1748600,2285100,1594500,3565500,30203400,1966200,2115500,24819700,777900,17927700,1231300,9748600,16110400,2632500,619400,3380700,3973000,6393000,1168100,3087200,10363500,1222300,2911900,14623555,1041900,5556400,1742900,3026000,14173000,11688400,6137800,2714900,772700,2077900,4757500,1434000,2987400,918400,882300,1205800,2171600,3302500,516500,1134600,5347900,54104200,9247000,1296800,2806900,3482500,2634900,4734400,17466900,1055800,7647900,2179700,2054945,2270200,1562100,49846700,884000,5811400,4871000,646200,9256700,1386700,2327000,731900,1397900,7195200,1942600,1915600,5711600,6904400,6019500,267800,2220300,4708900,2179400,6598200,2970000,13246500,18691500,6216500,9342600,18759000,9425600,439900,4204500,1240000,155659200,5643300,4307500,10556400,4274800,27085500,3957600,283000,4602700,4397800,2989000,4423300,1217100,473500,375100,2445000,4220700,4082400,1053100,7817100,2987200,1376100,705400,821800,22342800,3600100,1262900,2119900,76825100,1106900,3050500,4214000,3400800,3963800,2689900,389200,1048100,13549900,2645400,7031500,11267700,2143800,12387800,1327400
2025-01-02,55740700,4092000,2605800.0,3569100,2253600,2504700,1757200,4164600,34256200,2357400,3142800,33956600,918100,31525800,1930100,12450000,25610600,3532500,604500,3746400,3369000,9827400,1802600,2463100,26418700,1020300,3206100,30710501,2246600,5080600,1765100,4807100,16144300,10626100,7170300,3680700,1005300,2760600,5688100,1285900,2865500,1076000,922500,1218900,1837700,2920200,440400,1598400,4578400,67156200,8790300,1278200,4148000,3495200,3360400,10167700,20370800,2219000,6249300,2415700,2216960,2579500,1921600,46438500,907700,6051300,9220900,892200,12991000,2110900,1938900,953700,2741000,8075100,2818800,3117000,10151800,6158900,12682300,414700,3248900,5472800,2586800,6153300,5014300,16896500,18860000,5344800,8296200,23123000,10883400,598300,5123000,1383100,198247200,4991100,5360800,11808200,4970200,32899200,5401700,413600,4180100,3388700,2538200,5009100,1438400,479000,531100,3207500,8640900,5870000,2263600,11557000,2653100,1154500,1541900,858300,27108200,3424400,1816800,2850500,109710700,1437600,4500500,4234900,3050500,5369500,2106800,641800,1277700,22470200,1716200,8303300,14820400,2817200,12685400,2232800
2025-01-03,40244100,4380200,3606900.0,4416700,2029700,5617000,1688400,5719800,36785300,2979700,1817300,27515600,1581600,24973200,1979600,10513800,23455700,4137500,469000,2884600,3439000,11342900,1390800,2108300,20575500,1333100,3101700,21696378,1597900,5758200,1612200,4101200,18859000,12202300,5809000,3366500,875100,2381100,5393100,1574200,2299300,1110800,916700,1251300,1621100,3012000,284300,2570600,4268100,77245900,10153500,1181100,3975500,4265200,3200500,8949900,18596200,1422600,6703700,2231600,2797963,3872100,1227600,48983900,1250900,5878800,9491100,865100,10403200,1995900,1799100,817200,1889200,8980100,1627500,2240100,5452700,7035800,11436800,332400,2273700,5604800,2531100,6070300,3988400,16662900,17484600,5088900,6261900,29673000,10083500,624500,4491500,2080200,229322500,4074200,5876000,10633300,5218100,33417000,5256600,529200,3558800,3350100,2046000,5885800,2733100,558000,595600,2902600,4964900,4541400,1636100,10312700,4648000,896900,1386600,805500,26874900,3897200,1515200,2737900,95423300,1452700,4574100,3019500,3490400,4271300,1932500,562500,1086900,15229900,2433700,9152800,10834600,3157200,14237900,2206400
2025-01-06,45045600,6302100,4174500.0,6037200,2356300,3994400,3457200,8475500,48020200,4668200,2262400,31849800,1458200,34028400,2714000,11133400,30518500,6955000,616200,4072900,4981400,19199700,1590700,2427500,20057300,1373700,6077400,33522793,2297600,5935500,1970400,5785300,18543300,16462500,5888700,3748700,1077900,3674500,6274400,2021300,4358500,1679300,1244200,1908500,2311000,2678500,402700,3157200,6817000,63840800,18974400,1651000,4980300,6779400,5393100,9728200,29563600,2257000,7956500,3274500,4062887,2846700,3742900,83271000,1229200,7910500,9917800,1676400,17924200,2630600,3991100,1698600,2573400,15164600,2920800,2838900,6946000,9337400,14560800,366400,3067000,6242400,3757600,10111100,6665200,20573600,42903300,7025900,8146600,34577000,14947300,873300,4254500,3500000,265377400,6850000,6845400,10215500,9470600,43951000,8731700,634300,4450200,4993600,2324800,9599800,1541900,820300,564100,3832300,8768100,7435000,1841100,8366600,5375500,2050700,879100,1269900,34416000,5963400,1981800,5639700,85516500,1233400,4682000,4444800,5049200,6567300,2187500,640100,2176400,27115000,2136800,15565600,14519900,3657200,15623700,2733900
2025-01-07,40856000,5905200,4290500.0,5300100,4663100,4181400,2706000,7332100,39220400,3173700,2096000,28084200,1260200,25928600,2058800,7045000,41111200,5507500,970500,3507200,4812200,18309400,1607400,2891700,23142500,1033500,4758800,17634949,2121000,5074700,1888000,4643100,16863800,10244500,7736000,3865300,1223400,2989300,7878800,2288500,2976400,1907100,1238900,1190500,2622200,2766800,641400,2350200,5120000,62404000,15304600,1517900,6496400,5811900,4046800,9093300,26487200,2021900,12090500,2274300,3199976,3299300,3135700,61726100,1589500,8422000,8753400,1283400,17799600,3209100,3576100,1276600,1803500,10896600,2211800,3419500,10217500,11236800,12071500,479600,3414500,5365700,3064900,10890900,7268800,18139100,53570000,8975400,7585200,26498000,10463500,1100000,5667000,2223100,351782200,4908500,7712200,9785300,7473300,35030000,8447400,658500,4958800,4933300,2526300,7666000,1784000,802500,557900,3588400,6638300,12617600,1625900,9350100,4533300,2317800,1544900,1931600,37143500,4500100,1839300,5039300,75699500,2250900,5035200,3914500,3725300,4958600,2776200,779500,1679900,31517100,2606300,13522000,11238000,3017800,12625900,2488500
2025-01-08,37628900,4488500,3204700.0,4455800,2216900,3508800,2591500,4581700,46723100,2421500,2048300,25033300,1041700,18756500,2061300,5108700,40246000,6657500,778500,3933300,10747700,13742800,1828800,3431500,18531000,1013300,5063900,29122271,2002500,5119900,1774800,3788200,14400300,14272800,7640900,4430400,878000,2527700,7805300,1728600,3209300,2324000,904700,1517600,2562500,3052800,344400,2020400,5669800,61678800,15589000,1965600,4527700,8054200,5362400,7243700,24864800,1513400,11272400,2848500,3310851,2619800,3719000,47897100,1359300,11175600,8675300,1093400,14412400,2252300,3478400,998700,2364900,8690800,2456700,2724200,6226800,8332500,10085800,378000,4676000,6487200,2691900,8654700,5744500,15054600,33516900,7930600,8320400,23479000,11855000,746600,7108500,2360000,227349900,4727800,7596200,7460500,6791800,35430700,4974800,439900,3571500,3569400,3037100,7731900,2141200,758800,485300,4294200,6243700,9576700,1413700,11319700,7807500,1319700,1250900,1534700,35517800,5219200,1837800,3270000,73038800,1976300,4230400,4141700,4536300,5161600,2259000,605000,1173900,22901600,2353100,16544700,13453600,3714700,17858100,2353200
2025-01-10,61710900,5372200,4325400.0,5108700,2830000,5564300,7731000,6325300,59415600,2721800,3539200,36811500,2423500,23864000,2685500,7556800,40741300,7655000,908200,5471900,5944400,13217700,2773900,4120800,20698600,1527200,6711100,29541602,2739700,7013200,2765800,6540000,17274500,16826100,11074700,4196300,1699200,2863300,8835500,2781400,2998100,2296000,1254300,1779900,3736100,4882800,780900,1828000,7691800,73373400,11971100,1475600,5131200,7869700,5938000,7847700,26665200,2817900,12320000,5323400,3803791,3570300,3979400,71244600,1732300,8821500,10256800,1254500,22425000,2642600,3973100,1127400,2537800,11957600,2815500,3946000,7634000,11668000,19256600,356800,4661700,12003200,3593100,11328500,6873800,20201100,20512600,16261800,10018800,48033000,15677400,626400,7886500,2647800,207602500,5852100,13593900,10917200,9632700,32836900,8501500,612800,4230700,5365200,4525800,6236800,2505600,1117200,837100,4287300,6550300,10866900,1685200,15273600,5002300,2010300,1189400,1313800,41572400,4355200,2919900,4175400,62287300,1420400,7223500,5467500,5231800,6660100,3031000,506700,1687900,27338400,3116200,14466600,18140900,5441000,19304500,3179500
2025-01-13,49630700,4734100,3510600.0,4409700,2711200,4558800,6013900,5465800,39128900,3365900,2409800,27262700,2290700,23772100,2202800,6049600,34353600,5247500,794100,3639200,4219100,16720600,2746000,4525900,16174100,1892500,8184400,21311511,1650000,7342100,1693800,4583000,19340700,25668800,11774100,3972500,1988700,3301800,6690200,1798000,2387900,2076600,1368400,2012900,2254900,5523500,403400,2523400,5923000,66023000,10418100,1367700,5610800,6523300,6108100,7950900,21823700,1871200,11632900,3512900,5721230,3716800,3358000,50669000,1461300,10376400,10005300,1318600,18016200,2824500,3683800,1435200,2689700,8321800,2885500,3394300,6656100,17172000,10785000,475800,4207200,5816200,3673300,8168100,5433000,17604800,22699100,17056600,8309400,30245000,14584300,964500,8563000,3023300,204808900,5172700,8828500,13921600,8101400,28359600,6772200,470900,5774700,5676900,4153700,5714700,1877600,1406000,656000,5414900,6912100,6701500,1442700,15964000,3555600,1257000,1461800,1400800,37865600,4603700,2269900,3645000,67580500,957500,4799600,6472500,6939200,9568400,5190300,732800,1859600,19734000,2392100,10439800,18617100,3114600,17073400,2306100
2025-01-14,39435300,4779100,3998900.0,3972400,1825400,3577100,3172300,3842100,37005300,2942300,2124300,24711700,1949300,18143100,2370900,7966900,36379000,5152500,1058100,4055600,5415800,19576000,2331700,2557900,16470100,2173100,4606600,26781807,1427800,4808100,1683800,5935200,16715500,16623500,6830200,4735600,1224700,4137600,5501600,1537400,2866200,2432200,1080100,1345400,2074200,3223800,797700,3019000,6747000,45419900,9801900,1360900,6432700,7418300,5140200,7170100,17174900,2221900,6624800,3405200,4267024,3485500,3229600,47147500,1355100,8681700,12407400,1039000,16658300,2344300,10373000,1162000,2055100,9033100,2704800,2238900,6015300,10313600,13598000,285400,4629000,6391500,2510800,10927400,8999900,16935900,18613400,10699100,11369700,30377000,16732900,554000,6361500,2501700,195590500,4294600,7410200,8000300,6996400,25856900,5982200,666700,4444400,3942600,3284000,6476500,1996000,791700,520200,3804900,6406200,6609900,1501400,12119700,3693200,1067900,1548700,1175800,25627300,4652500,2207400,3537400,84565000,876200,4254200,3978300,4247600,5107600,2957500,531200,1376400,15740100,1844300,21909800,13549200,5952800,11191200,3608200
2025-01-15,39832000,8048700,3732900.0,6543700,2624000,4345800,3104700,5908600,38185800,3737500,2230700,31291300,2212000,21745600,3099500,6451000,57154800,5757500,1140100,4719400,5328800,44903000,1984500,3053900,27603600,1711900,5125300,23760490,2703600,4566900,1839400,6042700,19185100,10969700,7900000,4547400,1432100,4128600,6296900,1859800,3791800,2619600,1240100,1857100,2405500,2529900,552800,3434200,5659200,68674400,10618000,1848000,7397000,8084400,4951300,7518900,21776000,5119800,9668700,4584800,4931316,2951600,5105100,56306000,3553400,7434600,18448500,1368300,16187200,2202300,5736900,882200,2880600,11085800,3024800,2867800,8972300,8839500,15524300,320200,4114300,7026100,2456300,9170300,11349500,19637800,27568100,12416500,11649300,31814000,13468100,646400,6437500,2054600,185217300,4978000,10701200,11068300,7141600,35949700,8059200,701200,4571000,5374200,2643000,9284000,2275200,880400,712300,4279600,4554700,8474900,1741200,11877400,4113300,1204400,1972700,1529200,50559900,4906300,3251300,3116000,81375500,1332000,6288600,4103900,4315900,5222000,4326500,948800,1722100,27817100,2525300,33482900,17348200,2655600,14521100,2988300
2025-01-16,71759100,5236000,2904800.0,5598700,2025800,4185600,2456500,10825400,29414100,2684500,3544800,24757300,1237800,23471900,2361000,5812300,56339300,4710000,883800,3475700,5020800,21463100,1974700,4297800,14694700,2013300,3334100,22528745,1572600,5273500,1353000,5047700,18445700,14277300,5578900,4578100,1181300,3148900,7872800,1735200,2899100,2137200,1031600,2406700,2872000,2730500,514900,2424600,5591800,45770000,11793800,1417600,6144700,8955300,3794800,6415400,17815400,3224500,8388900,2305900,4893014,3329100,2823400,44898100,2119400,8964000,15292300,2019600,12585500,1511600,3070300,956400,1882300,19156600,3275600,3403700,7925700,10572800,8355300,200700,4122700,5969600,1862200,7749600,16235700,15300000,16243800,11469500,9421400,40285000,13694600,706600,3164500,1189100,209235600,4332000,9210600,6188100,5068000,29981100,5774400,433500,5499800,7855800,1985900,7188900,1213600,853900,824700,3896900,6548200,8044900,1469700,16148800,4452800,1195800,1215800,1514900,25639600,3840100,1835500,2411200,68335200,1282200,7463300,9059900,5471300,4606700,3212400,590400,1226100,24678300,1732900,22897900,13267700,3024100,10366600,2804400
2025-01-17,68488300,7852500,3751200.0,6459800,4064800,4012700,2728500,8115100,35765900,3244000,2882500,42370100,2315400,31196600,2183500,9557100,44486100,6502500,1085800,6467000,7064000,22084800,2605900,4990600,21345400,1900000,5149900,23517000,1908700,8559300,2375000,6303600,23876400,13415600,9260400,4655500,2315500,3075300,7144300,1639400,2928400,4006100,2312500,2699400,4240200,2839000,623400,2454300,6140500,60802700,12045600,1581800,5899100,6862200,4458400,9620000,27735100,3425200,14157500,3229000,3553395,5506800,3364600,166483900,2635200,10773100,17678100,1402500,17948900,2412200,5560100,1337600,2758500,10351000,2374800,3312800,8272700,12663200,17280600,371400,5724500,6532500,2486500,16182000,12481500,26197500,18908900,12664600,7286500,36176000,9711300,1091500,5409500,1858500,201188800,5345400,11618300,7852700,7338900,35380300,7262700,728900,5270800,5170100,2722200,8097500,2933700,1111900,942100,4368600,8361900,12288300,2392500,30731300,5407000,1302400,1784900,1727100,33638000,4752400,2140100,4259900,94991400,1443700,5407500,7495700,4261100,5805800,2531300,668200,1773600,24082100,2726900,20673700,15868200,3235000,19298500,4657200
2025-01-21,98070400,7548500,5396800.0,8486300,3098600,3833300,2439900,7959100,31578800,3928500,2460800,39951500,1975100,30903200,2779100,8755300,52089100,10147500,671600,4910200,6010200,21297400,3144500,4255100,30257400,1634100,5048100,22541335,2041400,7144700,2042400,6397200,18623800,9962500,10131400,5751600,1733700,2338100,8643700,1926400,3144100,3160700,1267400,1999100,4432800,3706200,665900,3575000,5610400,65670800,16558000,1465200,7508400,10546000,4676900,12962100,29971300,5076700,14680100,3568100,4940653,3982200,4420600,96262200,1993500,11111700,13712100,1370000,19817100,2281900,5122800,1615900,2804400,10978300,2706900,3858600,6996100,11346900,11674000,460100,11368500,8195400,2669400,17756100,11213300,26085700,23533600,12153800,8027300,98514000,14199900,1309900,7197000,2220400,197749000,5732400,30232000,13416700,7456200,39745600,13914700,642400,8040000,5963600,3605800,7380500,2048000,1145300,751100,6071100,8803100,22648600,1808200,22986900,5647500,1078300,1295900,2102100,36777600,4859700,2311500,3700400,87320900,1611200,9621700,5682100,5282700,5653000,2663600,897700,1561100,25717600,3558100,21057700,23247500,4147400,20416300,4702600
2025-01-22,64126500,9465000,5028500.0,13200700,3155800,3391600,3503900,7288600,35023800,3518300,2753700,41448200,1621300,29610500,2927400,5134400,40296200,9322500,570300,5838500,8170900,14725700,1994800,3213600,16706300,1384000,5323200,22536214,1684700,4839100,2155000,7259300,19436600,10672900,7232200,5963400,1132200,2049900,8781700,2723400,4276900,3108400,1058800,2450900,2860500,3376500,375600,3521500,7661000,64949200,15882700,1958300,7457800,7285700,4112900,7778100,26200600,2835700,17921200,3581400,3153823,4759500,4981200,60972600,2100600,16834700,9021900,1200300,18191900,2643900,3737800,1324800,2074100,14716600,2037600,3660600,6901700,14606200,12274000,366600,7077700,7840300,3310100,13070900,7177500,27803800,20004300,14415200,6597000,142732000,13029300,1326500,8184000,2739800,237651400,4950000,48028500,9095200,5905100,41890400,14356700,503400,5429500,4431200,2166300,7281700,2105000,945100,680000,5103800,7678900,9767300,1181500,23719200,5195000,1517100,940600,1996600,31676400,4256800,1702500,4124000,60963300,1548500,8222000,3756100,4420700,5026500,4038200,597800,1215400,31488900,3666100,11669500,15567100,3746100,15718000,1610900
2025-01-23,60234800,7116200,3967800.0,13089400,2111100,2716700,4427900,6307300,24921100,2496000,1684000,26404400,2269800,17653900,3935800,7097300,35324100,10057500,645300,4424500,7223600,14435200,2587400,2284000,15381900,1693100,6586200,18639636,2396800,5734200,1352400,4355900,14212000,13422100,5979800,5134700,1934700,2512100,7608300,1765800,2612500,17146900,811300,3157700,4078000,3003200,497400,1961900,5944700,56241100,30475400,1758700,14403500,4086100,3450600,7452900,26951400,2582700,16720700,3840300,3221833,3619700,3989100,55778200,2322200,10506400,10749700,821800,16528400,1811300,3127200,913000,2614300,11383300,2196500,2279400,6335100,8942300,9910200,327600,4439100,6539800,2949600,11522800,6911000,18389300,22677600,10780100,6280000,77521000,10677400,780200,5369500,3000000,155915500,3785600,17314600,8269200,4759100,40987000,7614300,476900,4788700,5375300,2233100,7172300,1776500,1145000,659300,5501300,7901800,8861400,800000,19071500,5846700,902100,911100,1389700,32125200,3821400,1246300,3628400,50690600,2066900,12694700,4580800,3282600,5297100,3884700,536700,1658000,25153500,3374700,12981800,14198400,3928500,13726800,2318600
2025-01-24,54697900,5584900,6966900.0,9960200,1827800,2631800,2140300,6088400,31570300,2008600,1218200,25890700,2052100,25387800,6260100,9304200,24655100,6000000,731300,3070300,4324600,16025200,1938200,1714500,17631700,1398100,5482900,19479365,1644600,5962100,1562400,3299100,17232900,13122100,8003800,4277100,1400800,1911300,8304500,1851700,2695300,9249700,924100,1551400,2725900,3178800,364400,1970800,5362600,42909100,19076400,1544500,7835700,5409200,3522900,6619600,23877500,3183500,13047000,2369800,6719207,3232900,1944800,66300600,4357700,9887300,7666300,745400,19244600,1547800,4170600,759400,2021600,9091900,2472900,2523000,10300600,7383400,19065300,293700,4858400,8030400,4319400,12244800,6475500,15549500,19743800,24588500,5244700,45504000,8106700,556400,4588500,2399900,234657600,3359200,12147200,12603800,4509600,31300200,6199800,493400,4165800,3685700,2196700,5825800,2723000,1021800,720300,3483000,6957100,6665500,1335400,19431100,6574400,1050700,950400,1331700,44409200,4470300,1156500,3118500,56427100,1638800,15856600,3671200,3212300,4327500,2837300,749800,1647800,37123900,3504500,10393200,14973800,3110200,14235900,2465600
2025-01-27,94863400,6985200,4807000.0,11845100,3855600,5086300,5428200,12150200,61067900,3493200,2862400,49428300,2109300,90569400,3099100,7148600,44260000,7490000,662500,4535600,6799300,12782800,2964400,4198500,17600300,1918000,5164800,26139259,1941000,6831000,3044700,15661100,33730300,11342200,7141000,6517600,1418500,2748500,10176900,8405400,3585100,5964900,1276200,1961100,4261800,3187300,976200,10210600,12159400,73082600,18550500,1552900,7674800,7914200,5232200,12075400,41728900,3351700,14329800,3699200,3300347,4898400,3136300,83582100,2441600,15152300,7522300,2357800,20742900,2833400,3915200,1948600,2178700,19881300,3074600,4343000,15094900,11645300,28399200,318500,4929600,9771200,2291800,15093400,6460700,35647800,50696200,19128900,6135800,46342000,11665400,738100,11206500,3103900,818830900,6102700,42201600,9337400,9820600,50648600,9170800,694700,5253400,7645000,3029900,15632600,3065800,1051400,718000,6207800,9654900,6983900,1270500,15306200,7700200,1186100,994700,1582400,92445200,4734000,1727800,4153100,58125500,2335500,11771300,4263000,4944400,6636500,2945700,667200,1613600,35520300,3033900,10637100,18880600,4142600,15926700,2404500
2025-01-28,75707600,5603700,5929900.0,11948500,4052700,5376400,3524300,7360500,40554800,2735500,1997200,41587200,1699600,50316000,2431300,22768900,27156600,8275000,1083000,3261300,7905000,16521700,1788900,2251200,37778500,1610200,4790700,19094605,1468900,4742100,2166400,12099300,25473300,14019700,6425400,4576000,1642400,4273700,6516800,4745500,3664600,4100200,1410700,1885000,3647900,2386500,734100,8863800,9471900,92177600,16842900,1043200,4858800,7406100,3885300,33776700,24157900,2338000,12717000,2818300,3818751,4485400,2532300,73411400,2332100,10320600,7375400,1387100,14956000,2158400,2808800,4023900,1459100,13597700,2727800,3180100,9813500,10769000,20950100,343300,4286800,10642000,2204700,12840900,5885100,23491700,34793600,16630500,6098600,34340000,8694400,1036700,12188500,4913300,579666400,3694700,20319300,7280600,6349700,40589600,6716300,760100,3494600,5102100,3025400,8720200,8091000,640100,780200,8451600,14736500,9057200,1338800,16077500,6138500,786600,1010300,1993700,55731400,3350800,2156800,3975500,48910700,1616100,8720300,3162700,3094500,5999600,2855400,543600,1159600,21031900,1989300,11562000,14641600,3043600,15862000,2164600
2025-01-29,45486100,3748300,3627500.0,7609800,2345600,2997600,3345800,5679900,40199100,2454900,1735100,26091700,1650100,32533700,2155400,12263500,23681500,4477500,808600,2524200,4556700,10573000,2675800,2644300,39258100,1793800,3225900,22981259,1640400,4130600,1713700,6266700,17925300,11615100,5630600,3611500,977000,11407400,7607100,2660000,2744200,4316900,875000,1418400,2188900,1852900,344800,4291600,5796500,69986900,12599900,1078400,5595800,5593500,2878900,15123000,18218300,1918900,16515700,2384900,2033194,7079800,2592800,86506800,1597900,7156400,7684900,729200,11325600,2631100,1827600,2396800,2092400,14558900,2549000,2358300,5233700,9170600,21377800,309300,3996100,8537600,1785400,10225500,5719800,23581400,25342800,9496700,9944000,29307000,11764800,873500,13097000,2738900,467120600,3510700,9866600,5732800,4874100,34418200,4850300,1033000,2758100,3869400,1720100,5118900,2697000,522800,401200,5179000,40769300,8717900,1616300,12734700,5771800,689200,947500,3322100,34420400,3930500,2884300,8859500,68033600,1430400,4183800,2737600,4262100,5087300,2585800,623600,1026500,24238100,1781800,9175400,11261400,2447300,12345500,2144200
2025-01-30,55658300,5209200,2440500.0,6340400,2218600,3290100,3590700,6013800,29788400,2556100,1457000,32020700,1381400,42449500,2517400,6996300,31199900,5925000,532100,2552200,6344200,10775500,4234600,2704400,19956000,5487900,5415300,82541199,1586500,4046900,1788200,7591100,17079000,11121100,6931900,3170900,1122300,6668000,6236200,1964200,2204800,4402700,1046400,1484200,2441400,2025200,401600,4758500,5755800,69663100,11821900,2827400,6282100,5020500,3233300,16443200,24354700,1812800,9818400,3081300,1924017,15381900,1941700,108167000,1986700,8911000,8753500,1711000,13201000,2545900,2643000,1911800,1630400,24878500,6005200,2125200,8456100,9024200,29322900,340800,3962300,16528200,2084400,10164700,4545700,54586300,22497100,8639200,9872800,38678000,10902100,1468400,31037500,3125300,392925500,4277800,14981700,6061100,4671300,32289600,4136500,1113900,2844000,3241700,3878900,6010600,2191500,771800,845400,4343600,15023000,7192600,3418600,10171100,6408100,1093600,771400,1683600,45653000,4334300,3349700,4205200,98092900,1213100,5807100,2924700,41170400,8081300,3763400,575600,1167300,27913500,1906700,11276000,11012200,2704300,14346300,1785600
2025-01-31,100959800,11926500,3046700.0,7129400,3104400,4684300,4912700,5898400,40463400,3799900,1570200,36110200,2367600,41104700,2033400,6104000,30388900,6130000,957600,5439800,6187000,12818300,2858000,2567600,18005900,3531900,11099000,41793430,1981700,6264900,1873800,5778000,16554200,10820600,16726800,4289200,1400700,4785800,7793400,2010600,3537800,6589200,1017200,1184000,4718900,3427700,652000,6485100,7144100,103652400,13385200,2341200,5507800,9419400,4017600,20564000,32001100,1995100,11606000,2761000,2632978,7199800,2624000,117081700,1826100,8457800,7193800,1631900,12096800,2816500,2561600,1473800,1735100,18832500,4505100,2556500,10275600,10121600,19303900,391000,4164200,9548400,2721000,11420200,5502700,34161900,20492100,10708600,10594000,36151000,13098000,794400,14333500,4010000,388161100,6768400,8704600,18088800,4905500,37307000,5464700,1334300,3753700,5331200,7253700,7800500,2175800,943800,873300,5569300,19136900,7663700,1870800,13105300,4685500,1504200,1256800,1549100,40341800,3268400,2165700,3337900,83283600,1680700,6333700,4120500,15844600,8624100,3433800,719600,3647000,45178700,1579200,14980600,16391200,6442300,20376500,2630700
2025-02-03,73063300,9830000,2745000.0,5720600,2792900,3348700,2659300,5321300,34586100,4473500,1832100,37285900,1789800,24507300,1997200,6501700,36497700,6290000,1502200,4232000,6263400,20998500,3079300,2125500,18261600,1966300,6877800,48476371,2536700,5948600,2751000,4549400,20375700,8638400,7605000,3921600,1397700,5787800,8870700,2242700,4830200,4725400,982500,2031200,3850900,2871700,393700,3304100,7638500,131430300,15940400,3774700,4678300,10515600,5434900,28555900,27838300,2102600,11227300,2896200,3417057,8408500,1986600,77523100,1830800,6687500,8381400,1216800,12067900,2701200,2808800,1476300,1862000,14537700,3195500,3048800,11262700,8130400,21415700,395000,3556300,8428500,3175800,13363900,5307000,25679100,18607900,9128300,10451700,37242000,18539200,763400,10080000,5054100,371235700,4324200,8250600,13459500,7196200,49626200,8668600,856300,3704000,5633200,5210100,7447100,2877800,1009200,861300,6067300,8894100,6524800,1641800,12507600,6165300,1306100,1839000,999000,59555800,5635800,2135600,3720000,93732100,1741400,6311500,4083600,12635200,8004500,4174300,961800,2189200,27967100,3399400,12395200,20484200,2916900,14623200,2602000
2025-02-04,45067300,7377800,2687200.0,6957400,3166600,2647700,2126200,4687100,69412100,3262400,1450200,29713800,2022100,23768500,1884100,4503600,32894000,6545000,931100,3238400,9761200,13417700,2709800,1732500,18287100,1836800,4073100,43224917,2055800,5310900,2001600,4965600,12742700,7865600,8458100,9350800,1045500,7520600,13521100,2055300,2087900,7156600,1253200,1349600,3209600,2161900,311300,2346700,5255100,68716500,14490600,2185700,5413800,6156200,4615100,9746700,43856400,1743400,12147300,2150800,3652917,6077700,2472400,54098200,1416100,9645000,5626000,999900,15678000,2503800,4299700,1234200,1976300,9538800,2638900,2976900,10980000,12538200,13826300,408900,3110400,6876300,5832700,50837600,5997300,20532100,12827500,10574700,7856100,60001000,11943700,525900,9594000,3320500,256550000,3700800,6777000,10976900,12804900,68748300,6410900,527900,2273400,5237700,3756000,5457900,1504900,1654500,632000,4036800,11123700,5225900,1783200,12752000,4716200,1041100,1232700,1121500,30540200,5804900,2097400,3285900,57072200,1661200,5785700,2869900,9347800,5532600,4523300,629600,2029500,19190200,2582000,14665200,15201200,2716300,14835700,2696200
2025-02-05,39620300,6449600,3000700.0,8680100,3463400,2937800,2280400,3958500,110385200,5890600,1869700,38727300,2117800,29196000,2065700,7430400,27696600,5465000,710200,3782800,10668100,10736100,2134200,1570800,13072200,1781800,4126400,35732656,1421600,6961100,2047600,4521000,18997400,7641200,6533700,6157400,1084600,5112600,23310000,1647600,4858600,8250400,1142500,1205400,4814900,1913400,326200,3084600,5584900,124187800,14888300,1535000,3239400,7738300,4122200,10719400,70373900,1908200,8266800,2212100,4877311,6165100,2971600,66059200,1521400,8947000,5704400,677100,10686800,2696500,4578900,1139700,1693300,10738000,2404700,2362900,11945700,25658800,17778200,463800,2841400,5166500,3314000,21670600,5871200,16316700,15660000,9026100,14089500,39934000,9807400,1080000,6696000,2669200,262230800,4581700,7866700,8233200,9248100,50426800,7536800,521100,2797800,8403500,2495300,15197800,1467100,1436100,772900,4881500,12826000,6475200,1619500,15186000,4161500,1998200,1420900,1011500,29511700,4381500,1348800,3130700,57223300,1697800,5939800,4621600,7122900,4939100,2624700,758200,1557500,16830500,2057100,17931000,15926700,2939800,13364400,2084900
2025-02-06,29925300,4586400,3704400.0,6469200,2828000,2568100,3152600,4479100,50426600,4624500,1407000,60897100,2662800,21169500,1730400,6919400,39793400,10700000,688500,3832700,6383400,19545700,3007000,1741700,14071200,1820700,4540500,31837466,1446600,8543400,2218000,13240600,15521800,14970200,6420500,3247800,809300,4367100,12470800,1276600,2593300,5504700,1068000,1453300,3931500,2772200,241300,3334200,5674300,222758300,13748200,2539700,3113200,4518000,4991800,9218400,29297400,2439200,10466600,2023700,12928603,6128300,4423800,45553800,1007800,7418100,7264400,579400,13423400,2423300,7138500,1291800,2397400,9903200,1738400,3590000,13342000,14019100,13080700,390800,2760200,6968100,2389000,19509700,4576600,16309800,16141100,9145300,11222900,31343000,16059400,789800,6308500,2891100,251483600,4367300,7036900,9155700,5604900,45182000,4957900,446300,3476400,13753000,3106800,16293500,2776900,1116600,1165800,3363300,11967300,5837400,970300,13112700,3339000,1382900,1440100,1124000,24522500,4769200,2034100,3272200,77918200,2779700,5089800,3926800,6318200,4294500,4068300,710600,1010400,15370600,3072700,16988900,13088500,5611500,13411400,2419500
2025-02-07,39707200,3805900,5933200.0,6455200,2437400,2693500,2861500,4992000,46082500,3388300,1588200,77539300,2902800,22117500,1607100,5392300,26504700,10765000,731700,3205100,5537900,10310300,1804800,1532600,15149200,1271900,3988300,25697628,1096100,12121700,1632900,7626100,23861000,5911500,4724900,3067800,898000,5230600,8669300,1054300,3476900,4906000,848800,1078000,3012400,2006100,357200,2634000,5794000,140852700,21532000,1392900,3954400,7182200,7988100,9608500,49315000,2616700,8121000,2530200,7105093,3370300,3072900,58277900,1061000,6204900,6857900,664500,13184700,1668100,4426100,1347400,2163600,9833600,2008300,2858000,17530500,15972800,16427100,328500,3356600,5531100,2377500,15815000,3529000,22886800,15602800,9320400,7483900,32129000,27428700,820000,6936000,3571400,228186300,4544100,9991300,6735500,5872300,36512800,4535600,549600,2873000,7207500,2263000,7841700,1453500,885700,1619100,3827300,11502400,4133700,951100,11776400,5077900,1082100,1396900,1025800,26290100,3216700,1826900,3434400,70298300,6798600,5380500,3349100,4830700,4261200,2085300,486300,1192100,15754800,2065600,17951400,12451100,3797800,10051600,1927100
2025-02-10,33115600,3685700,4760100.0,5503600,1771300,3946700,2473700,5744100,34905400,2375600,1957900,35419900,2782700,23901600,3227000,3989100,26725200,4795000,683700,2907300,5849300,10681600,1944400,1875500,14713100,2125900,4162700,28800891,1717200,10338500,2036900,5981900,15816200,10097600,5653800,4839200,1348800,7038700,8239500,2163900,2606700,4013800,2061300,858000,2444500,2723200,373700,2748600,7279100,72168000,16243400,1216300,3787500,9628200,4939900,9017200,23105600,2351600,6922800,2617600,7032520,3564400,3650200,73007300,1249000,6936200,8627400,1564500,16154300,1876700,3065600,1427800,1980600,13613100,2357700,8052000,9449900,9511900,12904300,443700,3531400,5778600,2221100,21212100,5517700,20817900,16217900,9121300,10736300,32966000,16201300,804800,5874500,5613100,216989100,3831200,7625900,11064900,8715400,39632700,7062900,540300,2768800,5899800,2465200,6237700,1595800,918500,2936300,5344900,8348400,17849300,1263200,9388100,4141600,1492000,1695800,1334500,31913400,3765000,2972000,4887600,77514900,3454100,3827100,3143100,6101500,6067000,2533300,616600,1759600,16737500,2062100,18357400,15274600,2638300,12142200,2936100
2025-02-11,53718400,3977000,4043000.0,5314100,2121000,3257000,3165900,3913300,35033800,3506900,1825700,23713700,1265900,18476200,1856100,4366700,20314900,4435000,884900,2322600,4830100,9993800,1516900,1769100,14040800,1202800,3464500,34827414,1359000,8063700,1748500,5455900,17702500,12665500,6011800,5604100,1489000,6509700,7456700,2571200,2404700,3200500,2964300,1229500,1920600,2381300,437800,3216000,8935800,54844600,13957900,1414800,4110900,6260000,4481500,7058500,21239500,2711400,10983000,1441800,3264909,4801600,2168800,150960700,837100,7554500,7196400,591800,30589100,1587700,1944200,906100,1549900,8903400,1847800,4180400,7801900,12175900,12998000,623100,2187700,5172700,3666900,20922300,5096800,18140600,12124000,7020100,11489000,33318000,9636600,539000,5080000,4278800,178902400,3893200,6528800,8143100,6354000,36593300,5438100,515600,3673500,4989600,7531200,6588100,1781100,1270800,1272000,3320600,4683100,59327300,1111200,11266700,4376900,2155800,2259000,881900,35150300,2571300,2234300,2598200,118543400,1783200,3795300,2631900,4589100,5154800,3231400,893200,1561000,15182700,2555900,16682800,11953600,2284300,12713100,2309400
2025-02-12,45243300,4525000,6147200.0,4703700,2251000,3308500,3163000,6640800,25319700,2629900,1766400,32285200,1372800,16397300,2238400,7686800,29777100,4972500,562900,3297600,5456300,10448100,2833100,2078000,13942600,1712700,3411900,25011120,2575000,7585800,1662300,5643400,30116300,36562100,6693500,5075900,2038900,7207800,6521200,1803600,4149900,3070900,1969200,1443600,2078000,3133000,518400,2649300,10307900,67339600,10946500,1952700,4595200,16210300,5724800,10572400,22072600,2295800,7306300,3387000,3621193,3075300,2557500,162631200,1115400,7746000,6683900,476600,26033800,1695200,2533400,1282800,2634000,7973000,1722200,3110200,8082900,10929200,12016500,1329000,2102900,4829400,2510500,14785300,4688900,19121700,22874700,8574000,11972300,33890000,10810900,807100,8388000,2827200,160278600,4310000,7454800,10600400,6658200,31671600,6037400,454800,3374700,5268900,3896000,5505700,1550600,1292200,944900,5154900,7269400,60765000,1095000,14649100,4723000,1395300,1492000,1161400,38970300,3453300,2062200,3220000,105382700,1162800,5364200,3859200,5172900,6760100,3131700,1091000,1137900,14440300,3815200,13440500,15162100,2706200,18244100,2886500
2025-02-13,53614100,4108900,12745300.0,4168400,3387300,2794400,4939000,10302000,40911800,2061700,1855000,31346500,900300,20962000,1975200,6846300,26815400,5610000,480500,3274700,6268600,11108400,3547200,2445500,14560100,1670800,3712700,21941575,1683200,9329100,1623300,4312100,43257700,20989100,7836400,4995700,3058400,7198800,6553200,2707300,5658500,3087700,1449300,1227300,1951800,1950100,930500,3015500,7562100,72059800,21444700,1303500,3763300,8715000,4581000,7748300,21402500,2031800,7560100,3067900,3588408,4531500,1853600,248661300,1270400,10704700,8398700,711500,24393100,2265300,2472900,2400000,1832100,7845900,1709500,3096800,6793400,9058900,12569100,665100,2047000,6379300,3179100,20415100,4699800,23891700,16579900,15173000,11626000,34761000,9739600,1245400,7817000,2423400,197430000,4129700,6421700,8550100,7175300,30612500,6328300,796400,2443800,5758600,2990200,6362200,2051900,604700,1031300,6580400,10046300,27501400,1907300,12099000,4396300,1355200,1490200,916600,35115100,2885700,1915400,3859900,89441500,1338200,3737300,2835100,5854000,4279200,3453900,934700,1350300,17056700,4201600,10093400,12604400,2433000,15460000,12304100
2025-02-14,40896200,3976900,21649300.0,3733900,2024700,2623000,2770900,12452800,32477200,2189300,1776000,27031100,1171400,16988800,1725500,5044700,25960500,5062500,965200,2825800,3966400,16035000,2045300,3411300,12164800,1579600,4137100,19134938,1444300,7960800,1410700,5879700,23693300,10210500,5828800,3663700,1919300,4791700,5964500,4795100,3581600,2319700,991800,1202200,2151800,2220600,523400,3175100,8593000,53778300,17559200,1265000,4268500,6400400,4690300,5630000,20448400,2246000,8293000,3004400,5677835,3925300,1776100,230254100,1188800,6411800,5688600,998500,20779100,1705500,3222300,3252800,1805900,9149500,1927400,2674400,7123700,10040900,16901200,687800,2388300,4564900,2411800,26779000,5044500,22758500,21284500,14184600,9890800,31454000,9254400,2036200,7517000,2108900,195479600,3721300,7260900,10436100,5001800,33214600,13179500,1034300,2101300,4778200,3285900,4691300,1308300,623000,881900,7715900,9115000,9583500,1872000,12225100,4390800,998000,973300,1267800,31687800,4192900,1517100,4835300,68277300,1454700,4137900,3705300,5942300,5720300,3512800,927800,995000,12438200,1878600,17521300,14109500,4167800,15733500,7657200
2025-02-18,48822500,6065500,8144500.0,5116200,3701100,2973800,3146400,10704900,31720300,2162200,2301200,42975100,1260200,26080500,2024500,6929600,37824100,6947500,1048500,3351000,6505300,17907000,3120200,4455800,22472200,1791200,3827600,25624325,1316700,11777700,2090600,5262100,22047500,10141600,5981500,3512300,2367600,5589000,8362900,2364200,4726600,3763800,1265200,1588900,2296100,2393100,512900,2682300,11062900,62175800,12261300,927600,4396000,9434600,8367300,6967300,29916700,2350100,9929400,3994000,5196672,4262800,2230000,284292200,1696000,9670700,7919800,1354000,15569100,2808500,4289400,2812500,1989400,16205500,2064100,3367800,11324600,10760300,21938700,614100,2601400,8266700,2859100,25897800,3797000,21423100,29641900,12090900,9006900,42293000,28252400,1074500,8363500,3061000,219176600,3811500,11430500,15377500,8738700,40499700,7075300,760600,2151200,7986900,4402600,7292600,1894600,826000,737900,5386200,7574100,9766000,1498600,14315700,4207600,1135200,1745000,1338400,52442500,5121300,2969600,3879300,51631700,2462900,4578700,8759300,5407800,5822000,2826800,1433300,1405300,16357700,3116900,15318300,18247300,3177200,20060300,6903600
2025-02-19,32204200,4888700,6906100.0,3806800,1438000,2965500,2510600,5797000,28807700,2806900,2470000,28566700,971500,16375500,2148200,7264800,38967800,4680000,760300,2436500,4305800,9710800,2211000,1647000,13325400,1734500,4307000,24222287,1171300,7515100,1349600,5012000,14164100,9736900,4945800,4744600,2095200,4572700,8452100,2119200,3860600,3559100,848900,1123900,1781200,2306000,529100,2712500,7994000,50191700,12101200,957200,2699100,6384100,3864200,6836000,19549400,1953600,10899300,3780000,5373541,3718700,2505500,151881700,1286300,7974700,7007200,936700,16032300,1883800,3205500,2802100,2513300,15588000,2459100,2990700,20924500,7674400,17535500,406200,3216900,6780700,2549700,17435100,3623100,24114200,17875900,8843000,9043500,26000000,14184100,1784300,8686000,2372000,167536000,4123500,8688500,27240600,5777300,37292400,7910700,646400,5276400,7052200,3631100,6849600,1649000,638300,662000,5124600,8268900,8908200,2042700,12752500,5049800,783100,1745100,827100,30551500,3678700,1965200,3787700,67094400,1582300,8438300,4380300,4252000,4152300,3461200,1071800,1454600,21039600,2345200,13917400,18508000,2425300,10964700,4015300
2025-02-20,32316900,5067000,5099700.0,5046900,2252400,2337600,2702100,6687300,27219600,2319000,2848500,30001700,1073500,16104000,2830300,7863000,40001100,7540000,769700,2651000,5977500,15160300,2174100,2658800,52245800,1270000,3252800,27582057,1248700,6309200,2000500,6393100,14836600,8453800,6256200,4128600,1514500,4718400,5970100,2131800,3159500,3815900,936200,1324900,1438900,2837300,275400,1982900,6945000,39787800,11471600,707100,2969100,7684500,2953100,5801800,20441500,3929000,8290700,2703500,3857796,4884800,1643400,144939600,1328200,7224000,13846700,883600,13398000,1335400,2990300,1358000,2025700,16888400,2181900,3020000,14626400,9533500,12587400,566200,2231500,6734300,2464500,14851500,8860800,23508700,14488000,9340500,13664600,31118000,10689600,1218800,6756000,1895700,143903600,5226100,8737000,14179400,6789800,37139000,6162600,576100,2484700,7431500,3154300,6316400,8817300,627500,904400,3132000,6343800,9361800,2041800,9999100,9109200,940600,1308800,930300,32753900,4662900,1967800,2794700,45965400,1648300,9190100,4144300,5801200,5697000,2538900,708800,1576500,19771700,3321600,14807100,55450900,1878400,16325800,4348300
2025-02-21,53197400,5889400,7356400.0,7160100,3751700,3376000,4002000,7365400,41353700,3261400,3304300,55323900,1392900,24883600,3280200,8980300,43485900,18112500,1254000,4085100,5513300,14907800,3225200,3041900,31226400,2213700,4747300,22850125,1769900,8562200,1816300,7353200,18905800,14117600,6689800,5117600,1104300,6217000,9082100,2498400,4424000,4866600,970300,1737100,2334300,3456800,664100,4401500,13604600,58437700,16151100,4331300,5419500,9732800,5218900,6775700,35199200,3000800,10112100,5287000,6601648,5667900,2853100,111630900,1675100,12546900,12835600,872400,21662300,1939600,3940400,1652400,3165000,12860900,2256100,3036700,13464000,16291500,15660400,730700,4278500,8820200,1996200,15678900,6704100,27524800,18650800,16742500,17235100,37387000,12823400,1677700,10021000,2277600,228217600,7387200,9713900,13892900,10604400,54611500,9813700,851000,3152000,7117200,12517500,12531900,4120900,727400,1114000,4846100,9664700,9856800,2871800,13671600,5347900,1367600,1335100,1268400,58421500,5692800,1613900,3554300,74058600,1439100,7349900,19864900,6459900,6924100,2938900,782600,1444000,25465100,3988500,18205400,35014800,2379400,14710000,3299300
2025-02-24,51326400,6305000,4478900.0,5947200,2755800,2807900,3075000,7126200,29072200,4286600,2393200,42387600,933100,33050400,2450600,8392900,35512200,8755000,1141500,9862400,5214600,12830000,2513300,2140200,21830700,2494800,5409500,30006174,1205400,6277700,1759700,6652900,17287500,8158000,5925000,4323600,1245800,4878100,7093300,3969200,2731300,8240000,1033000,1299300,2758800,2233300,648500,5861500,8053400,72562600,8418400,1451600,4299100,10495100,5464900,8127100,29854200,3274100,13747000,5722000,7153474,4398100,3467500,91358100,1441500,10201900,10372800,1110900,21418400,2108300,3017100,1946200,4871400,11728700,1752500,3397600,9836300,16269900,15677000,566400,3447500,11373000,3688700,19452300,7784500,26443700,14883700,11970900,22565300,44262000,24553500,1507500,8464000,1742200,251381100,5309300,10639100,11141700,7187000,43823300,8564100,643900,2708500,8687700,5831100,9827800,2622400,896400,808300,4461000,13120500,7489400,2442500,12990200,5476400,1657000,1325000,1317400,54549600,5293000,1375400,4141300,76052300,1206500,7675900,6919300,6269900,5055900,2920600,866000,1245400,27560600,2320900,12989700,29755900,3010300,13153500,3698000
2025-02-25,48013300,7746800,6189200.0,6385700,1947600,2612700,3408700,8570300,39169200,4365700,5179700,58958000,1257300,33100800,2511700,5613900,38119000,8975000,1004000,6757500,18821600,14501400,3323500,4404600,19622200,3039600,5818200,36571425,2131700,5822000,2083800,7360100,22100100,10320200,6810900,3867400,1214700,5209500,7289000,2952200,3111900,5261100,1600000,2174400,2529100,2367100,853300,6042100,8813500,88876800,10618900,1330300,4121400,8072000,5410600,7903500,41913400,2885900,9374800,6823900,4030102,6292200,3456400,88886500,2549500,12303700,9608400,1068300,21555600,2342100,5111300,1715500,4380900,19088100,3609500,3891600,9384100,12045100,20579700,790300,4358800,12158600,2435600,18417300,7458500,29387400,18608200,14063400,13053000,47383000,15522500,1241300,10721500,2066700,271428700,9778000,8316100,11145300,9474600,43560100,7314900,723700,3732700,9348100,2689400,8244900,2183500,1049900,618500,6007900,11001800,16317700,2063300,14474100,4871100,1356700,1042200,1665000,52497200,6373500,1888700,3516500,134228800,1922000,7441700,9101000,4985600,6191900,2767400,1313500,1199200,24356900,3163400,15683000,29331200,3713400,14497000,4003300
2025-02-26,44433600,4766700,2909400.0,5388000,2267500,1947600,2446500,5048500,29178200,2786900,2512100,39120600,950000,21368300,1899400,7111700,32251700,6430000,614300,3543500,8148700,13115000,2397800,3345700,12983300,1910800,3930200,33249000,1941600,6292400,1555700,12638500,13452300,6558200,6005200,4422300,1557700,4746900,7831600,1896800,3021500,3116800,849700,2209000,2173300,2523900,664600,4302800,11508600,87948100,16632700,1096200,3157400,5911200,5311500,17082000,35431300,2001200,7658800,3871500,3317429,3460100,3256000,67449300,1098300,11396400,5943600,1247400,14531200,1576100,3032800,1466900,4664300,12427500,2028000,4140900,8482000,9542900,14488700,795300,5783400,7723300,2281600,13534200,5493600,19619000,21335200,8010500,7966700,33972000,16058100,738900,10012500,1773300,322553800,6078300,6915100,7218800,9076500,30103300,5519000,499900,2324900,6865100,3947000,9161900,2359100,712900,711100,3904500,7466800,7544800,2438200,11607300,5241800,1078300,703900,867800,39296500,7545100,1330500,4473400,100118300,1281000,5611600,5108400,3445300,5960600,4532200,692900,823400,18651400,2045500,13466800,19069700,3907500,10446400,2609700
2025-02-27,41153600,5696900,4411800.0,4890700,2735400,2340200,3661300,9543600,47263700,3249100,2553100,40548600,1048100,27572900,2031800,4695200,28477700,5240000,675200,4507700,9010500,8485900,1971000,2201700,18890600,1729100,3673800,24810097,1461100,6306300,1629100,16691400,24695600,8275900,7517200,5773100,1328600,4494000,7854700,2299800,3239100,4844200,1193900,1327100,2575400,2704800,503700,4525900,6560700,70518800,13147000,1174400,3480200,6301000,3976300,14881100,39991000,2396300,7292400,2825100,2923479,3402200,2805700,97871900,1482900,8364600,8204400,1324900,16789500,2071000,3085400,1458100,2702100,14830200,2436500,3350400,11503700,6944600,12500000,502800,6576000,6354200,2422000,10717500,5538700,21127400,22386300,9379800,9621700,37666000,11651900,1130800,7275500,1439100,443175800,5082100,7436800,10408400,6731000,28268300,5467000,542400,2293300,6073200,2701700,10807200,2007600,568500,603100,5758900,9013700,7218200,2468400,15135900,5155700,954100,1035900,997300,32943300,5259600,1539000,3562000,101748200,1122800,7761700,4216800,4821600,7298100,2392000,720500,1054100,19212300,2150500,13744400,16431500,4553500,15293200,2253500
2025-02-28,56833400,13136400,6253100.0,8756100,5768000,3936900,4391000,9427600,45194600,3173000,3466800,51771700,1375100,39747200,3336300,5803300,62621100,7635000,1412300,6850300,8833200,21233600,3210300,3198300,16216900,2025700,5332900,28571699,2157200,9002600,3307100,10863100,26711800,10476200,8828500,7862300,1995800,3819000,14609400,5769900,5403200,6204100,2340100,1554600,2590400,6868700,1214800,4806000,12319500,137992600,14779600,1963300,6117400,12604000,8139600,21380500,48130600,3337200,9966600,4263500,4219173,7988800,5508600,104133800,2401400,12037200,10467100,1242400,22167400,2332900,4071100,1433600,3011000,22608300,3205400,4972900,13308700,8634600,17534200,860600,8323100,9822200,3007800,15482100,7424200,32845700,23359100,11247700,14387200,47174000,14113800,901000,7839500,3848100,389091100,7520400,12843300,12687900,8455500,51531700,10240100,1219300,5562200,9654800,5739900,10149500,4458000,1028800,834800,7461000,11466000,12686600,2799200,17747800,6142200,2573100,1639000,2855600,62510800,6043200,2229300,4721100,115697000,1858300,9024500,6146300,8754900,15857300,3847700,1009700,2470500,25197500,5298900,24698800,25451300,7085500,18821700,3333300
2025-03-03,47184000,7016400,6688900.0,7589800,3011100,2607700,3452000,9259100,38958000,2970700,2229700,42948400,1222500,37435600,2342500,6045600,46946000,8797500,767000,5112300,6348900,20121100,2569700,2162500,18349000,2036300,4732300,21175362,2640300,12640200,2422500,6298200,21810700,7078800,9059800,6791700,1487700,3223000,7884700,2455700,4264900,5209500,1464900,1526000,2585400,7432300,547200,4890700,7793100,154435900,18101200,1225400,5376400,10017300,4098800,16880500,40770500,3152300,16727100,3397600,5658844,2977700,3658500,141348700,1708300,9191500,9058300,1304600,21717600,3072900,3979800,1579400,2740900,14787100,3092600,4371300,19509000,8668900,10843800,611400,5672700,10433800,2714500,13636100,5969400,23007700,20281800,9492200,12599900,39074000,8628800,1255700,7729500,3209200,411381400,5859800,8081800,24994100,8321700,54048600,7615300,1130600,3184000,5459000,6055200,9601900,2414200,708600,783600,6215800,9225500,9984000,2607300,18379000,5725400,2047200,1834200,1237600,45078600,4817500,2330300,4025400,115551400,1781700,6141300,5700200,5165100,9099600,3871000,1224600,1282500,22334000,3441400,18013400,18372200,5015600,18706900,3020200
2025-03-04,53798100,7554000,4799500.0,8356300,3156300,2942200,5609500,8538600,54156900,3820000,4031300,60853100,1618600,37910500,5901200,15870200,78278100,9742500,1040000,6126600,8374400,33983900,3500200,2583800,44502500,1547300,6107500,33088097,2301200,14000500,2536800,9096300,24588300,7218100,8826300,8397800,2325900,5652400,12658000,2562200,3888700,4291000,1586000,1485300,4194500,6657600,689600,6809700,9783900,167500000,18310700,2334500,6164200,11982700,6004100,20786800,45388000,4061000,17262500,4384800,7386470,5342100,3034200,152182200,2209300,11999700,13465600,1182200,25411900,5027000,3343500,2268700,2791800,15417700,3318100,3954500,14039800,13041600,21495200,1103200,6787400,16801900,3297900,15073000,12996500,29342900,23611500,17869500,11878100,43928000,10034100,1335800,12295500,4662000,398163300,8280700,13171900,15598000,10274200,51315000,12117600,2175000,3242400,6242900,4322300,8956800,4717400,1197600,1018700,7911200,12482400,15423600,2564400,18236200,8846200,2894800,1404400,1687300,89479700,6264200,2720100,4694600,126706600,2106700,7159200,5864100,5387000,8955800,4290500,1547600,1195800,32627500,3030300,28858200,25227700,4212100,19394900,3013700
2025-03-05,47227600,5752800,3881600.0,8156700,2578500,2406200,3665600,5860000,27855500,2629000,1969800,38610100,2285900,25644500,2569200,7355800,52588900,5327500,837800,4715800,6716300,17214200,3189100,2011400,28569300,1313800,3446600,26180019,2364000,12081100,1898600,6612600,14931500,6642900,9288300,4346700,1291500,5137100,9956100,2016000,3491300,5218000,1513100,911200,2853700,5336500,486900,3752900,6838800,157774900,29191000,1370600,6221200,16088200,4950000,27954200,30954900,2600600,12951000,2780300,5618844,4009800,3216500,127219300,2039200,8744800,7861400,915700,23933600,2385700,3109500,2060100,3175800,15404800,2795400,2327500,8642700,9321500,13770000,864300,3909700,7413200,4744900,13117100,7291900,23433100,14010300,7722400,10063500,38079000,9853600,1188400,7701500,2787100,284337900,5369000,7141000,18198700,5578700,37062400,6989100,1240100,4300600,4239800,4202700,6786900,2812800,828700,744100,5774900,11926800,10896200,2000200,13651100,4595700,1772800,1645600,1105000,42010100,6704900,1685200,5161000,94042900,1750100,5484400,3637100,6812000,8244200,6232100,1330000,1147300,18038400,2391000,20422000,17639000,6975000,24822200,3667900
2025-03-06,45170400,4346000,5924300.0,9184200,3467600,2732100,3031000,6967800,28985000,3076500,2416200,49863800,1378200,56864100,2944200,6892600,58103500,7640000,698000,3989700,9722800,18550800,2234100,2899100,26983500,1607400,4703900,31067092,2247900,8679000,2594600,10396800,23155100,5966200,7314700,3470900,1695800,5829400,11618800,2557800,3756100,3676700,1467100,1393900,3488600,3956800,893500,3286400,6291500,136680700,18546800,1902700,5621400,7712200,4582500,14332000,28302000,4332300,8927400,4222000,5349986,3254400,3104700,96466400,2367200,8037900,9983200,1135400,21694000,3712100,3273100,1395800,2596500,13195500,3133200,2954900,10643200,10713500,13446500,934900,4492400,9487700,2462900,11300200,8611500,23304600,18708100,7482300,9923500,78526000,9623700,941500,10821000,2668100,321181900,7126600,12321200,10782900,8421000,46998300,6702500,995600,4080200,5354300,3058500,7808100,3351000,866400,1107400,6258300,16321700,10412200,2094000,12348300,5368300,1949500,1470100,1263800,32211600,4834100,1852900,3276500,98451600,2273200,7120200,4964000,5742100,8611100,4179300,1429800,1325400,22845900,3740900,19460400,19957800,5262300,17150200,3011500
2025-03-07,46273600,6806100,5616600.0,8254800,4459900,3039500,4042400,5537800,33254400,3944900,3599400,59802800,1383800,74528900,3817000,12526700,50651400,7422500,1180800,3842200,12987100,18212900,3063800,2669400,34604900,2193500,10097300,46225748,2698400,8603700,5510700,8248100,21154800,10083100,8562600,6524600,2615900,5937300,12715900,2704700,3479200,3356800,1160200,1638100,3986800,4767200,1003800,4533900,6670200,150644900,16969400,1569300,7681300,14406000,9001900,13824400,27385800,4069600,17214800,4573900,6029345,6700200,3541800,81099600,3687900,9637600,20498700,1088100,28393300,1824000,4818100,2168700,2570600,14160300,3161300,7607600,8182600,13950500,21375700,983200,5891100,12645200,2832500,24100900,8513500,22034100,19133900,13469300,8254600,77375000,9294300,1027200,12640500,3383900,341755500,6256800,12646500,11347800,8997700,54337700,9566700,1189300,4004300,7932500,3463700,8727600,4741300,1083900,1078600,6418500,11637400,12013700,2024500,19615800,6728000,1898700,1911200,1961800,35341900,6230100,1799000,3289600,102369600,1889400,7706800,5434100,5635800,6358700,3107600,3778900,1198300,44992100,3323900,21256900,35913200,3849600,19625000,3296800
2025-03-10,72071200,8604000,7493000.0,7028000,3454700,4001600,5535400,8008400,38733200,4120700,4156600,62350900,1591400,44217100,4284100,10204000,77498400,9020000,1069500,6262000,17009300,22378400,2809100,3772500,41514100,2746800,9791400,46334688,4407300,12086700,4459900,10040200,27417600,8341000,11750300,6307000,2174100,5709600,10947100,2903500,5022400,5440900,1534900,2139500,5156100,3172800,915000,4149400,8806200,167183800,21433000,1657900,6195000,11194400,8862600,21621600,43604000,5272100,10793800,3710500,4431903,8165500,4806200,82760600,5517400,17559000,18887200,1389200,25251200,3129200,5962900,2284400,2497500,16652700,3893400,4707600,16124400,14133200,21999900,1356500,4966500,16149900,2799300,20897600,16765700,32840100,21897900,25263700,8741400,69953000,15822600,1567100,19492500,3432900,366487400,7584000,21486100,12525900,11156900,53013500,11047000,1373900,4238600,11848700,3571500,10139900,5053500,1631300,856500,4916800,15823300,19050000,2445600,18761500,7370100,2140500,1829000,2162500,57820800,5952200,2174000,5173500,189076900,1883600,9161400,5108900,6279900,8204300,3844100,3326400,1796700,39837000,3344800,27582900,35148800,4830500,22749100,3183800
2025-03-11,76137400,7144500,9318400.0,9313500,3390000,3145200,4282500,7739900,34078300,3080100,2698100,54002900,1128400,42153200,4925600,10030500,50608400,10085000,963100,5358300,11910400,21269200,3190900,3416100,46610200,1964000,6640500,34393145,4312300,14544100,3204900,8313400,25787400,7301400,10466300,4316600,1492200,4400800,16906000,3725500,6297500,3837200,2276900,3153800,5095000,4408900,1092100,4482200,6799900,210127000,18345200,1966000,5356700,11478800,7594400,21879900,39587400,4190500,12843300,4013300,5563354,5630600,3855700,80789000,3223400,9890300,18143000,1058700,28076400,2845700,3796500,1456900,3294600,12617500,4582600,4513100,9121700,10840600,17401500,655400,5818300,12040100,2750600,21734800,13490400,30380200,21962100,14836800,9565700,73989000,12837000,1554900,14995500,3149300,354865700,7482500,27200200,11418700,7981600,44841400,11032300,814800,5521700,5787200,4125200,8692900,4894000,1108100,719900,4404800,10663500,14302500,2002600,16397400,6760600,2565500,1859200,1638700,74574300,6518900,1864100,5171100,174896400,1543500,7981400,4101000,6498300,9776100,3604800,1883900,1389800,64142300,2461300,24310700,28687600,3381700,19904700,3511400
2025-03-12,62547500,6139800,4834100.0,6771000,3086200,5515900,3284600,8482200,34241300,3182200,2519800,43679300,859500,30409700,5514900,8706900,42290700,7642500,630200,3871100,8790900,16131100,1816700,2965800,30901500,1844100,9118300,25026485,4086000,10147300,2331600,7463900,18935300,10330700,9710200,5081200,1679800,3316400,11891800,2607800,4668300,3177500,2025300,2135400,2263700,3428400,717200,5691800,9286700,129994600,13995800,1703100,4735000,8065900,5266500,10041800,28372400,3078100,7737200,3368000,4045063,3848800,4066800,128671100,2558700,8010700,16054000,884100,18923300,2652600,3014800,1271500,2825500,12702100,2810800,4546200,7250000,8773100,15747000,688700,4196600,8390400,2425900,11896000,7925500,24253600,23584700,12110700,7546800,68658000,12304900,1136400,13709000,2154700,323857500,7062100,15373900,8700000,8330200,37331000,10158800,772800,3608400,5180800,3194500,7117400,3239800,808300,848700,4701800,9461200,11310500,1418800,10562200,4536200,2003000,1677600,1559100,62383200,4063700,1412300,3983000,142215700,1414900,5436100,3680800,4970900,6295400,3453900,1581600,1368700,49650800,2460900,18462300,33301600,3356600,14051500,2384400
2025-03-13,61368300,5559500,7669700.0,9012900,3667400,14386600,1909600,5702200,28575200,2062700,2691100,41270800,1081700,27236100,4194000,5701600,37766100,7977500,656600,5104200,8056900,17125200,2490300,3287400,28369700,1463200,4396400,34203539,3286100,11354700,3447200,9494500,16463300,7689800,9022800,3448700,1314500,2456200,11059500,2442600,5370300,3165100,2234700,1753400,2256900,3549600,597300,5611100,5983600,137747600,20682700,1565400,3837200,6939100,4059600,14189900,31756200,2529100,9997100,7062400,3746391,3862400,2919100,243261000,3645400,5286700,16467900,930800,15746600,2213400,3566300,1159200,3193600,9746200,2375800,4178600,6002800,8727900,16480300,973100,3295000,8911700,1885300,16570100,7435500,20473000,18824700,11252600,11811900,50017000,10195900,1330500,9818000,1969300,299033100,5824100,14187700,11483300,5351100,36717900,6609000,1471800,4802800,6258700,5283100,5861700,4963000,863700,599400,3434100,9274300,9664000,1959500,13912800,3587200,1832900,1760700,1965800,37698500,6018600,1574500,4196600,114813500,1262900,5277200,2876600,4629100,7915300,3296200,1604400,1699800,30708600,2079600,17471500,31507800,2409400,17767800,2744700
2025-03-14,60107600,4511600,4418200.0,9537900,4086000,6134800,4419400,5138800,24715300,2396800,3789000,38096700,1143900,25900900,4336800,5215100,35979900,6322500,623600,5775600,4924600,12727300,1936100,8718500,22467900,1352600,4569400,29242949,1935700,7625800,3186400,6976900,16250700,9003700,6671500,5187700,1018000,4183000,10199800,2814600,5709900,3065500,1944300,1451700,2058300,3266800,695300,3316900,8133600,91313800,15203300,1431800,3263200,8647900,5510200,14143900,31995900,2808100,10480300,5510700,4121348,4045200,3018600,116901600,4239200,6235800,11962100,1142600,14205100,1911900,3102300,972400,2672300,11862000,2369500,2696800,7349200,6784700,12364500,786800,4094400,8370800,1708300,12681100,6879400,19952800,24623600,8699300,10535900,52007000,12183000,1402900,9266000,2111300,277593500,6367700,9330000,12177400,5277500,30298300,6790500,929500,4732700,5541400,3469800,5309400,2382500,1306000,792400,5380700,8240900,14199000,1860100,13049400,2990800,1887500,1427800,1797900,37591300,6411000,1745600,3511100,100242300,1365500,4927900,3915900,4020700,7810600,2833100,1241200,1386500,17432100,2536200,15762300,35500600,4170700,15890100,2778700
2025-03-17,48073400,5075400,5266200.0,6662800,3518100,4258500,5577100,4764300,43689500,2292900,3097600,47341800,1178800,26830600,2975800,5602700,37242800,7105000,922300,5343400,5703000,12531700,1683800,8458000,27688100,1139500,5642900,18031446,2453600,8031100,2256100,4484300,15335800,6860600,7615200,4838700,893000,3156900,8332100,2224700,7126500,4510500,1062600,1494400,2616800,3695800,902500,2949400,8074400,98583100,12880700,1269700,3733000,9259000,4770400,14102400,31184300,2695600,8334600,3681300,4684421,3233900,2483400,160723600,3211500,6669800,9586000,976200,15634800,1890200,2546600,1051600,2821300,9555200,2544800,2758400,6181800,7012100,15473900,706000,4562100,8567800,2324000,12237900,8374900,22474300,17095100,14954000,11108300,75431000,15996900,748300,8284000,3702500,255501500,3837200,9885000,10750900,5449500,32676900,9931700,824200,3436100,6680700,3865400,5781000,2660000,942900,688200,4934600,10131700,6550400,1760100,11825600,3649800,2279300,1168300,1236000,45570000,4358400,1670400,4329700,111900600,1904900,4940400,5152300,4427900,6149400,3484000,1142500,1108800,15560900,2206400,11185000,26297800,3751100,19908800,1982900
2025-03-18,42432400,5088200,3918000.0,7959600,2811300,4297300,2757500,4282300,27152800,2549300,3996500,40414900,1356200,24951000,3251700,4195200,37644500,7152500,1086200,4857800,5370000,12289900,3310000,5314200,26922300,1348400,3621600,19081161,2770500,7861500,2182000,5881700,16669000,11776000,9289500,4937100,931700,2467000,6727000,1933500,4384800,2728400,2636800,2135000,2724800,3028500,691900,2736800,5343200,102730900,14569900,1587600,3983100,10250400,7385200,19265400,42074800,2641000,12605500,3008200,4043471,4171900,2995100,132488800,1728800,7348800,10344900,950700,12657600,2023000,2354900,881600,1811800,8094700,2363300,2435400,3810800,6062000,20297700,602400,3038500,8524400,2797800,8670100,7234900,19486900,18434100,15212100,12076200,60094000,8972300,620000,8840000,2168100,299686900,3708700,9402500,8347400,8158600,32958700,6099900,733400,3464200,8021600,2627800,6898400,3367800,608100,775800,4128400,7423400,6014000,1645300,14406400,3505400,1340200,1469800,1774900,30365600,5874100,1232000,3088900,111477600,1067500,4077700,3617600,3930700,7778300,3139900,1148100,1335400,16254400,2838000,11102100,17850900,3159800,15998700,1879300
2025-03-19,54385400,5412900,4353100.0,5098500,4314100,4349900,2786600,4426500,32287500,1834300,2244200,39442900,1028500,37962700,2894200,14114800,42471100,6960000,1086700,3798000,5504500,14400600,2407200,6221300,31084000,1432100,8242100,23197220,2878100,8784600,1908500,5245400,15488800,5873600,11503900,4313500,841700,4125300,8614600,1883200,4220600,2527700,1780100,1365600,4095400,3479300,1079500,3216500,6408700,124697400,17519000,1491400,3564000,11967600,9743300,13291600,34275600,2769800,9792100,2990200,6799206,3853600,2609300,135491400,2098400,5936400,10120600,753300,14780000,4051400,3790500,1122700,1944100,8907200,2804300,2812200,6044700,8181800,20537500,528900,2344100,8505000,3591400,11355900,8430800,19185500,16633100,9457000,9701200,66624000,10830500,846800,7809000,1860800,273426200,6039800,6909500,9812700,6080100,42522700,7569200,814300,4121100,4202300,2194200,5871000,2614800,675700,774200,7080700,4982700,6530700,2112100,19553700,3366200,1674500,1224200,1554900,30145700,6838200,1603200,2926800,111993800,1381600,5675000,3317600,5010300,5614900,3968300,1147300,1124000,14373300,4881000,14453200,24555900,3112000,17315000,1667200
2025-03-20,48862900,5836100,3260600.0,5158500,10699500,4009500,2946600,5480300,26871800,2049700,1839300,38921100,860600,31430000,2129500,4934400,41018100,5982500,667900,4065400,6282300,15315600,2782900,5277400,29910600,1181000,5571900,18212410,1990500,11577800,1891800,5504700,16528600,7205600,9545900,3984600,1153400,2651200,7836500,1392200,4343900,2883700,1179700,1331000,3573700,4074900,532800,3421800,6306800,109103700,22075600,3180100,3970800,11281700,7132300,12906900,28138500,2531300,16371400,3391200,3801457,7026800,2746700,68937600,2108800,7485900,8328500,629400,16295300,2298100,4402700,922000,1924200,10689100,2598600,2723500,13866100,6013600,24336500,464800,2579000,7209400,3638800,12970200,7026000,18470500,29204400,11815600,7056200,44663000,25202300,685600,12965000,2799400,248829700,5079400,7051600,9062300,4536400,35378900,8789200,693300,3344200,5016200,2134200,5089300,2271100,663000,761600,4311300,5952800,8635100,2158600,12753100,4652800,1445800,1342100,1509100,27272300,6841300,1537100,3729100,99028300,1329200,4980000,4965400,3655600,5432700,2858100,1203600,1064700,18109300,4751300,12388300,18185500,3039100,16230800,2026600
2025-03-21,94127800,16657700,8704200.0,8857100,11735300,7607300,5649200,15911300,30767900,9995000,6326100,60056900,2875100,43086500,4229700,26802400,65011000,14360000,5211600,8546300,8617100,21724000,6766100,9215000,59554700,3555000,8950600,58220322,7238600,55090400,3447600,9804100,65935200,18108100,21625500,7961400,1685000,6457700,15089900,4766100,5850300,9254800,3034100,3034700,9228700,9750400,1624900,3188200,15732200,240638600,22336000,9418200,7976300,26497500,48561100,37624900,36625800,3565600,56967300,8205400,6944351,9580100,4717100,94110700,3377200,17047100,19326900,2454800,47479500,4969900,5963800,7141700,6353400,20062000,5973400,6016100,29770200,25429800,25015900,857500,5538500,33837100,6814000,68435800,10989900,39675900,63239600,15782000,27911700,59054000,77287000,2084700,14536500,10007400,266498500,10839500,17620200,23304400,11574800,349996500,16027300,813100,7526600,11194600,4624600,10949300,3608500,1869100,1197400,9545900,11366000,11842800,3478300,73470100,8327300,3094000,2603900,2372300,91268600,7150700,2192300,9207000,132728700,3631800,11822900,10244900,19575300,17279700,6736500,2063000,2280500,68445500,12752000,32647100,26797200,6689200,41102800,2886900
2025-03-24,44299500,7393800,3706200.0,5283000,3793200,5223000,2619400,5855200,53342000,2439400,2879900,41625400,1023000,33180300,2651400,9986100,30646100,5800000,640000,4858900,5831200,15310600,2277200,4169100,21696800,1287800,4611200,37273831,2131600,6768300,2208100,6763800,28335600,11329600,8068000,4144600,903800,3615100,8224400,2023100,3904700,2848100,1470400,972100,2781900,3236200,745800,2897000,6491400,102847200,21356100,3999000,4043900,8563200,5381900,16024400,30879100,1877700,16666300,4023200,4507340,4753300,2982400,69169000,1905100,8046400,9422700,730200,12575400,2049500,3102400,3015400,2485100,7954800,2758700,3443400,12894200,7514400,15741300,448900,3207800,11954800,3087300,16950100,6184400,21004500,35406600,12385400,10246000,46779000,26552500,626700,7997500,4234100,228452500,4699400,7848300,10159500,5968900,37944400,6102100,893800,5379400,6070400,4032700,6033400,2513900,962400,1286200,5525300,8265000,7542400,1847700,10438900,3641000,1300500,1560600,1124300,26863300,4315200,1100000,2896900,169079900,1452900,5694900,3840900,6611600,5675100,4497100,834600,1237600,18050000,4496300,10688900,17900700,3156900,14207500,1817400
2025-03-25,34493600,10089100,4362900.0,6726800,3890400,3648600,24651800,5093700,29077500,2565300,2646600,31171200,791000,23417300,2767600,7174400,25445300,6622500,566700,3964800,9346700,10922200,1678000,6703100,18816800,1172100,5173000,33540505,2584300,6556500,1623000,4301700,20877600,7537300,7869200,5105000,808200,3077200,7365200,2582200,5551600,2382000,1106900,1309700,1656200,3337200,581000,3394000,6354100,83674900,20804700,2668900,4315200,8444700,4987900,14836200,24174400,1875500,9032600,2799500,4042728,3133800,2777100,51743300,2527100,7456200,9287700,498700,12513900,2002500,2670600,1600200,2476800,6437300,2138200,2657100,8676300,7459100,15312500,361100,4118900,10378300,3562000,20640200,4326300,15775000,22191700,12618800,8070900,37822000,17394100,991400,8216000,2662000,167447200,6720600,8521200,11109300,4763300,47607600,8366700,903700,3467100,3797100,2331800,3978200,1677700,852900,1020300,3990600,6984800,7661000,1180500,12757600,3912800,1661800,1351300,865000,42339700,4134700,1170700,2987900,150361500,1361000,4357200,3015100,10645500,3931200,3103600,689900,1006600,21483200,4511200,9499100,27908600,3110200,12081800,1583800
2025-03-26,34466100,6742900,3502100.0,6053700,3669700,3425000,5938600,4850800,39824000,2375200,1607400,32855300,789000,30578500,2578600,6615900,30012100,4482500,667600,5004400,6645800,12345800,1703200,2785900,15994700,1200100,4700500,27680327,1909800,7168400,1644700,5070300,30621200,6992600,10076100,3618100,811200,2669300,6314000,2241800,3095900,2218900,1192100,1224400,1986300,2716700,764100,4708600,8549500,139742100,19408300,2190900,4791100,7391400,5204200,20510100,28901600,1944200,8553300,3140900,5570993,4450100,2575200,59496700,1979500,7223500,12779300,734600,14478200,1597900,2562100,1349700,1790500,7325600,2681600,2624400,6084900,9110100,12609800,286800,3836700,9357600,1980900,13808800,5084600,16108400,27107200,9154600,6828800,35274000,18688300,821100,6743000,2337400,293463300,4472400,13210000,11290200,5882200,49487400,7756000,953500,3246100,4320300,1714700,5960300,1735600,1251900,769200,4464500,9561600,9268000,1499200,11744300,3953300,1630100,1053800,1657600,42589400,3004700,1216100,4683500,153629800,1951700,5814200,3253800,6609200,6187100,2639800,774200,1328700,21684400,1808700,10848100,27228800,3540500,14110800,2078200
2025-03-27,37094800,4995300,4904500.0,8441400,2871000,2729700,5232700,6933800,32773700,1736900,2458400,27317700,627800,32151700,2312000,4788600,25619200,4850000,479100,5154600,7610500,13155800,1481100,3196900,14326900,1285300,2956500,19053099,1892900,4712000,1547000,3757200,25720200,6039300,6862700,5189900,1193200,2989700,6598800,2706500,2833500,2333000,884800,1075200,2719200,2367000,799600,3454800,7009400,229032500,18010200,1674200,3301900,6382900,4013100,35799000,24508300,2100900,9956600,3036600,3802942,2889300,2946000,57720600,1472900,6752500,8022500,735100,11663400,1493300,2128200,1559300,2425000,8441800,2901200,3119500,5492800,9020800,10436500,325600,2825300,8520100,1579100,12931900,8239400,13766800,15658700,8748800,11017800,30472000,16435800,929000,7400000,2156000,236902100,4490600,9148300,10818000,5397500,51302000,6211700,628200,2825100,4398600,1762300,6102000,1684800,811500,1025100,3914000,9141000,5811100,2058100,23868500,3830500,1665700,821200,1138800,43000100,4003400,1249700,4228500,162572100,1128700,5035900,2822200,4031700,7254800,2405200,950000,1233500,21905200,2849200,10457600,16782800,3870700,12740800,1590500
2025-03-28,39818600,6478100,3997100.0,6708300,2377500,3830300,6173400,7715000,31069100,1768400,1907500,52548200,604700,30391500,3261500,8211100,34253000,4635000,568800,5321400,7404100,13630700,1965200,2689700,18880900,1105900,2825800,24894924,1736100,3745400,2100500,4973400,24931700,6582000,4923000,3830200,1183600,2389900,7679700,2799200,3941400,2423600,775200,1134100,3085400,2354300,896500,3254300,8286400,136868300,20227400,1679800,5178400,7844800,5763500,18820100,48669300,2773100,6911100,2980200,3451857,3125300,3199200,58365300,1967300,5760300,11978400,989500,17412900,1334700,2124700,1595700,2118300,9541500,2656400,3211600,12054400,11578500,17602800,551600,2581500,10396600,1689100,12393500,7349400,21632000,17118000,7846900,11259000,44227000,19600300,730500,8792500,2737200,229872500,3504300,13144500,7897800,8550900,32352500,5479100,812600,3660200,4333600,2433200,8918000,2548600,805900,987800,3935200,8066200,6457300,1305200,12888600,4483700,1309300,1140500,1274300,35085300,3742300,1787700,3322700,123809400,1439400,5490600,2379100,3284100,5687600,1932300,1009800,1280600,19530600,2853000,13555200,14790600,3533500,10233400,1550300
2025-03-31,65299300,11093700,7090000.0,9669600,5511900,3960700,6560100,7116300,30865300,3336200,3281300,63547600,1150100,35656400,3946000,7477500,36390000,8985000,1195500,7139300,8522400,15568400,2837500,4198100,25028400,2128600,6224600,29669322,2414800,7905800,3102000,7585800,29335700,7457100,10675300,7010900,1496300,3809500,10554000,3860200,6465600,4213500,1568100,1560600,3372400,3149100,1083800,4882900,14993400,139951900,17462500,2080700,6923100,8828600,5336400,15878600,54603500,2455100,11031400,4498800,4210366,6795000,6282800,65832000,2289700,12481400,13603000,1165400,24016900,2373300,3737000,1690000,3465700,11778100,4741800,4418800,14064900,12950700,21124700,568300,4508600,17337300,2483400,15003000,7616600,35184700,21089500,13347100,12190200,46341000,17400000,981900,14921000,2700200,299212700,8202100,15509900,8510500,9985700,53498100,11520100,835200,5071200,8395700,2179300,8613600,3889000,1066300,1060500,5521100,11302900,10906800,1964500,13596500,6340400,2409200,1420600,1924300,50156500,6828800,2915800,4073200,134008900,2689900,9222700,5238700,6536100,9950800,2766700,1488600,2231900,27786900,3708500,14855300,30269300,3772200,21652300,3137000
2025-04-01,36412700,7853200,3916400.0,4228800,3503900,3847800,3941900,5869500,23523200,3042300,2124800,41267300,702100,20472400,2881400,8252800,25578500,5550000,668600,4130600,5958000,10957100,1955300,2476300,20870100,1669100,4916200,22127766,1972700,6809500,2041500,4598200,17381400,8641500,6378600,4612200,1253600,3020000,8762700,2117800,2934100,2278600,1085800,1283500,2490600,1926700,871800,2468600,10432000,135388700,13121200,1369600,3854000,6284400,4037400,14065600,30672900,1869600,7745100,2801600,2720192,4412900,3877200,64060400,1609800,23303100,8054700,669400,15309100,1544600,2987700,1042400,2212800,9066200,2714900,2411200,10219700,8847000,12836600,483400,3641300,19150200,1898800,13922100,6651000,19689500,15337100,8715800,9317900,35200000,13489500,710600,7715000,1914500,222614000,5135800,9518500,5909200,6072800,54444200,7021100,679400,3359900,4429100,2000900,5708900,2078000,1059700,839600,4799300,5868400,11417900,1258000,13547400,4178900,1483200,980700,1180900,43986400,4781900,1837600,3025400,146486900,1654700,5965400,2962500,5877400,7473300,2366400,903600,1249500,15710800,3198000,10661000,22080300,2233000,12425400,2735000
2025-04-02,35905900,9262800,5184800.0,4236200,4123000,2859100,3279800,4904800,20794000,1912500,2794100,53679200,751400,19523700,2473700,5826600,28216100,4835000,490300,4079000,11755600,9731700,1747600,2045100,20897000,1108200,4849100,20089049,2064900,6527500,1719900,5396900,18610700,6405700,7044900,3264000,1394700,2974500,7959900,2164400,2541700,2021900,1055900,1156300,2036500,1827400,431100,2681500,6833300,136908500,13166400,990900,6026500,7444300,3952400,12305600,25041700,2560700,6703400,3189500,3632758,4080800,6613000,58878800,1432200,10356900,7758800,791100,14606500,1527700,2683800,1270300,2534400,7641400,2994600,2776800,6408300,11356900,13470800,340700,4411100,20161000,1654500,10590800,8415300,16092600,14520400,8480100,9130000,32569000,11161400,750800,8132000,2123600,220601200,4765600,11594400,6164700,5866200,41965000,6274500,785400,3230800,3889000,2216600,5377200,2137500,902600,1142400,3352900,6043300,8873900,1583100,16509300,4704500,1417900,864000,1801700,41574800,5002000,2068700,2969500,212787800,1602800,4368900,2378900,4540000,5682500,2411500,708100,988400,21924100,2464300,8854100,19384100,2054700,12614600,2027200
2025-04-03,103419000,7593100,7950600.0,6239200,3614800,5324400,6063300,11779600,50472500,3280300,5852900,95553600,1067300,44354900,7736200,15877400,115497900,9857500,903000,6410900,10996700,39469500,4638700,4681300,46293300,2403800,5483400,28631985,4242900,13870900,3096900,8872600,40006300,12204200,15501000,7118800,2287700,5413100,19353400,3789300,7427100,4330500,1610800,3314800,3730000,5530300,1222700,5553700,12659100,220271000,31999800,5066500,12750500,10045200,7965600,18871200,46883400,5193900,20916700,5407100,6907853,5309600,6043400,242972100,2729000,13249300,17188500,1525300,24959600,2445200,2675100,1813800,4475000,19479400,3443500,7023900,29179100,13777300,34777500,561100,6712300,14319800,5076200,12684100,15186100,30198000,44839500,13652700,17433100,58646000,71499500,1055800,10439000,4247500,338769400,9623700,14433800,24998800,8216200,53501800,9393300,1788800,7613200,10581500,6785500,16465000,5152500,1047500,1432400,4605200,20490100,13517900,2143700,40728800,6392600,3770000,1516900,3306100,48912300,11388100,2813600,5652100,136174300,2324500,11895300,6457900,10057700,8792900,9514600,2269600,2063800,30474800,4044200,25880300,33012900,3573500,21204600,3275500
2025-04-04,125910900,13505200,10259900.0,10776900,4659000,5867600,7368600,15564000,65847000,5253100,9877200,123159400,1762300,72302200,9097500,22282000,107761200,12712500,1615100,12605000,22572300,51730500,7216800,4773200,39839300,3801000,7434400,39814678,5818900,15158400,5167000,9705000,42924400,13295600,20374700,8633400,3609600,7117800,22580900,3800800,8332600,4711800,2595500,4515500,5816500,8834600,820500,5291000,13937200,177466200,44734500,3618500,18167100,12920000,7577900,26717400,62259500,8105200,21921300,7531100,8960463,7407100,6340400,175014700,4108600,16601700,27170700,2072800,26517300,4430700,5299400,2392700,4829800,26250900,6125100,8831100,26407700,13787000,38589800,889700,9609100,16333000,5833200,22965700,18876900,49209900,50737700,20993500,21182600,67988000,67775700,1692400,14502000,3820000,532273800,12097500,14986900,44692200,12911400,80002600,13454200,2254800,12661100,11951700,6421200,19018600,5322100,1547700,1585200,8526700,19700100,25465600,4338800,49175000,8268800,3680100,1961400,3956700,61361000,12964000,3894200,7948500,181229400,3684600,14976900,9919000,9567700,13201700,7528900,2850900,2884300,42663400,4825300,31050800,36209000,5680800,30841300,3612000
2025-04-07,160466300,12581100,9975600.0,10371300,6333600,7690900,7767500,18941900,70515400,4923000,5082200,109327100,2081000,68503500,6283600,18825000,137329100,13960000,1654100,12749700,14290000,37487700,7824700,4560500,41421800,2918200,7820200,49231060,5472700,12870200,4626600,11965200,46816200,13158500,17817000,7889000,3007400,8557900,20456000,3819500,7214800,5825100,2325700,2422100,6936700,8269500,927900,5543500,17543600,274938500,40398800,3023800,18545500,14202800,8031900,25522100,76794100,6353800,19064700,6950500,9922684,7797900,6950500,142491200,4125800,18083000,22914400,2996100,34258400,4159300,6274400,1968100,4478000,28191400,6009400,7725900,24856500,15963400,36606100,936100,7174700,16833100,4922800,26582000,20721400,50425000,50181800,19494900,22059900,66568000,45374400,1967300,14391000,4103300,611041300,13272600,19482700,26817800,14423200,86106100,15708000,1796100,12717900,9984300,5958300,17938300,4617300,1687400,1922700,8774800,26099400,24498000,3240400,36020400,8150900,3557400,3184700,4198700,74875400,12898300,4076300,8149000,183453800,3608200,18337200,7356700,8729800,12163400,6630900,2754100,2712400,38812000,5387700,41305800,36884900,7971200,35068500,4263200
2025-04-08,120859500,12517100,7661500.0,9880100,4730400,6650800,6473400,16423700,69910200,4097200,5455000,87710400,1670700,58888200,4782100,14527900,79116300,8772500,1812200,9470100,10816100,30272300,4989000,4335700,42041100,2483500,5677700,36247484,5514500,11509800,3545400,9340300,37377000,24570300,12904400,9528800,1816400,5664500,14845600,3515200,4976200,3425700,1952300,3101900,4819900,5531800,812900,5127300,22010000,199286800,35158100,2407600,11903400,11293700,10132300,16415600,52200200,4240900,19438700,4868000,7376072,6850000,6466300,163982700,3157700,12018400,19485700,2719800,22774400,3780800,4115200,2151500,3294400,19560800,3555400,5562500,17281700,12421600,28034200,636200,5496800,12315600,4459700,20571600,10710100,35868900,40822100,14232600,16266100,56254000,30404300,1226000,10616000,3178200,476243400,12132400,11950300,24882100,9488900,72406000,11541100,1601200,8177500,9018200,4682400,14965900,3897900,1159700,1258100,8108600,20534600,22473400,3115400,31416000,6248000,2703600,2265700,2053000,55717100,10926000,3929200,6018000,171603500,2230700,13902800,11762300,8233800,9569300,5350700,2328200,2391400,29790200,4786900,27374200,34351700,5792500,27147800,3267300
2025-04-09,184395900,18977800,12840700.0,10179200,6702200,7186300,7048100,20667300,97827400,6055700,5646900,116804300,2285500,72708300,8640600,16775200,161173500,15065000,1821500,10153700,23603300,49437900,6457300,6752600,66939000,2463500,7407600,48117325,6336300,17841900,5084500,12491100,53380800,17725000,16846800,9854400,2914700,8180400,24970900,3469500,7414700,5410100,1925000,2416700,4978100,9991600,753200,6041200,20037600,199663000,38575500,3529100,12548600,19225200,7453800,23918100,70406200,7024100,20574100,6793000,9698919,7302800,7429300,224183500,6038200,18773700,24022400,3447900,27918700,4103300,6619000,2291600,4106200,29544700,4698400,8265700,29897800,13380300,39216600,757800,6428100,15940600,5604400,22928300,16919500,50199700,63132600,23207800,24860400,74980000,44732500,1608200,15460000,4111100,612918300,10569200,17762000,40101200,14067000,95954400,10670200,2201800,17532000,10278500,11450700,21242600,5736600,1871500,1946900,6747400,26668100,24973100,3253100,45400900,7694500,4323400,2733400,3128700,77738700,12134400,4597700,8590400,219433400,2820900,21578500,12691900,8849800,11361800,7800100,2644900,3171700,49426000,4707300,42744800,46632800,6518000,30063300,5051900
2025-04-10,121880000,13970000,6929600.0,11089400,4578600,5695000,4114800,16290700,65210600,4679100,3565200,68302000,1854500,51212200,4799900,10375000,90451800,10582500,1235600,7475900,11631900,25912800,4116800,4907700,47116900,2021200,6465500,33907980,3013900,15621900,4209100,9692300,31964600,15828700,20991200,5827600,1956600,6293500,16377000,2162700,6360400,3840900,1610900,1617600,3565900,8314500,696100,4995900,13452300,163535400,25658400,2807500,8150900,14193700,5031100,17437900,48022000,5374500,16097900,5574800,6176399,5656100,4719200,129064900,4056200,13830500,18896400,2676100,22450200,4239000,4182700,1832600,3482500,20011800,4105300,6049500,24354400,10703600,28173500,439600,4757100,13148000,3970500,19466900,10956700,38024400,44882300,12801900,23184600,51298000,53919800,1071800,10232000,2850600,437812400,7982300,12401600,26434100,10980300,72960700,10581600,1028800,17204000,7818200,4512400,14898800,3660200,1357800,1496200,6457800,16209300,11599200,2470900,37839000,7047400,2325500,1685200,2669000,51467900,7583200,3902400,5406600,181722600,2257300,16019500,8646000,7553700,8709800,4861600,1527300,2252300,36501700,3412300,29026000,34735300,3491500,33999300,3527300
2025-04-11,87435900,9047700,4817300.0,7357000,5019500,3941800,3582800,10617200,57892600,3467100,2555400,50594300,1003100,33964100,4413500,8810700,63671900,7625000,963000,6231000,8303600,24776000,3197900,3419500,18749000,1728200,5664200,28608297,2757000,9233400,2721800,6089000,23036900,12537400,17224400,5152800,1245100,4764000,10204400,1663400,6054400,3116900,1347900,1350200,3621100,4992100,513900,3833100,9451200,146073700,26250000,2198000,6491100,8683700,4235600,10735600,33636200,3770200,13608700,3576400,5414177,4325900,2786500,128425800,2843700,9943900,20284500,1361800,19988200,3343000,3603400,1452300,2904000,14706200,3736200,4439900,20662000,8840600,17642300,627100,3337600,9760300,2901200,16194400,10573200,23839200,30807800,14856900,31771700,40736000,22617100,1178800,10515000,1779400,313417300,6516600,10190200,17827100,8563300,55078100,8602800,938600,6480100,6460900,3572000,10955300,2889400,1170900,1536500,3654100,10059700,14847900,2032700,20884400,4022000,1713000,1045200,1767200,32057600,6935500,2657400,3987300,128948100,2648600,21113300,6121500,5544100,6804500,3777200,1636300,1574200,30144300,2651400,33867000,25508100,3148400,22884600,2850500
2025-04-14,101352900,7164400,4338000.0,6988500,3299300,3286000,3224700,6835900,36003000,2492700,2080600,48002500,818000,25748300,3067000,7288700,46830600,7202500,970300,5512100,7876900,20385900,2758400,2927800,21774700,1442400,3658600,21801798,2373700,6537200,2219900,6038100,15657700,12125900,9628200,4039800,1283600,4039300,10841300,1324500,3226200,2600400,1051700,1017100,3388000,4030300,621200,2631800,8091500,189955000,19645900,1507200,5319100,6335100,4153900,22020900,30333000,4392600,10059600,2841800,4766118,3321500,2946400,101964400,1518100,10685300,13017800,987000,13930200,1897800,3461200,1079600,2766100,9945000,3005500,4068300,9921400,6728400,14130900,522500,3815800,9782600,2709500,15796700,8224500,19251200,32634700,11588800,14229800,40359000,28346600,714400,8585000,2010400,264705000,4591800,8217700,12666700,5393800,61900900,9877300,759800,6844900,5904800,2524000,6930300,1830200,946300,1102400,4099900,8880500,7967000,1632000,15477100,3330900,1406900,825300,1317900,27042800,7093500,2370500,3845400,100135200,1220600,10356600,4839300,4926900,5011800,3132800,1121200,1362200,24323000,2576800,28057800,27742900,2515700,18020000,3249900
2025-04-15,51343900,8078500,5182400.0,8639400,3273200,3030400,2599700,5259900,28116500,2593600,3854900,43642000,1305300,17242400,3509100,11541100,84677800,5392500,516200,4329200,6615600,24738400,3611300,2615100,22760900,1082600,3874800,19195223,1567600,5739600,1788200,5227700,18543600,11114400,9334800,4359300,1143600,3505100,7840500,1587500,2340900,2277500,1661400,1076300,2972500,3192300,352500,2217500,7444700,125469000,18742000,1081300,4999300,7577300,4145500,9799300,27551500,2501200,8528200,2883100,3203690,3363700,2675600,64056900,1733400,10847700,10912900,790400,14965500,2321000,2458100,1224300,2805200,10674200,2210700,2901200,6704900,5782500,15558700,326500,2541700,6384000,2416100,16042500,6003800,17199900,19132700,7851700,12001100,77120000,15977100,926900,8676000,1366600,228966900,4991100,8630000,9350300,5459600,51814700,8765000,440800,6702200,6007200,2347800,6346800,2119400,838500,810600,6315600,7088600,6921500,1247900,11618900,2381200,1203500,1086100,1670400,25721300,5020900,2545900,3130500,79594300,1267100,6958900,3871300,5767000,4386200,3107100,788200,1030700,21795300,1930500,20903300,21871200,2556800,13164900,2785200
2025-04-16,59732400,9459300,5026300.0,13483200,3183900,3687900,2786900,9279100,62109000,2656300,3376800,51875300,1556800,34638600,4244900,6809600,52872700,6220000,591500,5889300,7874200,21922600,3017200,2261900,21109300,1311500,4120300,22073029,2380200,6093300,2531700,7190900,20551300,6899900,8637200,6082300,1015600,3620300,10144300,2077800,2506800,2215800,1868700,1170400,2460400,4270700,405400,3411300,8354100,133804900,17261100,1272400,5128000,7115800,4202500,9877000,28187400,2765600,10744600,2637200,4380763,4869900,2628900,89469700,1990500,7986900,9322300,2020800,15276200,1828900,3302600,1529700,1916400,17845300,2501000,3098900,14564700,6266300,18735100,316200,5635500,8526100,2897300,16551300,6520100,21967800,28475000,11356100,18277500,60661000,19094900,1381400,9347500,1757500,397016900,4657900,8295200,11399400,7878600,37641200,5897500,681300,7334600,8296100,1951900,10417200,1744800,875700,797100,5382800,13080800,12653000,1386000,13107900,2731300,1435900,831000,1302900,27835900,5569600,1823500,3362700,112378700,1228600,10862500,4192100,4632800,5850600,4040600,528200,1391300,17271600,2471000,17351000,22229100,2824000,13607000,2390100
2025-04-17,52164700,8998100,4454600.0,10474500,2321500,5229700,3156700,6494800,34801400,4371800,2599000,44726500,2233300,22501800,3907500,9227300,47144400,5420000,1034300,5322200,6673000,14656300,2717600,1860100,17701900,2847300,7029800,23021592,1796800,7804400,2711100,5566900,15910400,16055700,8434400,8734000,1044800,3667700,14810900,2040300,3409800,1761900,1409300,3569400,2879200,5905400,479700,2539600,7496300,129204600,16988000,1107000,4932000,8066400,3368900,11707500,33046600,2593500,18170400,3232400,3411752,4635200,2742700,85646700,1625900,10981100,9557900,1224100,20754500,1730200,10853400,3052800,2166900,13847700,3329800,2728500,7777900,10777600,14593500,251500,4952000,8765700,2387700,21416500,5233100,21120200,20694100,11212300,14385600,88937000,18935100,1102300,9019500,2125600,292517500,5109600,8925500,13297500,6131400,54073700,7227100,558200,6213100,7546400,2437300,7135900,1303300,827700,1447300,5228300,9787500,19271600,2238300,15923000,3462000,1267300,913100,1349900,24870300,5555200,3038300,3489600,83404800,1059800,5739200,29120200,4740100,5655900,2662800,643500,1205500,16504800,1951700,18961800,21393900,2784500,17916500,4239800
2025-04-21,46742500,7364600,5695000.0,6046700,2835500,3691200,3608900,8395300,33855400,1803600,2781000,48126100,1082900,23469800,4302900,5703800,34928300,5887500,644400,4908400,9990400,15136000,2978300,2793700,18735400,1408900,7691400,24482742,2493800,6213500,2841300,9240000,15578800,9699600,9967500,3608600,969300,4857600,14166800,2572900,3076200,2712300,834100,2294400,2721600,3001800,493800,2863500,6868000,94138900,11419900,1182100,8501600,6721000,3885500,6424600,26049100,2859300,14165300,4015200,5250359,4908900,2815000,72409900,2648500,6285400,8716200,1346100,16037200,1303400,3326600,1532900,2769700,14302900,3345600,2669900,16395600,7637100,16166000,433900,5971800,6727900,2425100,11010000,7784500,20807300,19826100,11568700,17720600,97757000,17280900,1342900,8343500,1823500,288501100,4414200,12201200,8489100,7412800,32021000,8062400,496200,4801500,7264800,2326600,8128300,1684900,745600,1197300,6397400,10595600,12824100,1511200,10698700,3015000,1701000,1639900,1312500,46226000,4946600,2314800,3656300,97768000,1744400,8275000,13029900,3930800,6362300,2274900,622600,1176300,23802500,2241800,17859100,18361200,5664900,16926500,2654900
2025-04-22,52976400,6191900,4827200.0,5837100,2499500,3250400,2304700,5222700,35236700,2081000,2747400,56607200,1463900,18504900,2324100,9147300,42288900,5907500,600700,4768500,8611000,13252300,2231200,2276300,18510400,1852300,5233600,24656770,2744000,5556800,2230600,7145300,19961800,9118100,7984700,4703800,751600,6687700,9578500,2097000,3522600,2361100,1397200,1890500,2797700,2947600,556900,2270500,7382100,121387100,19264300,1369500,13041000,7540700,3556000,8438500,26971800,2514600,29370100,2802400,4611849,4232700,2909600,83365600,3114400,7136300,10701400,1372400,15613500,1458600,3086500,2878000,2224000,10857300,2384000,4200700,11719600,6720500,17399400,701500,7943800,9475200,1736200,12918200,6571300,19485000,20351200,14352000,18218100,93689000,16852200,4788400,7914000,1939300,241004800,4058300,11233700,7442100,7144700,36052600,7907400,718400,4794400,9509700,2908600,8228000,1945300,1036800,1254700,17094400,10408600,9741700,1331500,18894100,3849500,1495900,1240200,1506800,50906800,4989300,3677800,4762500,120858500,1492600,9139900,10156900,4305300,5435500,3264600,885700,1131300,37633800,3386000,17536600,15407800,5162400,13147000,2832800
2025-04-23,52929200,7119700,5183400.0,8777100,2763100,3168000,3202100,7994300,41102600,2679500,7046000,63470100,1001400,24380500,3872900,16264700,54428400,5947500,553100,4294500,12865200,17243900,2458300,2368400,21605300,1782700,8497400,30051628,3475900,7699600,2109700,5818900,30231500,10834800,10002000,5342000,1025500,6494100,12089100,1785000,4036000,2412000,1093600,1801400,3838100,3037900,640100,3148900,8389700,158691500,21643100,1365800,7235700,8178700,3493700,9032800,31128800,3048100,22493800,3283300,4411320,7948300,2876100,97188100,3770000,9099400,14126800,945100,16353900,1973400,2714600,1352700,2382500,18214700,3051800,3210100,10228300,6369500,18173900,324900,4655800,8942500,2996300,17935700,9243800,20545500,26385500,19476200,21001600,64719000,21660300,1929100,15096000,1726600,247526000,4954500,9528900,10980000,7760000,50781000,9309200,669800,6911200,9084500,3055100,9073500,2849200,791900,924300,10456300,9114400,9826600,1338600,17255900,5214600,1862300,1232100,1521400,43351000,5612900,3492200,4562300,150381900,1713600,14125000,8345700,5817200,8906000,3652900,765200,1247300,29402100,1976400,20678800,18046900,5639000,14235700,2093100
2025-04-24,47311000,8789400,3690300.0,6595500,3271400,3085100,3676700,7609200,33681900,2260500,2885500,43763200,813600,27576900,2696300,10984200,42457100,5950000,619700,3173400,8984500,13672300,2874400,3691200,17254700,1341300,11292300,47249214,2632100,6520300,2468500,7857600,22782300,7014000,7745800,3980400,828400,4453400,10310000,1957400,3199000,2274700,1030500,1485400,2762700,2075400,490900,2751600,6241700,87031000,23970900,1132800,5906300,10133200,3532900,7509200,45894000,2223600,14237400,2749500,3437322,15428100,1559700,117086200,2287100,8310400,9055200,1304000,16893900,2114500,2939500,1105000,2243200,18159400,2209100,2479500,20418800,8277000,13910000,324100,2921100,6053700,3061400,18471500,6640700,22232300,23875600,13724700,15827500,63819000,14508500,1805100,30415500,1784100,220815000,5522300,7305900,7860600,15577300,35009600,20077700,903800,4602300,8564900,2536800,8810600,1516900,1317000,692700,4512800,6798100,8423300,1081400,15197200,3018400,1696800,1228300,1349800,43640800,4626200,3662400,5047200,94464200,2966600,18950400,7629100,6641000,8055200,4783000,748400,1369100,16597300,1684100,18420900,13444500,6499700,9849600,2147400
2025-04-25,38222300,10482100,2905000.0,4849100,2919200,3499300,2853400,4805200,28575300,1994600,2464500,36414300,668500,21242300,1940100,7644200,32694200,4740000,444400,2742800,5413000,12253400,2162400,1716700,14859300,1400100,9599000,31336510,1709100,4736600,1780900,5651700,16493500,5022300,6878500,5352200,983400,2608700,7749600,3387600,2717200,1836600,900000,1534500,2636100,2093400,605300,2177400,6271500,88682400,10958800,1328900,4390600,14208000,3996100,8108100,56034000,1612700,11009100,2811300,3860979,6700100,1642800,147711200,2016000,8643600,8588600,631600,16316000,1866600,3398900,1521700,1493700,9751500,2006100,2282900,7677600,6454700,17098900,327900,2141300,5680300,1681100,28378000,5013200,18973200,19746200,9640200,12383800,39500000,17156000,1329300,14439000,1562700,251064700,3861500,5476400,6409300,11544700,35847700,12892800,530400,2828200,7755700,3056400,5145600,1492900,964400,511500,6205900,5799400,7781000,1552900,23936500,3442800,1421800,979100,1462600,37050300,4205800,2698300,13561400,167560700,1534600,8383300,9263800,4577700,4452800,2865100,695200,1561500,23361900,1531000,17775900,15317200,4816800,11245800,3543600
2025-04-28,38743100,10408000,5608800.0,3843300,1865200,3163400,3303300,7052500,30456700,2082400,3390200,33224700,916100,16385800,1561500,9302600,37428000,5822500,685200,4238700,7816000,14304800,2189600,2756700,18025400,1347200,7172700,29764712,1778500,4667600,1616200,4977700,23140600,7700100,6715500,3889100,755100,2715100,8491800,2264700,2119800,2761800,1752900,1534500,2676500,1908400,521000,2969500,7142400,77051500,13380800,1360800,3416900,9458900,3566500,15269800,29745800,1459700,9449500,2413000,6037727,3653500,2337500,96624400,1388100,5815200,7394300,736000,15997500,1644900,3457600,1159700,2046700,10255000,1735400,2578300,7084500,6660800,15179000,359900,2499900,8849800,1868400,14241000,4171200,16579400,16882400,7123500,9374200,38311000,13321200,1817300,10262000,2271000,207708500,3789800,6985100,5504000,8498600,55888900,8127000,617200,3149600,6153300,2295500,5743500,2673500,1175200,757400,5460100,7091400,6576900,1799800,13252800,2332200,1551700,1531100,1223300,24156000,3573200,2531600,5825900,151731800,2071700,5170500,6614300,8664600,5422900,2601000,818800,1503300,16188500,2397900,16694100,12950000,2994500,13890900,1873400
2025-04-29,36827600,6671400,6525400.0,4315300,3251900,2198300,2950700,5721300,20700600,2147700,3174900,41667300,1145900,14630000,1730800,6795000,33792500,9307500,392300,3177700,5478700,8862800,2651000,2401900,30363300,1272200,5941100,24265287,1770600,4828800,1523100,3139800,13466000,9314700,7343800,5046600,799600,3719900,6359900,1624800,2323600,2233200,1849900,1140700,1635300,2323700,696100,1965300,4245100,141980300,11269600,1647300,3444200,7646100,3275400,24183100,26809000,1695600,11024600,2836900,9278021,3426500,2114600,70031900,1321500,5246700,7216800,726100,16244100,1214000,2454400,897100,1603900,8583800,2041500,3164500,8287200,8194000,11835000,491600,1917200,12724200,1747600,18802900,4689800,14974000,17098000,8891500,10496200,37773000,12968000,977200,6226500,3053500,170444300,3691100,4851500,6906800,7010700,98540200,8266200,699600,2520500,5346500,1564400,6692000,4247300,2660300,585300,4313600,16356900,7776500,2461600,14629600,3234900,1284300,1886300,1108300,25015800,3886700,2437300,3900800,108906600,1621200,6566500,9909100,10314600,5519500,1428500,1199700,1254900,14712800,4444400,24563600,12679000,2539300,9483100,2065100
2025-04-30,52286500,8400700,7534200.0,8510500,2834700,3305500,5418500,7273600,29730700,2612300,3491100,55176500,2560300,22768900,3522700,6266800,40994600,11450000,1028900,5251600,6702600,15756500,5124800,3934700,31787800,1562800,5916200,30062512,2122400,8415300,2212400,4624100,19921200,12539500,13858000,6157800,1325900,3729600,8474800,2044700,2999000,2802000,2042900,1356200,3842100,5383300,729100,2541700,7678800,136406200,15777400,1278900,4436300,9628500,4779500,17948600,34981100,2438300,15072400,3741500,5338952,5143000,3672000,68297300,1652200,9598200,12991700,1172300,21074700,2670400,4374100,1095000,3455500,11233900,3783500,5564600,10848300,15854800,29244000,943500,3062800,13422300,2549300,13825100,6502400,36461100,19779300,13763500,11113500,42667000,17205900,1312300,9739500,2970000,235044600,7999000,9443500,11058000,7923500,53941700,12475500,1209000,7712300,6454400,3211100,10851900,2719200,1679400,1018700,5674100,41297000,8236100,2307200,21855700,5934700,2279600,2427200,2251700,38877100,5685800,2944300,4440500,128961100,2234200,6158600,9192800,9305800,9526700,3854300,2343600,1445700,29563000,4269300,23953000,21639900,4468300,20379300,2926200
2025-05-01,57365700,5823600,9431800.0,6769100,2848600,2848800,3107200,6732000,29591500,2942700,2253000,74266000,3669700,24939700,2473800,7322900,33569100,7790000,451700,4693100,8206100,9682300,2961000,3154600,20649000,1987800,4115600,21636306,2048100,8027600,1829900,5208900,16420800,20880100,10199800,7996200,1855300,3687500,7790600,2051800,2609900,3328800,1770500,1321800,2687200,4603700,677300,4722700,5583100,126532500,11614600,1368400,4687600,7270900,4328700,15875500,30203200,2583000,20489400,3210100,3810688,4243300,4008900,72607500,1673400,7325800,8689600,1463500,18034200,2540400,12601100,986400,2067800,14147600,2839900,5186900,8677200,9414200,31159000,489600,2236300,9436800,2053400,10036400,7743600,58938100,15349200,11487900,12415700,34995000,10527000,1194000,9038500,1719100,236121500,4308500,11525800,10678200,6807000,46891700,6792800,1236800,3956100,4885900,2608600,22836600,2207200,1190500,781400,4820900,18326700,7997800,1447100,18079800,5319700,1365700,1583000,1634300,37367600,4585300,2771900,3603400,99659000,2175100,6124900,9316800,7501500,5849900,3995900,1496600,1452300,18921900,2695000,19672500,13171800,3389100,18610300,1930300
2025-05-02,101010600,6424800,11301600.0,9801400,1810000,2340700,1984700,6083200,29957900,4537000,2732600,77903500,1446900,17766800,3099300,8695900,41613000,6772500,822500,4945600,7363300,13291200,3765200,3524700,27621700,2471800,4715700,26487101,2245600,6895400,1547400,4323400,18753200,14305000,12393200,7472100,1108800,3159100,7594000,1510600,2720100,5109200,1099400,1048500,2569800,6415000,443300,5932000,5880700,82228700,11932200,2180500,3831700,7033800,3512600,11649800,25715000,2883000,11330200,2283300,4645589,3731900,2921400,63298500,1440600,5974500,7165000,851800,12629600,1548600,6059400,2090500,2318800,13339400,2632600,3994600,9444000,7395000,24739300,386400,2734200,7027500,1944500,11755600,6894400,30757400,18899700,13333200,8805800,37743000,14723900,1728600,8347000,2085700,190194800,4292700,11346000,10594800,7169700,41685800,5750200,665900,4193700,4451100,2588700,13185600,2208900,1606400,940600,5002200,13512900,9348100,1398600,13305000,4060800,1321300,892300,3709100,22928400,4720700,2492400,2801100,114454700,8968300,7642400,11392900,5689600,6113700,2600500,1010700,1653600,15366500,2367800,18347400,16031400,3854500,16581900,2654700
2025-05-05,69018500,5121500,6761400.0,5752000,3548600,2095600,2616200,4069300,41268900,2781400,1832900,35217500,960400,14025400,2416300,5413700,32829200,4812500,384100,16380200,4822600,10318500,1829100,2708600,16771300,1472600,4084300,21687949,1510500,9275000,1952600,4219600,14758500,10652800,9665000,4314900,805200,1915600,10231000,1497700,3875200,4308800,794500,1222000,2551500,5226300,377600,2455000,3902700,105766300,7701000,1261700,4466500,5487300,3923000,8084300,21341800,2197200,16604700,2563500,6668491,4137800,2239100,44237000,1376000,5464100,5450700,811900,11932700,1462100,2889600,1150200,1878300,6960800,2130900,3534100,8196300,6310600,13887700,465900,2623500,6656000,3427400,8688000,6540300,20136100,12513600,7117800,12142000,56623000,15971000,830400,6371000,1368400,133163200,4392800,5187400,15394600,8972200,40811800,7576200,617000,3246600,4545100,2710900,7165300,1735100,1124300,982600,3293300,13361900,5242600,1583500,17270700,3572800,991100,993800,1619400,21335300,4869600,2637200,2311500,94618900,2828200,4803600,8157200,5406800,3865300,3776800,880900,1669600,9210000,2688700,16070400,12439100,5645600,19624000,3888600
2025-05-06,51216500,9392000,5229300.0,6290500,2719400,2970100,3309200,3471700,54264300,3253400,1637100,29314100,1185200,16348800,3064000,4948000,29541800,4567500,482900,6088600,6123100,7744300,1724200,2818000,15400400,1825900,3605600,17182861,1888500,8902400,1381200,4681600,13766500,6987300,9916200,4100300,887700,4479800,11839400,1602100,3959100,3011800,858200,1080700,4424700,4505000,439200,2460500,6446700,131814000,9778700,1104100,3169600,11409400,4058700,9638200,21277200,2902500,16541700,2299700,5442081,2900600,2744300,51330800,1128100,8644200,6369900,905400,12705500,1441300,5982000,1135400,2175700,6892700,2341700,2691700,6499300,5436100,10600700,323200,2850000,6527400,3304000,16991100,5739600,15104200,13173800,7943000,13642000,32567000,11440300,655000,6402500,2378500,158525600,5650200,5108600,9333600,6889900,60872600,7703800,603900,6505100,4082000,2348500,6957900,1448100,1510900,1148600,2596100,10709500,5724000,1159000,17481500,2995100,1139400,775300,2082800,32491700,3472100,4070200,2903200,76715800,2812000,4531400,7858600,5154300,3438500,3051600,658300,8000700,12131500,2528200,18095100,10626000,2765400,16303400,4124400
2025-05-07,68536700,5771700,3423600.0,4924900,2647700,2153000,3249100,5499000,86474400,2363400,3571500,43948600,1379200,20253700,2329200,6094800,30925900,3935000,547800,5573800,4392600,11619200,1555500,5264900,23037000,1325100,4401100,26839425,1411400,9200900,1316000,4267600,14078300,9279700,8422100,4070100,1011200,2902600,36155300,2016800,3466700,5444600,1323500,822200,5066000,4013500,576800,1888800,6131300,116885100,11879300,1227700,3968300,8119000,5250500,8711100,127490100,1954900,19330700,2657200,4598374,3399700,2025800,61002600,1311400,7853100,8724100,962800,15018200,1573900,3807800,1204400,2924000,9984700,2493700,2725900,9565800,6841600,13139100,363900,2555400,9189200,3135200,12216900,4680600,23295300,14889700,9961300,11139100,43497000,11883500,875400,8648500,2928900,206758800,6818500,6049600,12661300,6313200,48270500,6430000,664000,4741200,6685500,1748000,10196400,2151300,1140500,2275700,4029200,8224800,9393700,1025900,12123400,5011300,1629300,1064500,1196100,28352900,5967700,2959400,4042100,71592600,2786100,5669700,8517200,5890000,5454000,2500000,638000,3996700,12826600,4334000,14310300,11301300,4552300,12332200,4453800
2025-05-08,50478900,8816700,3819900.0,5994500,2861600,3383900,3598800,4824600,54231400,3618000,3007500,41043600,1073400,18460900,3418000,15344100,41861700,5227500,626700,5018600,5274900,12698400,2553400,2933400,30449300,1322300,3550700,37632450,1620100,15884200,1882600,4789900,16196700,9927800,8669300,4673600,1568800,3612600,19265400,1679100,3571300,3982800,1078600,897100,3481500,6135400,496200,2076700,6328800,107173400,9814600,1334400,5870300,12994700,4035200,14499500,57498700,1994600,20541300,3035800,4139598,3637000,4378300,71651700,1472800,7606100,8320100,906900,14371100,1626400,6162000,1093100,2405700,10469400,2004300,2131500,11279100,7143600,14622800,356800,2899500,7904400,2643800,15059100,6449300,23491300,17580500,13030100,9817500,37609000,19009000,920800,7344000,2084100,198428100,4858600,6113600,22520500,6392400,55669800,7230800,859900,3514500,5635100,2679800,8489100,1610700,2709200,1568700,4748300,8759800,8554000,1259400,14025400,3711500,1387000,870100,927000,30141500,4443600,3013600,3520700,97539400,1773800,5171200,7218300,6649600,4156400,3289400,637700,2940800,14967400,2605000,19957500,14461100,3160000,19196500,5580100
2025-05-09,36453900,7806100,6145200.0,4976100,1844400,2031300,3057000,3884200,31704300,3328900,2499800,29663100,913100,13289200,2704600,7669900,27222800,5710000,684800,3621400,3609500,8941900,1646200,3043400,17379300,787900,3846300,18053320,953400,7569300,1176700,4324200,17480700,6357700,5965700,3312200,653500,4535800,10438200,1399300,3036900,2921700,951200,948100,2581400,4079900,226000,2038700,4695200,76350700,7306000,1167900,3778200,13141000,4888900,8582900,32435300,1522500,11808300,1970700,2540034,2901300,3313500,51768600,925600,6520400,5087600,955000,11228900,1058900,4072600,978800,2053800,7037000,1528000,1917800,21360900,5136200,10427300,320100,2634100,5747300,1567500,15614500,4240100,15324200,13017600,17326200,8153800,25696000,13954400,639600,4600500,1715200,132972200,3634800,4707100,11651300,4770500,39059800,6453200,1298800,5506200,4733400,2396800,6217100,1140300,1499000,1024700,4857600,8210700,5910000,1470700,7407200,2982500,1612100,941800,758800,29206900,4131100,2318700,3278300,132387800,1524700,8655100,8381100,5619000,3086600,2167300,508300,1642300,10878400,1764000,11136900,13697800,2479300,10992100,4243100
2025-05-12,63775800,12792700,7198300.0,5958300,3271300,3157700,4449600,11724100,50543400,4216800,4450800,75205000,1358300,25437700,4089000,9340700,44875100,7345000,807900,6368000,6974200,18464100,4592000,3494700,43025800,3560500,6071500,24640338,4906400,8799600,2069000,5937400,23700000,20517400,8028200,5756700,1597200,7207100,18366600,1931200,5661200,3736200,1975500,2027900,4028400,3983600,507200,3542400,9911000,102035800,15649500,3390900,5468000,12935600,4618900,13160600,44138800,3527700,15483500,3831400,4278483,4609500,4617700,94578700,2037100,9023800,9603900,2110300,21539000,1944900,9176100,1364500,3496600,17456900,3000300,4137900,20947300,7069800,21965100,413900,4974800,16278600,3419100,21761100,9162100,22821900,27765300,18943800,19116100,64791000,29776600,1292100,7160500,2250300,225023300,8776900,7875500,17874200,8392700,77480900,7378400,1083400,10025000,10006500,4529700,11414600,2562200,1898300,1868800,4686400,17241500,9421900,1390600,12104300,6666100,2804900,909500,1359300,57106100,4810500,3716400,5373100,112826700,2080100,16210400,11004800,8336500,7985400,4135300,1377600,2095100,20160000,3227600,20425500,26783900,4783700,14244600,3453700
2025-05-13,51909300,7523800,6890700.0,6344700,2775500,2664100,4607200,8980200,55659500,2660700,4525300,56193700,868300,28790500,3531700,13509500,43232500,6340000,604900,4504100,7066900,12397800,4132500,3157600,27784500,3144400,5458100,20349291,3201100,8293600,2917000,6711600,18591200,19166200,8536800,5801700,1500100,2648300,14076700,2060800,7359400,3582900,1290900,3575000,3944200,4112800,774700,3438900,9604200,83671000,11879600,2250800,7188700,8443000,9527600,10427600,42382100,2765800,10569200,2726800,4093550,3521400,2122900,76850400,1529300,10549600,8589000,1804800,14389100,1666300,4523900,1859400,2963100,11920200,2370200,3018600,10992800,10361300,18570800,369700,3455700,11410600,4014500,23353200,6086700,23618800,28009100,22962500,16694900,39979000,17003100,883900,7415500,1929100,330430100,6642100,11955200,12907900,8650200,41193200,7780800,812100,4533900,5941100,11117000,10160900,1859600,1149900,1350900,4334700,11533700,9564900,1390500,9218200,7041400,3838100,1215500,862600,58767100,5471800,2726900,4712800,136992600,2116700,9837500,59478300,7031800,5406200,3391900,1224300,2645600,20069600,3284400,13635100,19746700,5328100,13350800,3336700
2025-05-14,49325800,12212000,6148700.0,5266900,2417100,2409200,5207200,7069700,86743700,3933000,4060300,38492100,944300,19751400,1954400,16872300,42419500,4887500,679200,6384100,5738400,11372000,2052200,2967900,28264100,2517200,3699300,19372772,2483100,7605200,2215000,7926200,34509200,13069900,6453600,7964700,1601200,4489200,15352200,1901700,4203200,2759400,1043600,2188600,3305100,3878500,590100,1886600,12273000,84453100,10292800,2238700,4764700,10047100,5648300,8949300,48755900,2874400,8352800,2587400,3432335,3634700,4025800,91584800,1409700,10216000,8643100,1171400,16286800,1941300,7558500,2129700,2291000,8654500,2237500,2656600,10608100,7455300,12348200,419400,3778700,9070600,2291200,23721800,6273400,19902800,28044400,15238900,18001200,39101000,13736300,1272400,7073000,1864800,281180800,6270200,7499400,8668100,10463000,59394000,5988900,505800,7699900,4953000,3215900,6971200,1509000,1664500,873700,4843600,12741500,9279300,1159700,10519500,8015100,2179200,1607700,1107700,31519500,5763100,3201100,4168900,136997300,2140200,6552300,40029600,6175500,6207600,2931300,1065600,2058700,20447500,3016200,14067100,25620100,5338000,15494900,3473400
2025-05-15,45029500,12073300,3463300.0,8406400,3050400,2763800,5823900,12811600,43843200,3995100,3115600,64347300,1253500,18803700,1955000,9583900,47379400,3890000,1156600,5040900,6941100,12627700,1580400,2455300,25853400,2723300,4002900,19370318,2226200,6696200,2470700,4635600,60718000,11223100,7545400,5850900,3211700,6579400,8322400,1629000,4177700,3711000,872000,2954300,2496500,3243800,429300,2300500,8463800,71096500,13149000,2624500,7207700,9678900,3494900,7286600,33146700,2428100,14689400,2830500,4385007,4856300,2563600,66705500,1794600,7945800,9214600,1129800,19817100,2279500,5212900,1758700,2489200,9058000,2034200,2928500,8416400,7310000,14341800,368100,4472100,8851100,2300000,15274800,7209300,21992300,24196100,17789900,13679700,44640000,14371100,1116100,4940000,2020100,226632600,5836500,10169200,10017100,9165100,51800100,8727300,464500,3163500,4959500,2372000,6941200,1434000,1301800,668000,6772200,13721900,8619400,1650600,11998600,5255900,1279200,1232200,1124400,35278700,4846400,4129600,5215000,97882600,3081500,5534000,121849200,4523300,5826100,2243800,811400,1935500,14608000,2396200,15303900,44026100,6642300,15004300,3536200
2025-05-16,54737900,6152800,3690200.0,7128700,3968000,5391500,2868900,16540400,43419700,2589300,2812700,43318500,918200,23094600,2962200,8496800,49488100,5012500,723600,4997300,7292800,14008700,2561700,2966800,18741000,2056000,4650300,22184637,1516000,6696200,2033700,3846000,30289900,10800100,8200100,4679000,2322000,3868600,10961000,1196900,2966700,3934800,1118200,2542600,2712200,3406000,589400,1997400,7844100,64913000,13552200,2272000,4651700,6398400,3904100,6099800,42846900,2021800,13167800,3129100,3072656,3817900,2330900,55795100,1422900,8051200,8932900,1132000,18441200,1850500,4645100,1319200,1818200,10100400,2225900,2636900,6589300,8015200,18519000,419300,4204500,5927700,2836100,15021800,6303800,23849800,22609300,12829800,11606100,46984000,12950600,1148300,5804500,1833400,226542500,6484500,8515500,7579000,8896400,37786800,7100800,460100,2768400,3803500,3242800,6668000,2437100,936900,664600,4776000,13109500,6566900,892900,12627000,4181800,1352600,1022200,1114000,31106000,4874400,2498200,4402200,95895700,4381400,4518700,71094300,6321200,5838100,2253000,812200,1505100,13407700,2412600,13864600,33746200,7154000,14042500,2391700
2025-05-19,46140500,5216700,4904700.0,8012800,2247300,3008000,1909300,7465700,37737400,2189400,1733400,34314800,732600,15355500,2751300,5740200,37915700,3967500,495000,3441500,7933900,12691700,2277700,1579900,19197100,1242600,3769900,15132728,1617800,7190100,1879800,5781200,16249000,7833900,7713600,6461000,1273000,2724500,7209700,1113300,2773000,4010100,1132700,1329200,2651900,2864000,412300,1482200,6429400,60195700,11107300,1852500,4734400,8561400,4160600,9406500,30426100,2842100,10086900,4428200,3623527,3198600,2731500,64279100,1420400,12639900,12145000,1142000,13282800,1640500,4062700,1199700,3387000,9222300,1875500,2748600,8220200,6356200,9592400,389100,2613600,6318300,1987500,11682600,7703500,21336500,14380100,14438400,11507100,28534000,15105300,959000,10356000,1630700,193154600,4691300,10268900,8309800,9406200,31513700,8119900,720100,2880300,3879700,3770000,7241100,1367200,666300,789600,5180800,9568100,6797200,1662500,10077300,5997500,1591400,725600,1072300,30996600,5118900,1665000,4238000,88869900,2190000,6460900,62524700,6217700,5081500,2282800,750100,1182600,14778600,2548700,12720500,20041600,5044800,16802700,2077400
2025-05-20,42496600,5505100,6607900.0,6455300,2930500,2453000,2408200,5372400,29030800,2188300,1755900,29470400,1050700,11787200,2706600,5876000,33424300,4460000,536700,3737000,7906900,8930900,2266000,1902500,18785200,1329700,3941800,15010556,1389200,5313200,2271200,4032300,14995200,7395700,6503900,11479600,1250500,2873100,6433300,933700,4459300,2171900,891700,1221200,2770600,2336500,296300,1654500,6025600,61063800,7848000,2437600,4311000,10712100,5663600,6565400,46607700,1601600,9841400,6287400,3536950,2437900,2150800,48497400,1234600,7351500,8436300,949200,12137800,1329700,3873500,1058500,3459500,6913300,1964300,2035000,6145500,6235700,6743500,327000,2529700,5819900,1431700,13262400,5220100,15441800,12331300,8046700,10598900,21331000,10771800,1001400,5375000,1198400,161514200,2781400,7576400,5922200,7624200,57047500,5576600,856700,2689400,3787600,2831700,5269500,1370400,1102100,947700,4998600,9310600,6533000,1949600,13192100,9612400,1661800,1279100,1047400,24966600,7061100,2142000,4787700,131715500,1729500,5289200,41487000,4671800,5281400,1908600,651200,1510500,12189900,2681900,10655600,15609600,3538600,12429300,1780700
2025-05-21,59211800,5140900,6687400.0,7209100,2788000,2495800,3340400,5658600,43594600,2559700,2231500,42460900,605000,17642900,3447500,6616300,55594100,3272500,696000,3815800,8076000,17143800,2093400,3019100,22318800,984400,4569200,18449390,2221600,8639100,1438900,5689800,15595900,6199700,9073200,7410200,1060100,5613100,10150600,1131100,2769900,2880400,1200000,1540000,2243600,3198500,793700,1725500,6893500,89090500,11012400,1684400,4631000,7968900,5567400,7515600,73416000,2635900,14240900,3966000,3831695,3753900,4479600,62904700,1507800,7032200,7464000,1236700,12094400,1867600,4060000,1435100,4541600,8082700,2505300,2386700,7243900,6250400,11464600,622600,2661800,7614300,2832200,11879500,6371600,19216900,15764300,16133100,12584200,29766000,17354700,902900,6298000,1959300,270608700,4534000,6011000,11243000,9243700,42984700,6424200,627500,2861600,6245300,7211900,9684500,2012900,1089300,713100,5514900,10875400,8581400,1449800,12564500,9104500,2158200,1501400,1459700,29684200,12025600,2965800,4110000,102354800,6081100,8977400,45506900,5298600,6125500,4223600,695600,1427300,16038600,2154100,17711300,15742300,4134600,16716100,2916800
2025-05-22,46742400,4689200,6451800.0,6277100,2996600,1889500,3285100,6355700,29252000,1919800,1969800,38938900,1016700,14340200,2051800,3634500,29026200,3400000,364100,3244800,7715900,12067800,2174100,2992700,15231000,1699800,5098600,15394996,1783300,6587200,1660900,6642700,15641100,10044300,8877600,5419300,949200,3104400,7903700,1172900,4702600,4574500,873600,1965000,3058500,3050900,413400,1677800,6790500,94081100,9415400,1512700,6909400,7069400,5069200,6378200,74864400,1939600,10709000,2957300,3093346,3091300,2896200,56077500,1129100,7535300,6514100,682500,11101800,1654400,4249900,885000,3116700,6241600,1869900,2642000,11530600,6956600,8228400,463900,2862800,5789200,2365400,11800000,5689200,18025600,13245200,40207600,8420900,18616000,16764500,922300,4282000,1526900,187344000,4038600,7603300,8588500,7140200,38602800,6245600,662200,3492800,4768900,3588100,9539100,1141400,867200,1198000,3790900,8440400,6596300,1349600,11507700,5055500,1903800,899800,1049000,25901600,5341800,2891400,3200600,97113400,4750900,7500800,27159600,5179900,4936600,3097200,934800,1618200,14947700,1987900,9717000,13712200,4059000,13417400,2913700
2025-05-23,78432900,4027000,4371500.0,6145000,2947200,2087700,1888400,5733400,30867300,2532000,1573200,33393500,527600,15385600,1724200,5255200,34875100,3810000,517500,3166800,5205900,9851900,1936600,1853100,15876600,1667800,6723700,14863310,2323500,6789600,1413900,8887800,15645400,8143100,7025900,5958200,850800,2814200,8086100,1151600,2683700,2108700,796000,2479600,4430900,1993300,441600,1432300,9679500,80519000,15295500,1496300,4234200,6037100,3804500,5611900,35211400,1530600,8119900,3115000,2691969,2722600,2248100,68206100,1138500,6727300,6671800,941900,12822100,1627000,2635700,866700,2958400,8276700,1948800,2701500,10093500,6737500,8454100,362900,2369800,4863100,1576800,10902200,3361400,16883500,16545000,17161100,10172300,21865000,14282400,679200,6940500,3908400,198821300,4007100,6527500,6511700,8122500,35405400,5349800,430800,3075500,6164700,2248700,8994600,1200700,656300,481500,5510000,7088200,5166700,1018300,10467800,3129500,1268500,1293900,1579800,31766300,8787100,2318100,4174000,84654800,1862800,7416700,16873600,3318500,5345900,2053000,816400,1427300,12393400,2183300,9260900,13668600,3077400,12061600,2732200
2025-05-27,56288500,5726700,7243800.0,5591000,3248900,2680400,2582100,8470400,37885000,2917100,1867000,34892000,788100,17941700,2604300,5857900,36322000,6442500,843100,4928300,6910700,12148500,2240100,2094800,27592600,1573800,6055200,23493740,1792900,7227100,1868200,10958000,17429400,7439900,8348900,5276500,1103500,2990600,10201100,1847000,3742300,4489500,894800,1938400,2592000,2475100,502000,1568800,8395500,89066800,11247800,1917000,7162400,7929700,4687600,8936800,37995700,2364700,18412300,3998500,3279339,3284200,2831500,69504600,1244600,6990700,7506600,1292500,10666100,3330800,3792700,1548000,3418200,9530200,2655200,2526700,11214300,6600500,9508400,456300,3155300,5216200,2480000,11884500,5472400,20974300,17612600,10910700,10620600,29205000,16642100,868700,5512500,2620400,192953600,4487800,6976800,7682400,13974800,36155400,11423800,564300,4067300,5847700,2832700,9788800,2728400,876100,944200,5160800,10922300,6808800,1260200,17574800,4316700,1929600,875300,1099100,33329200,7198200,2705700,3717400,120146400,2372000,7939400,20144600,6117400,6316000,2426400,2494500,2048300,12873700,2342700,11014100,17180900,2578600,13043600,2323100
2025-05-28,45339700,4787800,4752200.0,3622100,3437600,2246500,2426900,6727200,27483700,3863800,1787600,28549800,1454900,20443000,1676900,5481500,35673800,4715000,367100,3613900,6364700,9993200,1924400,1901700,18060800,1157200,5288800,21086267,2297700,6793000,1674700,12758600,13814500,9157600,6876300,6772800,739800,2879200,5787900,1840700,2797700,2280600,784600,2158800,2372400,2260600,373000,1982700,4359200,102335600,7689500,1247400,9570500,4598300,3466100,8419600,34784000,2001900,20233400,2986100,2740245,2318400,2297700,46096500,1012100,8459300,5535400,905700,8710900,2692900,2948800,956500,2214500,9464100,1702900,1935600,8292900,4550200,9042900,614900,2297500,4767100,1513600,12293200,4050900,17086300,10500300,7835700,7595100,18559000,10015600,924300,4966500,1548800,304021100,3306000,8090700,6722300,9431500,36737200,5385900,469200,4580500,3286500,2006400,7032300,1983700,1008300,938300,5426300,12328500,5792300,792200,11032000,5217900,1488400,877900,1158200,32270200,4344800,1931400,2468600,91404300,2077600,5752800,16114200,3816500,3299000,3125200,2022400,1209500,12783000,2244700,8711100,11220100,2425600,14292400,1723700
2025-05-29,51396800,4925900,4680600.0,3078200,2557800,1780400,2297600,6845600,30501400,2801900,1790600,34650000,1291800,20743700,2362200,16334000,28545100,4840000,455500,3656000,7128900,11879200,2290300,1811300,14925700,1745700,4718600,24132339,1486200,6999800,2016700,28053100,13982800,10632800,7554300,4612200,994200,2814500,9682100,2204600,2292800,3517100,1036300,1629200,1988700,3421100,290600,1617500,5312400,101642200,8927600,1461700,5243700,5596800,3171900,8400400,29317300,1736100,14722900,3034800,7151246,2295000,1789700,66372200,1139200,6810600,5081200,932300,10291100,1306800,2785500,851000,2739400,8238500,1347800,2248800,6573900,6967400,8858800,689300,2621400,5321400,1961200,10785200,4337500,13974800,14628700,11570200,9183300,33007000,12218000,864000,6329500,2437400,369241900,4850700,6994700,5927100,6656900,26091400,4842500,486300,4585600,5727300,2609900,5980700,1426500,756700,845400,3634700,10308700,7800000,726400,9902900,3670400,1337300,650100,840300,27189100,6410900,2499300,3127400,88087800,2137500,4533800,16221100,4593900,4590400,2567600,2118500,882500,9960400,2720400,14016600,14338000,2024800,13825300,2450400
2025-05-30,70819900,11609000,9562900.0,14236800,4012700,4231300,3896600,15273600,36088500,5439200,5861500,51679400,2872900,27088600,5251700,7485100,66537500,5817500,1061000,9153100,10524900,12512200,4867100,5068700,22350600,2732200,6317300,33772791,4721400,20170600,5403800,12388500,25829000,13309100,12858900,9415800,1686500,6514200,12881100,4130900,8078800,5555200,2497900,3195000,4057200,5536300,973100,3788000,20942200,152191600,17241200,2339100,9143000,11913200,8115700,17722800,52639900,2129500,34033600,4110400,8805876,9668900,5439100,114281900,2091000,15529700,10977700,1717700,28019500,4344700,6106200,2196300,4127300,19191600,4581100,4062900,10845600,12140800,16241000,653600,5339800,12772800,4475400,20641500,6436100,34770500,23758200,18802700,18835600,46968000,18155100,1304500,13319500,3548200,333170900,9971400,17547900,8919900,12992100,56618600,12587500,1042600,7261600,8506100,4559900,13755600,3481600,6313100,1520900,8195100,7394100,11834400,2509200,20668300,10682400,3546200,2142200,1993100,47964900,9364900,2521300,8313500,123474900,3647800,15101100,16309300,6763200,8726900,3870500,1480900,2581700,26569500,7389900,17042000,29980100,3985800,28645800,5467800
2025-06-02,35423300,4435600,5223100.0,4464000,2340400,4153700,2318100,5875300,34078400,2394000,2142600,29113300,1346400,19197000,1751200,7561800,28582600,3417500,425000,4914000,5005100,9073400,2552700,2935600,19914900,1247800,3152500,26976748,2150100,8634400,2148000,9213500,15816000,6674500,9076600,4643800,993700,3027700,7546800,1340500,2820300,3418100,990800,1767400,2102100,4151400,338000,1929100,4313000,170340800,15316700,1374400,5450800,9987000,3820400,13019200,38612300,1221200,16272700,2506900,2685815,2831900,1854700,67885500,1059400,6669300,6011200,864600,10202700,1865400,2946900,1154200,3890400,8246300,2089100,2577000,9310200,5004500,15766300,441800,2825700,6413400,2960500,11271800,3607900,16626500,16850300,9366900,14953200,22942000,14065300,765300,5013000,7457300,197663100,4573600,7166000,8003700,6723700,30443900,7574400,628900,3958700,4627400,2841300,6419500,1959500,2944300,862300,3946200,8258900,6012600,1990600,12681500,4338600,1156200,915900,852700,26935200,6271000,2584000,2578800,81873800,2472600,5648300,19074400,4274800,3845700,2824500,818100,1179000,11873300,2094300,11237500,16999200,2506400,17290500,2550100
2025-06-03,46381600,5335600,5809300.0,5914900,3678200,2737500,2423200,6355400,37161500,2320400,2035500,33139100,1395600,30380200,2202400,8106100,31320200,5310000,495700,5923100,8429800,9802600,2614300,2867400,21199700,1321100,4775900,23528310,2745700,5642900,1992900,7838500,15156900,6453600,9001300,4737200,1107700,3525700,9738800,1363600,2609600,2863800,1431000,1911600,2626500,3279200,535900,1978900,7448100,121584300,11741400,2351900,6456200,9884000,3393700,12403500,45084900,1730300,16984100,3359500,2980455,2494700,2387700,80401900,1714400,8209800,6998400,943200,20139800,2606600,3056500,1032300,2456200,8920700,2116900,3028100,16323000,5156100,11585000,372100,2343300,6785200,2004700,18139200,4145600,15743800,22757600,11014300,10257300,23638000,10286100,578400,5118500,4854700,225578800,4757800,7155300,12204400,7339500,37887100,6223000,808100,3423200,4940400,2065500,6164100,2024700,2141600,1032200,3493900,8287700,6124000,1792800,16171900,5353800,1651900,1397600,1100400,26085900,5132600,3204100,3630900,99324500,1832200,5612600,12805700,4098100,5221300,2310700,1095000,1683400,13140900,2407500,13193500,15598600,3344800,19194300,3149000
2025-06-04,43604000,4382200,4501000.0,4057000,2337800,1843400,1950500,5990600,31025000,2338300,1579000,29915600,1401300,31536000,1842100,5705300,30591700,5230000,491700,5297600,5682000,10119600,1616300,3852500,21135600,991200,3948400,20493549,1837000,7268000,1422100,7372500,14770900,5854100,8735600,5398000,992700,2596800,5614900,1609300,3288300,2927900,892300,1083800,2481100,3333900,573300,1669500,5537300,123191200,10979300,1437000,5811500,7963200,4287300,9889300,26900800,1294900,13250300,2428800,1944495,2588600,1869900,71166500,1147200,6983900,5915700,839500,13565900,2092600,3135900,1273700,2301100,7992200,1530200,2069500,9193300,5978000,14031900,432500,2346900,7602600,2582200,13009300,3123200,14162700,14595900,10894900,8566100,23594000,10242300,766800,3589000,2248800,167120800,5147700,6375800,11577600,6519700,24500100,4939000,334600,2436300,5684800,3686100,7143800,1136200,1870700,872400,3200400,8740900,5543700,1557000,13545100,5816000,994700,712300,838100,33913500,4437200,2280700,3413900,98912100,1757500,5780600,11255600,3933800,4202300,4458400,973600,840100,14360100,2572500,29578000,11115600,2286100,15648500,3086400
2025-06-05,55126100,4417900,5858000.0,5581500,3787400,2275500,2034700,7386800,34091000,2522400,2526800,51864200,1151300,41970900,1696900,4733800,32020900,4642500,479400,5154900,8242700,14760500,1753300,2989800,23975700,1682900,5123500,20115297,1958100,5110200,3289400,8642900,17025200,6599400,6342600,4821500,1126000,3096500,8547200,1555500,2443000,2610200,1006700,2130300,2823500,2697500,605900,1600800,5804400,133191400,17270000,1961300,4188200,10819400,3709800,10095800,36379100,2086700,11479800,2324100,3447826,2658400,2438400,72458400,1243400,5295400,8173800,1618900,13531400,1679000,3636400,1063100,1985100,10907700,1480000,3813500,11875600,6266000,13083100,288400,3568300,9055200,1532900,13983700,6193300,20131700,28833700,10967200,13470200,28172000,12336300,634300,4512000,2429900,231397900,4883500,7707800,7011700,9560800,33173600,10351800,638000,2632800,3570700,2836300,5605500,2207300,1791100,865600,3510800,8476100,6172100,1438700,11545800,6725100,1065900,837700,904800,29186800,4693600,2504000,2855300,287499800,2340200,6017700,13529000,4584200,6881900,1845400,724400,1400000,12095900,2560000,20138400,15817100,1841200,13924800,2774000
2025-06-06,46607700,3607800,9053500.0,3867700,2309500,2146900,2045100,5717500,27042100,1996100,2516300,39832500,1078600,41146700,2099000,6079700,37013000,4352500,627700,3948300,9114400,11515200,1608000,2805500,16655100,2048300,4716500,14674558,1635900,6042100,1855400,7507000,20943800,3265800,6563500,4402700,1473800,2802200,5790700,1748400,2094600,2783800,606700,2749700,2668600,3055900,294200,2206400,7264600,105916700,8501800,1684200,5796700,5263500,2929900,7949200,35731800,1675900,9137900,2349700,2350858,2495200,3245200,70072800,1104200,5391500,7738100,996300,9524000,1352700,2069900,714400,2216900,7877800,1528600,2622800,8884500,6279500,11728000,274800,2297100,4858300,1351700,9863100,5004400,15285600,20710100,9286000,13368400,25570000,13299600,372400,4798500,2061200,153986200,4841600,6833700,6850100,7628200,30426200,5697700,387700,3644400,2647300,2821100,5794700,1949400,1497900,750600,4511000,8772900,4858800,1495300,10410100,3995800,1303800,624300,709000,22403100,4612900,2630000,2022500,164747700,1497000,5338800,12589000,3043400,5008500,2607400,729700,960500,10135200,1912800,10988000,15599300,1876700,15487800,1505400
2025-06-09,72862600,4661500,3990000.0,6630100,2291300,3034200,2418300,6320000,55437700,1967100,1777800,38102500,1101200,25334100,2097800,9419200,32414000,4982500,420000,3987500,8560600,9288000,2147100,2643200,17924500,2312900,5893000,16065072,3020200,6212600,1696700,5728300,13689800,3684000,7159500,5535100,1101000,4119400,7960400,1689300,2407400,3042700,1453100,1605300,3303700,3647600,336600,1621700,8034400,63638900,9938400,2146100,5771600,6153000,4843700,6467700,28935900,1610700,15052300,2619700,2717327,4331500,2776000,92893900,4806200,5319000,8285000,1529800,12281300,1616000,2262200,1064100,2523400,14496200,1936000,4059800,11974600,4182000,12773200,285300,3401900,6357500,1895800,18305800,4838600,16469900,20159700,7062600,8173300,24031000,11640000,617700,4539000,1642500,185114500,5659200,9668900,9766700,8453100,42542600,6544200,475400,3032300,3114500,2804000,10589400,2113300,1983100,974200,7104300,8097300,5117000,849200,12437700,3907800,1139000,743700,943500,23353600,4754800,2164000,4538600,140908900,1426200,6869700,12170300,4037200,4999900,2615600,655900,912500,13399400,4401300,13453200,13655700,2509500,17087300,3583000
2025-06-10,54672600,4087500,4138000.0,3579400,2356100,2627400,2730500,5711600,41691900,2441500,1625000,31303300,1340900,25491300,2045300,8190100,32229100,4465000,478700,3951500,8711400,10942400,1894300,3863500,14021800,2228200,4533200,22664040,2640300,9687600,2255000,6309700,17214900,5529400,9841500,5926500,1294000,4626200,18948400,1766400,2095400,4231100,1431900,1676800,3314500,4952200,439500,1882100,6366100,87955500,9460600,2034000,11230900,8870800,5281900,7942600,61766100,1376400,17767100,3014900,2827671,5163500,1898200,171457000,2027600,6791600,7538100,1515500,12265000,1859600,4744400,1150400,2174400,11118900,2133700,4698700,12064800,4827900,10850100,295200,3129200,8697200,1976000,13254100,3816900,15375900,22949400,9888000,10582500,44544000,15287000,535800,5946000,1881800,155881900,4739200,11056700,9153400,11852900,40439200,7680000,457400,3771600,3225500,2314600,9068400,2025100,1175000,1081900,6303500,6911100,5438100,769400,15648900,3969000,1328400,855100,952200,39959100,4684800,2573800,3766900,151256500,1596600,6247700,11384100,6902500,4109300,2150600,694100,1286900,13724100,2394500,14892900,17162500,2640400,17634800,2741100
2025-06-11,60989900,3908000,4020200.0,4100500,1859000,3385400,2193100,6133200,32261900,1828300,1577900,39326000,1069800,24599000,2013500,5398800,47873500,6570000,645700,4595900,8453700,9030500,2551700,3617200,21334500,2210100,5353800,20289859,2749000,8738500,2459800,6568100,20442600,7422100,9256700,5298100,1037000,4491400,10439200,2042300,1929700,1749600,1356100,1247800,3488600,3893000,547400,1424000,6526100,93094900,13530900,1927100,6940800,6413600,4230100,10605800,31646800,2063600,11920200,3793500,2645816,4656000,1677200,146784500,1676800,6016000,7434100,1650400,12718500,2734200,3125400,3618200,2378000,10646500,2238100,3312100,12731500,6854400,9582500,442900,2904400,9052300,2019200,11803300,5810200,16399200,21614100,12000200,11461300,23823000,10238700,895200,3714000,3617300,167694000,4193800,18002900,9400300,9168400,38558700,5960100,511800,3454900,3947300,2413800,8859900,1981300,963100,725600,6370300,14835500,6761300,1115300,14446000,5151500,1486300,949600,792300,32164500,4145800,3062700,6709600,122611400,1277500,5062100,14711400,4917400,5562700,2400700,718000,1016500,14602100,2002800,16442400,16389600,3190900,22648200,2473700
2025-06-12,43904600,5781400,3461000.0,5089100,2194500,6313300,2125000,4468500,44718400,2159700,1738000,27640000,678400,20410900,1604500,30586600,30165400,4832500,558500,3535200,9101200,6739700,1571800,2803800,22811700,2074400,4701700,15181916,2194200,7862300,1720100,8054000,15160800,6562300,6999400,4955000,797000,3661200,7980300,1924700,2432200,1926200,1156600,897900,3605600,3318600,493900,1777300,7719700,76393300,8750100,1860500,8946600,7026000,3881000,6602200,20941900,1634700,9118500,2921900,1696327,3418000,1841500,78175900,2392800,7075500,6618000,1091700,12806900,1572800,2271100,1700600,2485900,5989700,1984000,2584700,7700300,6146800,7322700,239500,2069700,10489400,1726000,13169200,4258700,18950600,17076500,11022200,12938900,20846000,9830500,635100,4241000,2132400,162365000,4266800,54610000,9681800,11444900,42465400,6509900,493200,3526800,5621300,2442400,5689400,1524600,873200,598400,4664400,7183300,4380400,888500,10046700,7122500,1565000,1321400,877900,23311700,4087600,2067600,5369000,105127500,1441000,3257600,15957200,3106400,4874000,2124600,844700,1074500,22370500,1562700,14522500,17845700,2569200,17469400,2334600
2025-06-13,51447300,4965700,5090900.0,3928900,3102600,10629700,2389500,5297100,39702700,2191200,2455600,29337800,932900,19028400,3405600,16093500,43281700,6550000,674300,4001000,10330800,11987200,1609600,2301100,36875900,1866300,5332000,18342264,1576400,16849700,1786000,7659300,14635000,7562300,14148000,4289000,824500,3391400,13204900,1520900,2789500,1703900,1221100,958500,3368300,7915200,502400,1565300,5163800,90106200,9722100,1888400,7420300,8150100,4344400,8701700,27663100,1674800,22834000,3364400,2649317,3243800,2500300,87655900,2183000,6587500,7098300,1832200,17467200,1415800,2754600,2729700,2425900,10979000,5905400,2435500,9841200,6528800,9274400,250000,2450400,10174000,2705100,14550500,4367500,16814500,17453000,13213400,19690200,22103000,16509700,1844000,6661000,3304200,180820600,4854100,53707400,23657400,9581000,46368400,7104500,682700,3359400,5505800,3074600,8446400,2791300,951500,696500,11765200,7119900,8938900,2797900,15387400,5059000,2090700,1343000,876000,22428200,3786600,2385800,4379800,128964300,2011400,5138200,13762400,4240000,14181700,3758300,621700,1021500,13544100,2487400,21168300,18694700,2861400,28540200,2973500
2025-06-16,43020700,4203900,3406800.0,5084100,2930000,6798300,2790700,6712900,100968500,2047600,2424500,33284200,889400,20363000,2307800,6902700,34103600,5607500,522400,3937600,9288200,10396600,1579800,4456700,32993500,1225800,5710500,19551175,3208600,10330400,2109300,7177000,16957700,7578400,10105100,4208200,1278800,3143400,9592100,1394500,3276000,2621800,852100,1709300,2853600,5142500,543100,3393400,4796200,75195200,10508000,1902400,4505600,4740600,3922200,5884700,27389200,1870400,23032400,3688600,2587779,3685300,2150700,86745100,1514600,7024000,8566000,1619400,15045900,1586500,2821800,2766600,2392500,11642100,3108200,4045700,9211800,5516000,13720300,328500,1681300,10536900,2885800,12569400,6240500,15626100,21374100,14546000,15104000,21128000,13681600,1168700,6154500,2517300,183133700,5060600,22665300,19689000,11183700,35102100,6332000,636200,4537500,5188000,4164300,8686300,1969100,1325800,669400,7986100,5871000,7396200,1706400,16121500,5374100,1753200,1011600,965100,32761400,4930200,1973200,3777800,83925900,2220100,5864500,14240100,4293700,7234700,3427800,664600,1029900,20449300,2207800,16231500,14881700,3343500,22986100,2472900
2025-06-17,38856200,4733900,4773800.0,5010800,2533800,6866300,2418700,6631400,86623900,2515100,1659500,32086300,1154600,22014300,2625800,10844600,27489600,4905000,624800,3956300,6858000,8078600,1560100,1881200,25124100,1114500,5145900,17498160,1795500,9468100,1668200,9110100,18845200,6094100,11330300,11059300,862500,2968600,9241200,1185600,2344100,2251400,967000,1279700,2788000,4563500,606700,1870000,3676700,100969400,10291600,1778900,5720500,7460400,5867300,9078700,24973000,1479300,20210400,4230100,3294829,3069600,3230500,87512200,1506000,6407100,6739300,1334000,15437000,1272700,2875600,2191200,2518600,10229500,2246600,3379000,6922900,7817700,10066100,329100,1739900,7222400,3850800,14040600,4767700,15414100,20837700,12971300,11622200,18921000,13649700,764300,4099000,1855500,139108000,4274000,17819200,16066800,10235200,40408800,6809700,623900,3068100,7427900,5513800,7146900,1366800,890400,559800,7251800,6183000,7077400,1593300,16172900,4413400,1388000,1197000,1338100,35258600,4264600,3040400,12423600,88282700,1713100,4656300,11593900,3800500,5559600,4292500,662500,1363300,23028200,4055700,14156800,14935600,3460200,19451700,2199300
2025-06-18,45394700,3573200,3702500.0,4950400,4593100,4808900,1893500,4946900,49627100,2026800,1665700,44360500,718800,30435500,3691500,7928300,37684700,4525000,662600,4893600,5188700,14866100,2000500,3549400,19275500,1170300,5107000,17338217,2539500,9116000,1509600,7628000,22664200,5209800,9841900,10128600,959700,3236300,8181200,1470300,2937900,3227000,1150600,1155100,2429500,4553000,550200,2969000,4343100,82770200,6185500,1518200,7761100,12894800,6745800,8418000,28707500,2423100,15908600,4453900,3817796,3534100,2055300,94200600,1173800,8325200,9586400,1431500,16227600,1223200,2442900,1871200,2528400,9373900,6966800,4008700,5642500,7003100,10068300,373100,2629100,8262900,2593700,23803400,6170400,17526500,20180000,7203300,11472900,22810000,14194300,792400,6047500,4038500,161494100,4413000,15055400,15678200,8785800,37076200,7211200,478700,2599300,6063400,5788600,6708700,1767900,841000,662300,7116900,7319300,8081600,1451800,17588600,5189700,1476100,1103900,854700,27985500,4924800,2884300,5600300,95137700,2510600,3742000,12205600,4363000,15008600,2872700,952700,1380300,18654200,4257000,23498300,11333700,2917100,17968900,4662400
2025-06-20,96813500,12158100,7968000.0,11338200,11697400,8126900,4085600,18396600,79931000,6801300,4018600,75350700,2050300,42134900,5687000,8934700,64591600,11047500,859500,7620400,11349500,17336500,6268300,5035100,23641100,3249800,9573100,45554391,10645700,16026400,3255700,12859200,50421700,11829900,23705900,14473100,1389700,6590900,17180400,2641300,6203100,6574500,2397200,2950400,5780000,11229400,788100,4407100,12635000,116743400,13986900,2248200,9142100,23268100,9877500,22249800,75659900,4115400,22548000,8056500,6233481,7677000,3910100,133472800,2829900,22605500,13969700,2347800,40859400,4365000,6210600,2419400,6148400,22925200,8202800,7085000,19067200,12997700,22538600,954300,5566700,23289800,6556500,34052300,8904400,37576200,29290400,15182700,24148800,53482000,19084000,916000,10038500,5239700,242956200,16937600,20879100,23635500,23001000,63098100,16173400,864700,6746300,10765200,8494400,15501900,3508100,2259300,1083800,9220600,9197000,12981000,2707400,30021000,10746100,2806500,2079600,2014500,51495200,6729700,3812600,8936700,108688000,3448500,12910000,16177900,11096600,19332100,5438600,1953600,2167300,37068100,11336500,27677500,20604900,6825600,36273300,3296100
2025-06-23,55814300,5157900,4250200.0,4887200,5454900,3841800,3327700,6838800,65152900,5764900,2618000,37311700,1133000,19747000,3101700,5875200,42683600,4390000,642900,4141000,6203300,12007200,2927400,5335800,43972100,1248100,5095600,30696630,2363200,9749700,2082900,9283800,34030000,6845200,10540600,9467300,1261400,3943100,8348000,1183200,2440500,2752000,1089400,1419900,1901100,5080000,693000,1397800,5131200,77576500,11692400,2045000,8052000,8173400,6469000,10626500,57671000,2020800,22918200,3862400,2737062,3786200,2017400,81461000,1218500,7397900,8094600,1427700,21822800,1611000,3951500,2666400,2639500,12551300,3681100,5172500,7498000,4783400,11080100,438400,2904700,8956900,3356800,18553800,5232400,24864000,23399200,8671300,12422800,26673000,15921300,978800,5499500,1789500,154308900,5171300,13418400,27895500,12840400,31959100,6588200,499300,3118900,4308700,4503100,6860700,3017800,1076000,575800,6548500,7533000,10245900,1600800,25846100,5907600,1340500,2134700,1281800,32957200,4072700,2486100,7469000,190716800,1719000,4565400,12274700,5077200,7553300,3229200,930400,949800,16014400,5187400,17375700,20432400,3404800,26631100,2392700
2025-06-24,54064000,4074400,5045600.0,9894700,4940500,4797100,2260100,7254500,78572000,3686900,2219000,38378800,1580700,32764900,2805900,5900900,45437600,5850000,699500,5111700,7160500,18393000,3841800,4688600,70082400,1328300,4556400,25948907,2344500,11016200,2385100,9713900,23162700,10270400,10778400,7600600,1215600,2739800,8350200,1558500,2477800,3883000,1024800,1068500,2723100,3980900,436400,2977800,4835400,77244400,10817900,4670600,5255700,7916700,6897100,12550400,40524300,2307800,19642700,4089600,3802412,4219100,2101700,130368700,1593600,9544200,9267900,1145100,15216100,1470600,2788500,1970200,2210000,12838800,4503200,4461200,8422200,6374600,13823200,548000,2700500,5767100,2875800,15906400,5599900,22305600,26420600,9001300,14906800,26633000,12564000,930600,7570000,2039100,187566100,5388600,19030600,20545100,9226800,34404200,7470100,605900,2990100,3184200,4171300,7692700,2397000,970600,787500,8242100,11373900,9769100,1585100,24521000,4558100,1559200,1023700,1746000,26007000,4546200,2083000,5128400,114736200,1943300,7597800,8781400,3686800,10172000,2973200,907300,1068000,16716300,4939900,16342300,22403700,4276900,24828300,4554500
2025-06-25,39525700,4471100,3765600.0,5507500,3164500,3718800,2193000,5431800,74607200,2740300,1727300,31755700,1617300,18894200,2467200,4690900,33532400,4432500,661800,4260600,5691700,13221900,1737700,2327200,27543700,1434900,3571100,23071741,1590000,8380800,1827700,6074300,19395700,7573300,7386100,4113100,1189200,4379600,6976300,2964200,2966300,2239100,883200,1228400,2589400,2799000,1352000,1930200,4607400,91927300,7114000,8103700,5197400,6053400,13275000,6906500,35479000,1566400,14342600,4159600,3187032,3862300,1560700,64975100,1178000,7153700,6826900,772000,12540400,1608900,3023100,1265500,2082900,8690500,2889200,4259800,7586600,5384700,9320400,489900,2378000,7040700,2006900,12753200,5736400,17495100,39407000,12839000,8539100,21465000,12186200,724600,5968500,1713600,269146500,8468700,11804600,13625500,10922600,25603300,5933700,486500,4926000,5113000,2866900,5280100,2785800,639500,646300,10395000,6929600,6585800,1614600,13448800,5548300,1380400,1059900,1916000,26189400,4669700,3100800,5428600,119845100,1526800,4748300,8722100,6058100,6836300,2327800,1434500,1077100,15599700,3107700,13954500,11154700,2445900,17483200,2974800
2025-06-26,50799100,5734000,5138300.0,9452900,3634000,3139700,3001700,5199700,58180100,2998200,2040100,50480800,1462800,23569600,3255200,6931700,40127000,5482500,631200,4212900,5071500,18600500,2575100,4204200,29096500,2453600,5813600,17958250,2428700,6545000,2262800,6708000,23154000,8099800,7415700,5695100,1199400,5685500,10439600,4734200,3143600,1455400,1752000,1367400,3019100,2705300,4005300,2284500,4543400,88416400,20484500,4787100,6790300,6311700,7688700,10386300,31796700,2849500,9830400,3187900,2790324,3621100,1504500,63229300,1966300,7156900,8942100,864700,14454100,1983000,3118200,1590100,2254700,9477500,3764100,5354900,7060700,6805800,13964800,444200,2740100,6974700,1711300,13760100,6013200,21578900,62678100,8010800,9279200,26059000,39659800,876400,6022000,1838300,198145700,6188400,10531100,11949000,11538100,31835300,7410400,844200,4506500,5847500,3066300,6278200,3838600,965500,1098600,5407500,6571600,11575300,1724300,14211000,6003400,1788200,1301100,1473300,25118500,8415100,2927700,4342400,80440900,1667000,4579200,6532700,4161700,8829500,2743700,901400,1169200,15870000,3152100,18214800,19361400,2166200,18304800,3122700
2025-06-27,73188600,29264700,4930600.0,9513500,4159500,5083800,3457500,14202800,61937900,2894500,2086300,119217100,2433400,27477600,4605500,14805400,56705000,7440000,799900,6129300,15637200,21872400,4455000,3004400,46846200,3402300,6946200,28744873,2682100,7555700,2129200,21741400,26224600,5937400,9213500,6225500,1835500,5619700,13435600,2658900,3578700,2316500,4155700,1774400,4287000,4187900,2193300,3704400,7322600,182008200,13661000,4052900,26988000,19545200,9005700,10695800,108140200,3650500,12372000,5503700,5299165,3562500,2137100,95542400,2016500,10010800,17868600,1175500,23470700,2643200,4115100,1996400,3256700,10781000,3837500,7422200,6885600,9119500,18775700,448700,3938200,11502900,8636600,60202500,7249300,34539200,36888600,14275000,16613800,40709000,117530300,874400,7571500,2860500,263234500,5318600,14127500,20707000,26536500,39528800,19257000,1044200,5732900,7053300,10132700,22100300,12060600,1607800,940400,9173900,21491600,9335400,1366900,17166000,5228200,2029000,2251700,2216600,37337200,9786300,3923100,6496300,89067000,4576800,8585100,15304400,5869900,6601900,8049500,2119900,3615500,21439600,3373600,21324200,31431900,4020500,22002100,2987800
2025-06-30,91912800,6482600,3665900.0,5749700,3136800,4645500,3246300,4070700,42972500,2963500,2071800,58887800,1286100,24708400,3416600,9087100,47921200,7192500,530400,6384300,7006500,18035200,2791400,3899200,32239400,4328600,7782700,19729257,2473000,6518900,2127600,8541900,32561200,6047100,6980300,6009800,1408600,4537400,13456200,2505700,3486700,2698400,1626400,1728400,2277900,3491200,1066900,2212400,7186300,88472200,10256300,2599800,8135800,6602300,7556500,9634700,63378900,3976400,13516800,4600700,4308721,3495400,3214000,77102400,1584100,9039300,12689200,786700,15429000,1856200,3041500,1205600,2735300,8218300,5054600,5054800,5861600,9028300,15402100,374000,2302800,9462300,1660900,13895200,8034400,28369000,22799700,20894500,10061300,32829000,31090400,644100,5046500,2578600,194580300,7304300,31844200,9624100,11402400,44730900,11238200,1056600,7418000,5254100,2060700,7988200,3292800,1013200,698700,5939500,10083300,9525100,1809800,13101500,4924600,2060200,1496300,1151600,42590800,6228000,3919100,5118400,76695100,3236600,5319900,10074100,5446800,7080100,2413500,1097900,1114600,22796000,4618400,21685800,17803000,4116000,19199000,2826600
2025-07-01,78788900,5937600,3919600.0,5337600,3565600,4516400,3516300,6572300,55257200,3502700,2567600,39256800,1324400,28847600,3836200,5978900,48540900,5652500,472900,4776000,8531000,17088900,2393600,3405600,35589200,2684000,6022800,24388953,2010200,11895200,2200600,6256800,21939500,5673400,8508200,5922600,1375200,3976000,9815700,2250400,3498600,3285400,1056500,1703300,2724800,3680300,971300,2407800,7123400,140150700,9385700,2720600,7178300,7677200,8647400,13748000,35904500,3301000,15684200,5152600,4160605,3272800,2223700,79094900,1649300,10896700,9338300,1079100,21729300,1856300,2734000,1242800,3974500,9760300,3827000,5121900,8034500,12038700,13431200,458300,3781900,7656800,1949300,21800800,6166700,19945400,24825800,23841100,10559700,49936000,27512900,651300,6220500,2092900,213143600,5686900,16962200,10608100,12846700,59259900,10664900,720200,6626300,5176300,2731500,8942300,2820700,1200700,1056100,4819500,9828400,8199600,2310200,18964600,7399400,1772300,1193800,1200600,25976400,5126200,2603000,4536400,145085700,1932500,5856200,17865500,6819300,6653400,3578300,885000,1146600,19233200,3232600,20967100,15635800,3711900,15536900,3926600
2025-07-02,67941800,4658200,2668000.0,4319600,2748500,6912200,3259500,8800600,39228000,2287000,1937900,30894200,1113800,17582100,3040200,5870900,48003600,5285000,495000,6707200,6514700,13420200,2713700,1951500,33758000,2925600,5342200,25762502,2074800,9436000,1606100,6115200,16655200,10820100,8228700,7517700,1096800,3503600,7317100,1568700,2834200,2901500,903600,4805800,2874600,3460500,631000,1787500,5127700,122331600,23271300,2495800,6228600,5991100,9182600,9461800,29128900,2906500,14625800,3011400,4353601,3257500,1631100,138245300,1487500,5544000,8158700,1051000,13050200,1423100,1978300,1127300,2174300,11023000,2502300,4021500,8245500,8959600,9336700,319400,2864700,9264200,1556900,16052700,5494500,16319600,29303800,11240100,9316500,30488000,36882300,817400,4357000,1970600,171224100,3975000,22326900,8795800,9388700,36772100,8848700,450100,3458900,5572600,2128400,8916400,2940700,818100,784200,3253300,7942300,6121700,1340800,16153400,6437200,1589400,917700,1134100,47012300,4790200,2669300,3414400,119483700,1640400,5533400,18177200,5243200,5131400,3528100,673700,978300,18313900,2921400,15195100,12502000,3031400,11892200,2128400
2025-07-03,34955800,3706200,2628600.0,3114300,1616100,2863700,1620500,3568500,28646000,1518500,1369100,29632400,682400,10592700,1541800,4476100,21620300,3280000,342700,3443300,2931100,13229900,1737800,1246300,20052800,852400,3300900,10841680,1234000,4331500,1101400,5031800,17973500,3771000,5173300,3095600,470300,1390700,4252300,780900,1953900,1321200,513700,2006200,1476000,1437200,539900,1088100,3602300,60311500,7607300,2410400,3089500,4039800,3595900,6612300,21689700,1502000,7314300,2573600,2019295,1853300,1082800,61176000,704800,3482500,6541600,489400,9440500,952700,1450800,707900,1777900,5028900,1528700,1678600,3810800,3342900,8601700,310600,3182900,4776100,1135900,7734500,3974700,13984800,13247900,8560900,5387300,20062000,12022600,381800,6029500,1029100,143716100,2942500,18441400,4579200,4941400,27104600,6999600,360500,1549600,2734100,1290900,4280800,1440500,456400,626800,1888700,3557300,5765500,1088700,7240700,3467200,925300,578300,536300,21085200,2986600,1359300,1998800,58042300,1008300,2561100,6161100,2961300,3702800,2224600,421700,764000,10301300,1513900,11237300,7686200,2236100,11223600,1375200
2025-07-07,50229000,11049100,3550400.0,8927400,2753300,3545100,2705500,6577400,37395000,2144500,1894900,36604100,979700,16760600,2160300,5807400,35567900,4400000,559700,4674400,5892100,12407300,3012900,2110400,45731600,1397200,5794100,16088760,2252300,6287100,1832600,6283500,23985200,6419000,9460900,4271900,1017000,2388400,7023500,1267700,2050600,2502800,868100,2255800,5800800,3692400,700800,1800500,4155700,73842100,19630200,2609700,5336400,6956400,8134300,11028600,34175600,2863700,12302000,3433100,2875947,4488100,1634700,80725200,1191600,6270900,8825700,901200,16984700,2099500,2576900,1224100,2740500,7239600,2478300,3404300,7790100,7336000,9457100,434200,3877000,7376500,1692400,15777400,5991600,13981600,19148400,11368300,8529200,22737000,17296900,653400,5668000,1546800,140139000,4691000,16584300,12454500,7773700,34905900,7225700,807800,3837900,4653700,2091000,7187400,3426100,960300,1445100,4532500,5311200,7300400,2209200,9710100,3433100,1277600,872600,1310300,22448700,3945000,2497200,2958400,131177900,1924500,5221400,9031200,5299800,5138000,2537500,1003600,1589700,22039300,3114100,18156000,12930900,2192800,15415900,2822500
2025-07-08,42848900,7106900,3144500.0,4782600,2890500,3708200,2744400,8097100,36124600,1534100,2022600,45692000,968300,14869400,2643900,6769600,88086500,5922500,502500,4116200,7750900,18075600,2003600,2209800,26835500,1599400,6099800,13563597,3437300,12934700,1716200,6661200,21182600,4279600,14082100,4397600,1285000,4225600,6622900,1266600,3135100,1710500,1335700,1619500,3312500,3753400,668400,1739300,6406800,74190200,45175000,1960300,5994500,4682400,4972000,7523400,40442500,3100700,21966800,2531700,2936636,2925300,1950300,119545500,1608700,6438200,15440900,862500,17115500,1627200,3301800,1243000,2672000,9570200,3083800,3123600,11350500,6727800,7770700,247700,3252200,7939200,2426300,12752900,6620400,11846600,26238200,19550700,14831800,32925000,19572400,669600,7301000,1975000,138133000,3968800,20401800,15729000,7718300,51275800,12034800,493600,2939000,4177700,3821500,6879100,2329100,847100,882400,4331300,6985700,7089500,1319800,13525700,4600000,1790400,891000,1195300,24955400,5683300,2620900,3020800,103246700,1083300,6844600,9613800,6511400,6966800,7593600,628200,1103800,16736200,2417800,18303400,16875000,2061300,17913400,2885100
2025-07-09,48749400,5594100,4311200.0,4613700,3177400,4726600,2201400,6170800,37013100,2098000,1712900,38155100,1040400,20133000,2424200,16462300,46227900,4625000,340400,3367400,6241000,9929400,3101000,1952200,23875300,983900,6034200,15908437,2841500,5351500,2922600,6373600,23765900,6330000,9495900,2890300,1152400,2050700,6724900,1004100,2102800,1845100,1153800,1822100,1939700,2245700,534700,1196600,4522300,63886900,24277000,1938400,5589500,5234900,5646600,5322600,43025600,1763400,12352400,3384200,2309797,2971300,1789000,70247700,1380900,6147400,11273800,601000,33704100,1522500,2703100,892700,2339400,7323000,2454300,3265800,6484200,11457400,11418000,267700,2855900,22224800,1976200,18394600,4837000,18659500,20464000,8818700,9988100,23845000,12076700,608900,5767000,1459000,183656400,5712200,10871600,8685300,7762600,38362200,18770900,377900,4461200,3821300,3160600,4190100,1936000,843800,574300,2666200,8322400,6139700,2120100,11430600,3236200,1427100,736700,871900,34453800,3818100,2735100,3938100,75586800,1369400,5231400,12816700,4566500,7297100,3304000,750800,1044500,23519800,3122100,16135400,13702600,2121000,10652100,3196400
2025-07-10,44443600,6049400,4933600.0,4857100,5197200,4022500,2483000,5229100,61101500,1925800,1459200,30370600,982100,17891600,2844400,6116600,44225000,4230000,467500,4573300,7225100,9586100,3382800,2712400,22868400,989300,4531900,16146591,1602100,4065100,2897000,7244600,15005300,6326800,8395100,3655100,1268800,3088200,6888700,1217200,2072700,1613100,954000,2218500,2237600,2703500,751000,2809500,4369200,67263000,18640600,1940400,5462500,6096900,7258200,6397200,29252400,1733500,11248400,3701700,2402210,3487800,1894300,54599800,1424600,6732900,8410900,798200,14608400,2238500,3130400,1253300,2417100,6569800,2577200,5366800,7550400,7360000,9913600,313800,4043400,14342400,3765800,14725600,5622800,16492100,15378400,6955100,8280400,42308000,13033000,624000,10016500,1967700,167704100,5412800,11486300,7672500,8869700,39499200,7200500,442400,4765000,5212100,2711700,5674400,2004100,827300,807100,4130900,6913600,6740700,1216400,11649200,6686800,1061500,703300,1167700,25053100,5051100,2932800,5528200,104365300,2471600,3971400,11355600,3645800,6121300,3762700,974800,932600,19359300,2224000,14348100,18894800,2542300,14901700,3491100
2025-07-11,39765800,4991000,3123600.0,4661200,5077100,3548700,2473900,4424400,50049200,1619800,1358500,50518300,1042300,14274700,2091200,6632000,31653000,3772500,545400,4416600,5890200,10256000,2072600,1804500,14579200,1590800,4372700,17994315,1531600,4903400,1942000,7011200,14699400,7022500,8333200,4726300,1046900,2369000,6112400,1494000,2098900,1840300,966300,1698100,2107700,2215900,587400,1698100,5077200,65340700,17122800,1667400,7867200,6116200,4847100,7698200,34282900,1681800,20174000,3068900,2564649,3790700,1576900,49367900,2951300,7872000,7384700,570500,12916700,1326400,2852500,1209200,1840100,6203800,3221400,4524100,4885900,6171100,10873900,269500,2401300,9431100,4388200,9717400,3647500,16459500,15820600,8094100,9155500,39572000,12771400,748900,10773500,1243000,193633300,4629300,10208200,7604600,7963600,34864400,8053800,343000,3209800,3430700,1680000,5907700,2285800,844600,516500,3468800,6339800,6815800,1038500,11335200,5014900,1112300,816700,825100,42713300,4145900,2511400,3093700,79236400,1429400,5396300,9808200,4342900,7580200,3055000,1101600,892800,20174300,2455300,12583100,14595000,2394400,11683900,2267400
2025-07-14,38840100,4072800,4575000.0,4881700,4281800,2898700,2969000,7264000,44718600,1202300,1475900,35702600,617600,11934200,1890900,8750200,36381200,3352500,661800,4294700,9819500,13450800,2497500,2649800,16150000,926200,3648400,19787835,1470400,5504200,1679300,6533900,16451400,6864500,10706300,3219200,1087100,4925400,6853300,1184300,2684800,2857000,949200,1652700,1636100,3074500,428000,1179600,4363100,62098100,11484600,1433000,7502200,6380600,5316700,6934000,32536600,1909300,19229400,2481100,3088783,2857100,1773000,48420500,2082700,10185600,9079900,567800,13983200,1133000,2401400,1488000,2767000,12938100,2500900,5707500,5756200,5324800,8939400,400400,2961300,8320700,2732200,10368700,5376100,12058800,32117700,10420500,9513900,27810000,11385400,790200,9062500,1419900,136975800,13455200,11337000,10955100,8480300,25918000,11491700,345000,3582000,5598600,1933200,7382600,1669100,717100,662900,4461000,6048300,6116100,999800,12686400,7698600,1434000,685800,1266800,30747000,4651200,2819300,3118000,78043400,1340000,4723600,10681400,4030600,5598900,2626800,768600,730000,15757300,2734000,20194200,13779100,2045500,13220300,1986500
2025-07-15,42296300,6729200,3315600.0,5084800,3970300,2551000,2422100,6007100,93370100,1592700,1754200,34907300,816900,17918400,3006500,9156800,55145000,4092500,1939400,4482300,7361600,39270900,2167000,1969700,18347500,1139700,3788200,18142094,1962000,4152400,1878000,5201500,13944600,5956100,7346300,2985600,1173100,4521900,7943600,1424200,2431500,2075900,1146600,1739400,2311500,2993300,580900,2062100,5059800,65101900,20312200,1719900,9392400,4938400,4878900,7702700,33448300,1981200,13031500,3868700,2498973,2864100,1513000,66099400,1674300,6873200,12526100,746200,12639800,1263700,4174100,1039500,2947200,9190600,2449100,2937600,6016200,5092700,11529500,355000,3058900,7739800,1784900,10827000,7392200,14927200,24958900,8880100,28756800,28017000,9708300,539500,6321500,1486200,230627400,7800400,10728800,29967100,8933500,54458000,9142600,347700,5309300,4323800,1995200,6467300,1546500,998400,979600,4530500,8567900,7259200,1322100,17351500,5215600,1532200,791900,1431900,32266200,4720500,2090500,3429800,77556300,2203400,4419700,16019000,4033400,4891700,2568400,1373500,988000,15653200,2104600,53938000,10450800,2460300,10959300,3310500
2025-07-16,47490500,6202600,3319300.0,9893000,3176400,3592900,2497100,9400000,59492800,1881000,2426500,39535900,959400,15031000,2921900,7474300,61296600,4225000,1407200,3796900,9259100,23321000,3242100,1580300,17907800,1416200,4198000,22516794,2452200,3773700,2950300,5649500,15156100,5831000,7923400,4411100,1150600,2662400,6747500,1490100,2160600,1889600,973700,2488100,3253700,3682400,447200,1756200,4581700,107978100,11377600,1906500,11912900,3958600,5895600,8242500,33104200,3323200,12816200,4259800,2997007,2804800,1629600,58865900,1863700,22134800,9979800,1226900,13178300,1438000,3255400,935000,3604400,15369700,2424200,2804700,7036500,5336200,13067600,532100,3194600,7054300,2585000,11517800,10610800,15154400,30614800,8906300,16646500,32270000,9008600,483500,4925500,1535900,158831500,5292700,12597500,13669000,10941600,44218200,8479000,435400,12177900,5382400,3438000,7106700,2206400,1089900,1459800,3361700,7136900,10825600,1273300,19849600,4498100,1438900,825000,1067800,21934400,6151800,2762300,5793100,97284800,1660300,6420900,9714000,4782700,5544200,4002900,1188400,785400,17971300,1824400,30567500,11181600,3624400,11158900,3961900
2025-07-17,48068100,4853100,3495900.0,27560600,3513000,3340500,2271000,5704000,50605100,1725600,1522400,31855800,1254300,17231100,3223300,7892600,56480700,3537500,1175600,4040000,9489100,23949200,2444700,2061700,18769900,1696500,3788100,18721155,2018900,4899400,2280600,5837400,20400000,7352300,8359600,3787800,1778500,3064800,9933700,1706100,2430900,1828400,742000,7408700,3394400,2795600,435600,3687400,4914000,70345300,11027900,1328900,16260200,4276000,5778900,6827000,31992600,2046100,9927300,3128900,2659503,3337200,1806800,49384000,2003500,11295700,8509500,1135300,20464700,1515000,4107300,926200,2474000,9745900,2722000,3134300,6255400,9140000,11803300,308600,5024200,12501400,1619700,8984800,7695800,17503100,34702400,7174600,13669900,64699000,9180400,620900,6378000,1109800,160841100,4440100,17631300,11308200,26161000,47393900,8320000,543100,6612800,6941400,2609000,7018600,1945100,989200,680200,4326500,8589000,12584800,1331500,70887000,4489200,1054200,867000,1039900,24546400,3828200,2494600,3509300,73922900,2106100,4920100,14792700,3949900,4747100,2418800,737400,1251800,18411200,1484100,21837600,11165100,2836500,13151400,3575200
2025-07-18,48974600,5332000,2983100.0,19571900,4207400,2459200,4443900,4757100,48859800,1967700,1253800,37833800,2097600,15012400,5481100,5974500,48314200,3677500,991300,4015800,8571100,16603700,2526600,5210600,17147500,2071600,4973700,15778903,2197300,7968000,2115500,6381200,16145100,8612000,45782600,5451500,1064500,4240300,9486800,1393300,2475600,3850800,1432600,8394400,1918400,5901900,626100,2941000,5669700,68812600,13554700,1776800,8619800,6627900,4325900,6497300,34014500,1925200,14977000,3361600,3834242,4478200,2483000,60195600,1904100,9792600,12217000,682000,14928000,2267600,3357700,1845300,2399100,8115500,2579600,3481300,5239400,10412200,12779800,407600,11701900,5688800,2623700,11823600,5572300,21209700,19349900,7986300,13519900,106933000,8801000,873900,5778000,1492200,146456400,4161900,9678100,11723900,13752800,36309400,7337300,485900,4481500,4650500,3256700,7433900,1464600,1307800,681600,5928600,5172800,23554000,2202500,35376400,4197800,950800,1333200,1716300,27427900,3464300,2652500,3773600,94255000,3170400,4550100,14979700,4572400,4927600,3417800,800200,975100,21079700,1559600,21236000,14636300,3421000,32366600,4723200
2025-07-21,51377400,4954800,2697600.0,10308000,2955600,2770400,2933300,5061500,39021100,2025100,1458800,40297600,727900,17726800,2667200,4183300,32199700,3907500,445700,3791300,5528700,11894500,1833300,2576500,17523800,2004300,3523500,16874712,1998800,4436500,1742400,6714700,14674200,7020400,17982200,4380200,1111000,5898600,6392500,1620100,2232100,2758400,799300,3583400,1986200,3248000,1003300,2445000,5093500,65515600,11250300,1149400,5208500,3573800,6259400,13055500,45803100,2006500,16555400,3503900,3070534,3051800,1757900,61658000,1639700,8254000,7898100,673700,17811700,1797700,3058000,1577800,2904400,7026700,2194400,3037500,6153700,6118100,9404400,308600,5194000,6946800,1458100,11620800,5853400,14066800,22189800,8349900,11233100,56276000,12743900,832500,5564000,1362000,123126100,3718400,7348400,7429400,9025600,33663400,6328400,389600,3838200,5126700,2505300,7662300,1631100,709100,599700,7116000,7217300,11871300,2350600,22403000,4206800,1502800,969000,791700,36229500,4721900,2733800,4431100,75768800,1355800,8269800,10319200,3750200,5216300,2129200,864500,801100,47574000,1475000,14506600,13450400,2635300,17010400,2997900
2025-07-22,46404100,4432100,2787200.0,7098400,3614500,2449000,3504100,7074500,49028000,2520800,2274400,37483700,739400,16564800,2296100,4737700,34749400,3590000,580800,4521500,7924300,15282600,2185000,3734800,12900600,1392300,5047500,15528478,2722700,5545500,1799900,5001400,14527200,6686900,26196500,4018000,975800,7053300,5614500,1662600,3194700,3204500,1107400,3505400,2684500,2200000,566100,1805100,4628800,79403800,15316100,1833600,4751300,4487900,6098700,33792400,44660200,1978900,24674400,3095400,3617055,4824200,1952700,53969800,2416700,9288000,6717500,1619800,22339900,1405300,2496600,8886500,2880000,14170100,2010400,2672000,8819400,6728700,8921100,267800,4927800,9649500,1431300,10571000,5257200,13868600,27917600,9032600,9369200,50630000,11297500,2395100,5878500,1473300,193114300,5154900,11380900,7747700,8281500,48091600,8187000,534500,5214700,19831800,2224900,6951600,1727700,976700,930500,10722700,9992400,8865300,3896900,20793800,3889500,1654000,1128600,1016400,35255800,4284900,3674200,4004400,77370400,1777000,11730800,14600300,5751700,4614200,2818300,1233700,1005400,23521000,1898500,22437000,9049100,2917800,13970900,4560600
2025-07-23,46989300,4344500,3003800.0,6439600,2953400,1994600,2738800,5419800,41510900,1782700,1839700,28294900,654600,20556200,2139100,7302900,31380100,3737500,653400,4385600,15115200,22339800,3254900,4709200,22087400,1443500,3520300,17531237,2665600,6921500,2401600,5620700,13042300,5448600,13162800,5192200,995100,6374400,8258900,1264500,3309500,2586300,971400,3249800,2996600,2798100,429300,2355000,7289400,76163200,23135900,2255100,4689800,5228500,4628900,25657000,58681900,2395700,15590600,3238000,4062675,8105900,1994100,68711700,4659900,10617600,7083500,1207500,21030000,1193900,2683600,4578600,2337000,12013900,2180400,2467600,19476800,5627400,8771600,326000,4976700,7172200,1798200,11542100,6612900,16396600,17810000,21219500,13305100,45043000,16428100,1250900,9920000,1685100,154082200,3666100,7255800,7440800,6166000,42073300,4804800,548400,4215000,9895100,2281300,7296200,2087400,891100,629200,8667100,11275300,8802000,2234100,22471100,4353400,1040600,1118800,1464300,65616300,4367500,8928300,5621000,92553800,1331200,30755700,13111100,5079500,4385600,2949400,649100,908900,23357200,1448900,19379200,9729700,3526700,12002700,3010700
2025-07-24,46022600,3462700,3067400.0,4708000,3952800,2692100,2491300,4819900,48440100,1531200,2034700,42902300,686600,16413800,2288100,6160200,42967600,4312500,539500,5044800,10261500,15644400,2511400,6095800,16342100,1652500,2503800,17215618,2720700,5047900,2057100,5877100,13534000,12438600,15701000,3970500,850000,7411400,6702200,1882600,2133200,2482500,1302800,3569400,3024500,2452100,370700,1658900,4661500,63557800,13223900,2079800,5206700,4103700,6056700,10219800,74881700,1974700,20364700,3088000,11877152,22647700,2981200,131963300,2608000,6636900,7001200,549700,12511400,1383200,2786400,3083900,2083500,9076600,1874700,4426000,13363800,6015200,10920800,336600,4860900,6933900,2607300,8016700,3817900,16107000,20293100,11166100,13179600,38456000,10037800,974800,20350500,2069700,128984600,3995900,8237900,7445100,9749400,25672400,7027400,620300,6208800,7239000,3508200,5014800,1523000,1037600,687500,4865300,7897600,9052400,2132400,15592100,3904600,1339300,1024000,1711800,47332700,4722800,6234000,8623200,156966000,1608100,9049500,22585200,3676800,5887200,6183700,706000,907900,20411000,2417100,19031200,14991500,2339700,15647200,3320000
2025-07-25,40268800,3786800,2499200.0,4741200,2632300,2053200,2287300,6608700,53432300,1451300,1031300,28712100,713000,12476200,2149300,4628500,24461200,4620000,516300,4220500,5875100,13543400,2218400,3420700,13068100,1325700,3186100,35130548,1834700,4501800,1827700,4015400,11590000,10881900,7875500,2908700,858400,5355700,5656600,2602200,2317100,1450600,972500,4807800,2594100,1785300,482700,2107400,3894400,52312300,16011000,1812800,4598400,7680800,4609600,6491300,39785900,1851400,15844800,2221000,6333215,7758700,2588800,245077700,1871100,6254900,5918500,808000,12574800,1212100,2976900,2461800,2053500,8914400,1513300,3401000,8354600,4520800,8271700,233700,2818000,6368800,1287700,10058800,3463000,19125700,16372300,8074800,30913500,26293000,7208400,635700,9998000,1983700,122316800,4439300,7149600,5640800,7021600,35643400,5799900,499800,2150700,4544600,3666300,4808200,1652600,755800,642600,4728200,7224100,9105900,1868400,11467800,3069800,1374700,788300,963600,33987800,5143200,4205500,5205200,148227000,1895500,7031800,16486600,5473600,3915400,2792200,579700,1176900,16571500,1588000,14072400,12868500,2760100,10548900,3327400
2025-07-28,37858000,3776900,2808600.0,8168400,3693900,2984200,3049900,4913000,68267800,1948000,2176300,26300100,661900,13683400,1653800,7923800,20590400,5640000,299300,3626100,6624800,19370700,2550300,4044200,15433000,1193600,4823700,20947237,2233400,4632400,2006300,4533700,20558400,8953600,8755400,2908100,824700,5160200,6042200,1547000,2930100,2991300,1793800,2470400,2528600,2795000,578300,2334500,5928700,54173600,26374100,1624500,5006400,5370500,5920800,6954500,38139500,1464800,13123400,4062800,5117309,5192500,2353400,86105600,2473700,8014600,5840400,839900,13668800,1283700,2587700,2423700,3302200,8156100,2492400,3070500,6765000,7984000,8715700,325700,3970300,7419900,1100100,12882000,3729300,14308000,12932300,8157200,11877400,34470000,22631100,679600,7373000,2404200,140023500,4243400,6756800,7675600,10639100,31096600,7885000,446100,2850600,8676900,2690400,9627300,2427700,588400,876900,4022900,10333600,7197600,1919500,13367900,5481400,1090200,877900,888400,29164400,6114400,3412200,3702900,112673800,1421600,8586800,15779400,7045900,3921000,2205700,1021600,2107300,18243700,2178500,10627100,12293100,3396500,12353000,2261100
2025-07-29,51411700,6715500,4143400.0,5834100,3492600,4234200,3585200,4605400,108154800,1406500,3704000,33716200,654100,19210800,1796400,20163600,26216500,8110000,422000,4193200,6352600,13169900,2383700,3494800,22569600,1808300,4382400,35116571,2147200,5157700,2065900,5137100,15261800,11026800,6446000,2976400,1139100,4973300,6283700,1609400,2848000,3172200,2264800,2661200,3428100,2916200,612900,1777100,5226500,58371500,16495800,2068900,4125300,6278900,3874600,8443000,41389200,2136000,18971000,2931600,3994135,4627300,3035700,100831500,1831100,7663400,7635700,1027200,16223400,1386100,7100700,2428800,1852900,7283700,2393800,3147700,5449100,7926100,13267000,244300,3918100,11825600,1296100,27826400,5158700,16469200,16653300,7588500,8035200,27525000,12885500,682800,6038500,4232700,154077500,4392200,8415300,12012500,6282900,38499800,11466100,686100,3812700,9429100,2395700,9460900,5513500,814900,901100,4341800,20923600,9532000,1518200,14315300,5217400,1125600,1145600,970500,34202400,5543300,3164200,3563600,87358900,1857400,7144700,41706000,26112300,7402300,3245700,985600,1151400,13118500,5266900,12478200,14034300,3163700,15928000,3366900
2025-07-30,45512500,5008400,3502200.0,5359700,4272700,3295200,8827800,4018500,64820300,1550400,3693300,32993300,1539800,16738900,3132400,9354600,32265900,9285000,372400,3803000,7165700,13998000,3172600,4169100,25730700,2649700,4638800,38032682,1410900,6607600,1699600,3928200,15518200,15343800,9191700,4091900,1121000,5692900,5281500,1128000,3432300,6044500,1709900,2132900,3814900,2691400,572600,2727000,6648300,79866900,64894200,3617300,4697000,5826900,7302500,7854200,32445400,1816200,22446500,3110700,5035612,3718300,3507700,67420300,1758800,6189200,8061700,1058200,10448200,1301600,4338700,1632100,2047400,12529400,2833200,2805900,6430800,22047700,27077300,383800,3529500,20487500,1494600,13055200,5236800,26380400,16378800,6940300,10392900,29227000,14601700,661500,5471000,2675200,174312200,3860500,8441400,7880400,9738400,35649500,8162900,718200,3796500,7778700,3193800,14382500,2436900,564900,811200,3998700,44794700,5962800,1539700,17945400,6808000,1085200,1263700,1077200,30096100,3193300,2583500,4213000,83931900,1512000,6985100,22371800,20976500,12129700,4629600,1416000,993300,13313300,2461700,15579100,13864100,4844900,12996900,3036300
2025-07-31,80698400,10347900,3876500.0,6722600,4794100,4513100,4718300,11375400,71765300,2252700,2774000,104357300,1544300,25488500,2718200,7825000,40016300,7210000,498400,6315300,6714600,14638800,4116400,4962300,23139600,5452400,9561000,43303235,1961500,5648100,2564400,7340300,18529200,27417900,10237100,9138000,1549300,6060700,7235000,1963300,5490800,3641000,1364900,3261000,4561600,2657200,935200,2900000,11537100,101090900,26276800,2296200,4524000,7883500,7972400,14455100,51329200,2358100,14022000,3091600,3241143,6739100,4429300,90665200,2602200,11036200,14749700,2284100,17193400,2228600,5810300,2178000,2778400,27661800,4568300,3639600,15369600,12174500,38831100,589800,4390400,10623100,1340600,19813300,5523700,51617300,29224300,8845200,8797700,37129000,16700000,850700,10659500,2753300,221685400,7458500,15548700,8419300,11689700,62768300,11845400,508300,4136100,10607200,3925900,24440100,3496100,1413900,1000900,4796000,16565400,8164900,1752600,13121200,12682300,1739400,2494700,2343800,34120000,4653000,3413900,4079200,85270900,1644000,10144000,29606900,15782000,8641700,3565500,2372300,1480000,25538700,2908400,14813900,15651300,4367500,17233700,4855300
2025-08-01,104434500,8082000,5100400.0,5453300,6042400,4307900,6100900,8393200,75396100,2410900,3232200,122258800,1072200,21428100,3012900,8572200,52310400,4990000,673200,5287500,6339000,17725600,4027300,3429500,26986600,3429100,9606700,23900587,3011100,6349200,2934500,7646900,21650000,11382000,10706500,7653300,1623100,5736500,8637800,1662100,4642700,4397000,893800,3382600,4078700,2689000,500600,2416800,9211400,73541500,15601200,2213900,4416300,5016300,5271200,9540500,34832200,2999100,18960200,3008200,4208987,9683400,3795800,86496100,2982900,8927800,12007100,1474600,16107500,2219300,4859500,2006300,3400900,16601000,3316700,3344800,11544600,10650300,19028700,393100,4074400,9689400,1385300,11900300,6678500,28977600,24003300,6628500,11280100,38910000,11911600,1006400,9055500,1721000,204529000,7981900,12718200,14411600,7630500,51332700,8594200,903600,6122800,7554100,2162500,12706700,2827600,1656400,1087000,4420700,16221300,9792500,4073900,17071400,7496800,2149800,1885500,3012300,38817000,4855400,2756900,3481400,89121400,1396300,6625100,39989200,11276600,8658700,2250300,1442200,1857300,20841300,2413600,16071300,16750400,4005100,19652000,3153100
2025-08-04,75109300,4217500,5277200.0,5671400,3470600,6449300,3601200,4189300,52951000,2316200,2804500,77890100,855500,17164600,1876000,5997300,31038900,5922500,503100,10874300,4623900,11611400,4059500,2977200,15609400,2498200,5536400,31347180,1727100,9384500,2389900,4403500,17052200,7866200,10116600,6820200,1087400,3176900,8845000,1347700,4066000,2745300,716900,3387400,4189900,2300500,538400,2741900,7356400,56696800,12727200,1819900,3744000,5634200,4490400,7417700,31547400,1753700,12082800,2844300,3662890,5280600,3777300,69249400,2493500,12679100,6649500,1064500,10701500,1684900,3353400,1548200,3871300,11876700,2984700,4734500,8552300,8291500,15801700,705900,3641300,6384500,2068400,13380700,3851500,25349000,14780600,6543600,9765600,22447000,8839000,970300,6427500,1190900,148174600,5232200,8614800,13041700,8384700,57010700,7679400,812900,4631700,5187500,2102200,8150200,2017600,1362500,949300,3961900,12500400,9032100,2145700,11901700,5838300,1847300,1714200,1354500,29972400,4807800,2092800,3755500,78683900,1875300,4682700,17427900,8579500,7335300,2920300,1351500,2326800,13629900,2857900,13892100,19050200,5851800,19129500,6270800
2025-08-05,44155100,4153400,7680000.0,5355400,10175900,3909000,5616700,5292000,88808500,2664100,1854800,51505100,773500,18477500,2181000,5687400,36798300,5545000,481300,6780700,4834900,19836100,4329900,2534400,12020000,3150000,6373300,29278587,1571800,7716200,2462300,6761000,15434500,9061900,8604100,10023100,1027900,4001100,15365700,1041300,6746900,2933200,1138900,2012700,5765000,3035000,456700,7068200,5787900,58864300,11521300,1972800,4000600,6132100,4670500,6913100,31602300,1977300,10790100,2931400,2631068,5823000,2929400,97338200,2610100,7934400,7182300,1178300,11993400,1691000,3615200,1643900,3107000,12100100,2883200,4222900,9872900,9069800,11640300,516600,3743900,5889500,1923300,9984300,5331100,19171600,17836000,7178900,10372700,26607000,6533800,905700,7242500,1035300,156407600,4204400,11197300,7979600,5535100,113955100,6670100,833400,3556700,4643000,1512700,7794500,1711700,993300,1337500,4993900,6994400,6236400,1565400,12204500,6033400,2645200,1462600,1049900,25317400,5178400,1992300,3775600,57961300,1398000,5761900,23795900,9513400,7295600,2178400,788700,10729400,14863700,3127500,15765100,17977000,4542700,21314300,7335300
2025-08-06,108483100,4057200,11212800.0,5170100,8064700,3347200,3385200,5857800,133641800,4576000,1634100,54823000,560600,17392100,3430500,3898800,27916800,4975000,404900,4557100,9105300,13153600,2630800,2064400,11524300,2153900,5537000,23014230,1689100,7078500,2753000,5834700,23107800,5292200,7840900,5408700,966700,5123000,22153700,1285400,3813100,2597800,981300,2487000,12875800,3050400,316300,4507500,7263600,59519800,9498400,2130700,3576800,7446500,3572600,5390500,21562900,1477100,15919300,2812800,2963267,3692100,2690500,67074200,2191700,8957200,6330200,935000,10783000,1275900,4752100,2032300,2448700,10631900,2245200,6474300,6366100,7727900,9733900,618400,2636900,6482800,2755500,13028700,3765800,21355700,13021900,7720200,9551900,33622000,7579800,992400,5343000,852000,137192300,4195500,9930200,14901400,6747400,65689200,7376200,1928100,3706100,5915400,2080700,8475700,1384700,865000,3061700,4112100,7869100,5712200,2134200,11467900,3656300,1844700,1346900,1478000,39247200,4839400,2539300,5160200,78523600,1544400,7089000,12946400,6331600,5944100,2764100,785500,4726600,17812000,3106300,14157000,23738400,2863300,15321800,4987500
2025-08-07,90224800,4683300,17502100.0,4690600,7246300,4661800,3312700,6616600,95448300,2588800,2025800,40603500,670700,16319400,2842500,4563100,30609900,5065000,381400,5755700,5406400,12964000,4261100,2285200,15559200,1964200,4000400,26822993,1676000,10307300,1893300,10010200,22579600,4515500,6510400,5414600,958500,2670100,15484400,1164500,2832100,2856300,632600,2237000,5119500,4400400,325000,3057700,7454600,71775000,9660400,1454600,3050400,9190300,5573000,6029200,26321800,1400400,10942300,2433000,3079553,6251300,2697700,131382800,1777900,9315900,8057100,717200,15790800,1090400,26101600,1490000,1948300,9572300,2979600,3603300,13767500,6067300,9019700,754300,2293900,5124400,1587800,10830100,3728600,16079100,18986500,7418600,9306200,26283000,8717600,626600,13993500,1225700,151878400,5058300,11954200,19232400,7674600,45494400,6719000,1277900,2214900,3475500,1587400,6753500,1295800,811200,1728200,5105800,9891800,7313000,1410300,11213300,4162500,1399500,1084900,1192100,35331400,6154800,1490100,4061800,66658700,2267100,6563900,11369900,6839200,8797100,2060100,1039900,3995500,15543400,2663400,13105600,12509500,3601900,13468300,3786700
2025-08-08,113854000,4101700,5791300.0,4985400,3810900,3507800,2707600,4338400,68866700,1803300,1727500,32970500,1372200,12458700,1778100,4724200,37131600,4720000,427800,3330600,5076200,10772600,2965200,1964400,18063000,1518200,4133900,17371507,1488500,8765300,2189700,8812000,31662400,6461700,6332800,3894600,883700,2963100,9491000,905200,2643800,4591300,833200,2405100,2443700,3969100,252800,2139200,3803900,48465300,11828700,1324800,4467300,13115300,3781800,4126600,39161800,1275400,11782700,2326700,3246130,6828400,2783600,75415000,1446200,7686800,6634100,719500,9232700,939300,14125100,1477600,2746100,8765100,2907700,2622000,20070400,6419700,7320800,526200,2376400,5434900,1278200,6882900,3943500,15531000,28962200,5575700,9070500,38167000,6739000,749400,9514000,1066800,123396700,4538000,8313300,13395700,5315100,36377000,5811000,820200,1841700,3774200,1694200,5028700,1905600,1024300,874600,3667300,8035300,5032100,1628300,10217200,4148300,1109100,821300,972300,23598200,4629700,1689900,4261600,91200300,5619200,5946200,10185700,6285100,6073900,2165600,638400,3680300,13057000,1982300,14123000,12394700,3328900,14417700,2062100
2025-08-11,61806100,6067800,6577800.0,7125600,4675000,4366200,2033400,7816000,70651000,1856800,2339200,31646200,1115100,12396400,2316700,4872700,35559400,4372500,575600,3712100,4166100,12133300,3416000,2492500,13503900,1609600,3515600,21291665,1567500,6491400,2290100,10740100,28911400,5556300,6169700,4151700,1098000,2566300,8532600,983300,2244500,6125200,943600,1650200,2259000,3043100,311800,2850000,4396400,84333000,10676300,1522400,3360100,7953000,4747800,6690700,25832400,1273500,9050300,2605800,2558389,9382000,2036900,175545600,1418200,7256800,5510100,814000,10909400,1069200,11294200,1462100,2689500,8637000,2116600,2649000,10238800,13278900,7612000,477800,3354500,10650500,1784200,8210700,4024700,20194400,35065800,8420000,7910900,24556000,6985700,744700,11849000,1474300,138323200,3609400,9012100,8904100,5773400,38115700,7331700,675800,3181500,5349600,1699600,6215900,1446300,1103900,1143500,3572900,9504400,7337600,2626000,10020000,4313200,1190800,1095400,1129400,20602400,3304200,1706700,3976100,105320200,3191100,6457800,11779500,8701400,5715800,2122300,976100,2792600,12914900,2484600,14408100,12856700,2480800,13570700,3065300
2025-08-12,55626200,3049800,6278900.0,5657500,4832300,3569400,2576800,5915400,52243500,2200300,1757100,37185800,1061400,17609600,2170500,7396400,35481200,3612500,669000,3767300,6446700,21046400,2765100,6153300,14826800,1600500,5333800,21284089,2741100,7524800,1588500,13178000,21912100,4866000,6641600,3460800,1285800,2830000,7274000,1098800,3826300,3792700,1209700,1522800,3713000,2902100,337900,2488900,5345100,63944100,12573800,1921000,3630100,6084100,6276700,6780600,30397900,2418100,10978000,2911300,4615244,8792800,3849100,134153600,1529500,7916700,8570900,1027900,11061100,1347700,6897400,1492100,2973200,11885800,2593800,3438300,12674600,7373300,14563100,477900,2748200,8848600,2291800,7852700,7111600,18667000,25961200,8671100,5883100,22788000,6397700,643800,14329000,1011300,145485700,4143500,9998400,8256700,7668700,34402700,6938000,604700,2847100,5444000,1749200,9304100,2202600,766000,972100,2962300,9669300,7549400,2567500,10286500,7908600,1242600,702100,960200,30755100,4284500,2104200,4620300,80522100,2440000,9961500,12171800,7308600,5682800,1815000,1070300,2044300,12469300,2506800,14365200,17915300,3136900,14109400,2578500
2025-08-13,69878500,3558500,6651500.0,6723700,5278400,4375100,4601400,5923400,108305100,1784900,2717800,36508300,902500,17371200,2586800,6670400,29465100,4762500,570800,4629400,5859200,16605000,4403000,3751600,22097800,1410000,3534400,31729166,2384100,7263300,2352600,10209200,38096400,5686300,6581900,4103200,1853600,3241300,9025700,1488400,3009200,3571100,1360600,2471500,3274200,2951200,420400,2751600,5881600,63823300,13120800,3386600,7599600,4928200,4113800,6942100,28342900,1862600,9061400,5187500,3849414,5663600,3723300,86024400,1740200,5878700,8420400,900700,10356500,1797800,6310000,1890600,6030300,12118600,2352900,2999100,8379500,7656700,8811800,360100,3132000,7508200,2072000,11043800,5542000,19619200,18438200,8122300,9919400,27624000,13472600,745600,12268000,1342700,179871700,4666600,14182100,8117400,6147000,40176500,5812400,616600,2679200,5021300,2359200,7103300,1900700,1096100,1085800,5012300,6493400,12456300,2880900,10370400,5478100,1660300,1047400,1506700,26382700,5593800,2054800,3152600,67838900,2105700,4966300,19480300,13633200,5693400,2093200,1125700,1913700,14327700,3029100,14415100,19398500,3227000,17958700,3331100
2025-08-14,51916300,4635400,4706500.0,9688300,4928200,3745600,2230700,10992400,66308800,1932300,2636900,61545800,1208300,15717600,2108300,5320800,21073800,4495000,407600,4187100,7246100,13288800,3676000,2249100,15950600,1990800,3497200,15556647,1971000,10057700,1808700,7544800,39317300,5872700,7337300,3875600,5100700,2634500,6800900,1313000,3410300,3751000,1191200,2153000,3193400,2246700,506900,1895500,6822400,52469200,11933400,1616800,4481700,5461300,4985500,6647600,25230400,1371200,8824300,3600200,3153716,4556700,6079900,188052500,1894900,8241700,6322400,1005300,10722400,1545400,8395900,1733600,3635000,11163800,2642300,4699400,6843000,5695700,8116200,365000,6344900,10791100,1373000,10217600,4188600,20269100,12235900,6781000,5387300,39047000,7990500,543300,8939500,1155100,129554000,4193700,10285600,6943700,6892500,32514000,6343700,695100,2267900,3294900,2095600,6294800,1287800,976300,1029400,2766600,9803500,11310500,2615100,16284400,5252500,1889000,1019100,1622500,24530200,3763200,1955200,2951500,75000700,1688700,3917300,25011100,12487300,6224000,1906000,969200,1703600,10582800,1702700,16051500,10858400,2703000,13683500,2565100
2025-08-15,56038700,4430900,4309800.0,6784500,4223400,3718700,2354100,31803300,51543100,2168300,2640400,39649200,1033300,22806900,2728000,6291400,26276900,3950000,582200,5229800,5342300,12000400,3107400,2849900,10998200,2918000,4150400,22090314,2056500,6564700,1638300,12942800,40877300,8252500,11617000,6543700,2674700,3210200,6768600,1950400,4024700,3428800,1250300,3415600,3316400,2944400,545000,1899700,5730200,46141400,8885300,1798700,5203300,8859800,6920600,5597300,34931400,1645900,7571000,3841400,2908201,4344300,2840900,310161100,1436500,9477600,7340500,2064500,12381100,1951300,8224600,1501700,3026800,23155700,2263800,3416600,7744400,5849700,13375400,302900,3921100,10137000,1831400,10481400,4986000,25213300,18986700,23398400,7907400,27678000,9767700,667300,8794000,2180300,156602200,6242800,11554000,8764800,9162200,31844800,7121700,716100,1924200,4027600,2303700,7583700,1407500,1122200,959600,4593800,8059700,9538100,1785100,10421900,5698500,1581600,962700,1070800,37020400,4796100,2462500,3939400,74319800,1376600,5872900,68198500,8897400,4946600,2037300,789100,1408800,21239200,2490300,15380400,13604900,7793300,19271900,3705700
2025-08-18,37476200,6083500,3985000.0,3831400,3776000,2923000,3173900,10125800,35937500,1743800,3227700,25248900,607200,14724700,2115100,8456000,43125100,4237500,405800,3911300,8516900,8780700,3185200,2682600,18898100,1961600,3906600,26802933,2165000,4849500,2078500,8809200,20903400,9246300,8174300,2865500,1391600,2859900,5798400,1625700,3224700,3600000,1428200,2509200,2781700,2743200,478700,1158500,6591700,37113800,8325000,1318000,2697000,4476400,6257200,6740600,18526600,1157800,7962000,4407100,4364105,3569600,3606100,212515600,1640700,9284000,5386900,853800,14094900,1218100,4997300,1154400,2977000,15119300,1812000,3272600,4991700,5063900,16513700,304400,2585500,7371700,1487800,8273600,3548700,23760600,12208800,12568400,7071200,21111000,9069100,922300,12887000,1118500,132008000,4331100,6759900,8605500,9901000,35623300,8274500,485900,2035600,3769600,1857900,4774400,3284000,769400,602900,3679300,7376200,6803200,2097300,9148300,5070500,1187900,947900,1102200,20420600,6225500,2211100,3309200,56956600,1428600,2763600,39600500,9385600,3999600,1869700,809300,1382500,12692100,1671100,11660900,11656100,3113000,13040000,2158500
2025-08-19,39402600,3975500,3739800.0,4845700,4555700,2808000,2725800,8921500,64455000,1858500,1669400,29891000,962400,20149600,2215800,9061100,33783400,4995000,611700,4726400,5229700,11504400,3543600,2798800,13672900,1482000,4548200,17918344,1767400,5412100,1673400,8642200,18746600,5233100,8567500,2831800,1493700,4851300,5914000,1312200,2908400,2413500,1000100,2644200,1714700,2425700,301300,1870500,5753000,58020200,7630500,1409800,3404900,6484500,9033100,5987900,24240200,1856400,7300700,7629300,2521679,3328300,2586500,297659200,1884900,9274200,6031500,986700,13862200,1512400,5941000,1248100,4702600,11622900,2334500,2893600,5069700,5990300,12286700,374100,2146200,6482700,2155200,14307700,4257700,21481000,11491200,8047300,7873100,37077000,7684800,470700,10921000,1383700,185229200,4600200,16819300,7332500,8596900,29170500,7868100,940500,3985500,4114100,1600400,6396500,3354300,854600,968400,3008600,6815800,6778400,2089400,10834500,4691000,1907500,1299700,1776500,18890600,6727300,2578500,3641900,75956000,1366200,5491100,22348600,7227600,4457200,1540200,1023800,1700000,17944200,1691800,10118500,16999000,4002100,16113600,2594100
2025-08-20,42263900,5782100,4097900.0,3639800,5069900,3727900,2817700,9323300,60233200,1723700,2217500,36604300,534100,23600500,2481700,5016000,30822200,4387500,573100,4779800,6062400,13447400,4060200,4009200,12257300,1588100,5944100,21651244,1738700,6133300,2229600,8195100,14946400,4984000,8076300,3051900,1438800,3302500,7046700,1657900,3455700,2289700,1118600,2135300,2062200,2527500,417600,2454300,5922900,46469900,5526200,1285100,3854700,5639500,6247200,7258200,28955500,1872700,10718600,4195300,4309252,3240100,2921700,161149400,1409300,9030000,7374200,978500,17530800,1160900,4139400,1282800,5226000,14287700,2884600,3879900,10208900,6805400,11898200,379700,3258200,8893100,1540100,8904700,4619300,27723000,25795000,11011600,7642100,24344000,6282600,610400,9859500,1190900,215142700,6768000,11256400,8073900,10023500,38111000,7840400,682300,3227300,5089200,1720300,7151700,1883600,1298500,989600,3766500,5814000,9435500,1798300,9917500,5556600,1017400,1553500,1388300,34843000,13223200,2351500,3875900,77481800,1327300,8107300,16679000,7076400,5834400,2082900,1098100,1669600,20982100,2127800,12101900,18655000,3908500,18959700,3050400
2025-08-21,30621200,5323900,3115800.0,3980000,2670200,2363200,3112300,8294900,37880500,1843700,1483300,32140500,777200,14946300,1848500,6101100,28713200,3907500,275100,3082200,5926800,17635200,2504300,1897900,10453200,999100,4925100,17252536,1325700,5342100,2145600,5646800,12456600,7071400,7533600,2557800,844800,3172700,6337100,1470300,2084700,1655800,1060200,1593100,3035800,1853000,345200,1455400,5169300,51779300,6181200,1431800,3266400,6063200,3830000,8192100,19774600,1162000,8431600,2942600,2851331,2991900,1973600,97718300,2465300,8859600,6624000,730500,8840400,1263500,3617300,1026000,2697300,10706500,2349200,2282200,5932200,5687300,8876300,340100,2236900,5963200,1299700,13889000,3269400,18443300,13174900,8637100,7720600,20472000,6354900,610200,5635000,986200,140040900,4921000,7403100,6643800,8153600,37068100,6417500,492800,3045700,4397800,2174700,4997300,1473000,1010000,573100,3179800,5669200,5162700,1450100,11130100,3294400,810700,981200,1117300,32991000,7054300,1360600,3330400,55744400,950500,5291100,13359000,6193200,6073600,2394300,627300,1851700,11866800,2285200,9102700,51825100,3099700,12194900,2411600
2025-08-22,42477800,5516900,4563100.0,4130200,3102600,3058600,2389100,7448100,43998600,1644000,2343000,37315300,765200,16301300,2785200,8678400,45078900,4887500,433700,4205100,9397500,20124400,3785100,2387800,27206100,1127500,4087400,26961169,1591600,6338400,3136000,6694300,16830600,6983600,9084300,4595200,1133400,3364900,7161700,1355900,2182900,1707300,1149500,2961400,3643200,2245900,317000,1964900,3730000,58538700,10822100,1750400,5229300,5503400,3871500,6320200,42827000,1948600,12629800,5284700,3483051,3134900,2247800,200266800,2023900,9524000,8552800,946300,12999600,1782500,3222700,1890300,3796400,9689700,2388900,2796700,12430300,6390600,10612700,363800,1958200,9603300,1734000,11977400,6759600,24324200,17038300,13128900,6578000,31281000,10985900,616600,5421500,1410300,172789400,7650000,9343600,11276800,5218000,34560500,5797300,725800,3554100,4760900,2674100,7711500,2268600,1439400,663200,4252700,7625500,12859500,2298600,16024900,3304900,1313800,1060200,896100,34012000,5776700,1778400,3984800,94016300,1089300,6177700,14930000,10230700,4973200,2106400,529900,1404000,19123700,2798400,11282600,32695200,3374300,13586700,2426300
2025-08-25,30983100,2796200,2960500.0,4705800,2358600,2259500,2332100,4186800,36134700,1734300,1238900,22633700,403800,15124700,1599600,4757600,34715700,2890000,415000,3935100,4507500,8647000,1857900,1565600,15569700,1051900,4481900,18296276,1712600,6850800,2284300,4957700,11724500,4687200,7030000,9794200,729600,1985800,5424900,789700,2454300,1928800,1098300,1239000,2123200,2092800,348900,1251400,3777900,45038800,12596800,1470300,4301600,3812200,4709900,3802000,29928900,1381200,8647000,3579500,2394783,3513300,3101800,156825600,1662300,6229100,5856300,469300,13634600,1151800,2898100,985200,2336700,5438500,1984300,2944300,5326700,5851900,6861200,318500,1606300,5706800,1476900,9417700,2596500,21638600,8674800,6337700,9410200,28120000,12488900,478100,4306000,1083500,163012800,6829000,6308600,8649200,6624300,32684200,4692500,650300,2022800,4872800,2051200,4653000,2286600,880900,465300,2431100,11013500,5962000,1411000,8184200,2559500,1408400,1112100,972900,19405000,4734400,1044300,4295700,86670000,1187900,3442600,8917100,6029900,8019800,2040300,441800,1175100,16021200,1333000,12017000,18956100,2250200,9744900,1797700
2025-08-26,54575100,3702900,4355500.0,6076500,4884400,4067400,4310200,6770200,52138600,1750400,3538700,26105400,660700,25689100,1848600,7380200,40609300,4272500,580200,8217500,5613700,11031100,2792200,4864500,17354700,2487000,6163100,23766145,3298700,7052100,4341300,8862300,28307900,5333500,10270000,6067600,1502800,3670600,5787400,3334700,3102000,2594400,1817300,1843700,3381400,3191300,488400,1994900,9450400,48613300,11824700,1743800,4693500,5932800,10987700,7311100,28464100,1511600,15318300,3180900,4304477,5386600,2578900,78558200,2931100,9145000,6714700,812300,17964200,1699500,7695600,2051500,2865300,11781100,4774600,2807600,8740400,8456900,7601800,750400,2960600,8535600,3153900,14062700,4453800,30835700,12584300,7162700,10710600,19857000,6874800,1002100,13418500,1469200,168688200,7617700,11805200,8983800,11208100,43938700,6338000,712900,4839100,5854900,2777500,9173000,2324100,1614400,1498100,5096100,9315200,7721700,1828400,16438200,3699500,2020200,1553900,1059800,49407900,6531600,1341600,6515000,76651600,2165300,4549700,16303200,5478000,5876200,2591800,839500,1907200,17328200,3632100,14936600,22270400,2733200,18143900,3614300
2025-08-27,31259500,3459100,3830600.0,4759200,2239000,2353800,3328100,4633500,37031000,1400800,3083500,21254500,543300,13830300,1970100,4757400,42428200,3780000,310000,4385900,5706500,11315600,1970900,3804200,21174600,994800,4196700,18694587,1397200,5759500,1893600,6506900,13876700,3588100,7483000,3534000,912400,2503200,4378000,1346400,2560800,2099800,959500,1462900,2520300,2195000,414000,1434500,6119000,40381500,11201800,1083900,2705700,4663300,5671500,9848100,23022900,1534800,8433700,2487800,2240514,3698400,1933700,90934400,1618700,5951100,6056500,528500,11562700,2259600,4326200,1293900,2148700,7214700,1480900,3234400,8212000,6463800,8315400,413400,2155000,4973500,1820500,10588100,3329200,17277900,15349300,10119000,8994500,16645000,12636700,679300,6011000,943400,235518900,5703900,5637600,8590700,8092900,31840300,4551200,636500,3451400,5164400,2031700,4549900,2164100,584100,1222000,2992300,7677900,5072900,812400,13565700,3089900,1754600,999800,648800,28026200,4522000,1294800,3212400,65519000,1030000,4189700,9982800,5482200,5531100,2149300,578600,1911200,12046600,1794300,15567700,12925700,3068100,15262600,1931100
2025-08-28,38074700,4523100,3657100.0,4674700,2984900,3803100,3697300,7899500,36285200,1886700,2978200,33679600,541700,18907100,2194800,4039600,32949400,4197500,475200,4530400,3936200,10878900,1651700,3276600,13455100,1949100,5321500,22818329,1753300,4241000,2067900,8461200,15256000,5195200,6502000,3771800,1120400,2519900,5687700,1010100,2496500,2628400,852600,1193700,3487700,1937900,337000,1773100,5393200,47723700,9253900,1400500,3388100,4148700,6716800,7209300,32339300,1411200,11982400,4051600,2758918,2820800,2170900,60035100,1548900,6424700,6410500,964200,16209900,2579200,3117000,1385800,1779100,7375200,2159800,3471700,13999200,7242500,7468000,292800,2982200,5807700,1844100,14485300,3898100,18015600,17295500,10917200,6797900,19503000,7478600,479100,15218000,1083300,281787800,5009800,8691500,7998600,9265100,44306800,5857400,636800,2559100,7297800,1982300,8156300,1578300,616600,920800,3117700,7905600,6611900,1136900,18279500,2797400,1438700,1033500,1028600,24658100,5138900,1407700,3595100,67903200,1127100,6166400,11235000,8618500,4987100,2092900,323100,1526100,15842800,2114900,13963200,19241600,3361900,14189800,1831500
2025-08-29,39418400,4264700,4159400.0,4430700,2805800,2639300,2896200,7202100,37516800,1302700,2618100,26199200,510800,21610700,2981300,5008600,32496500,3472500,356100,4663600,4066900,8362600,3673800,3262900,14832500,1588800,3934700,17850910,1562700,4594300,1609000,7363200,14953000,6394400,6934800,4254000,1535100,1979800,5212600,1628400,2151200,2090000,925300,3115300,2345700,1738000,321900,2386100,4003400,44069700,7371000,1485500,5037100,4630500,4881100,4972500,39728400,1467000,8064700,2210300,2112557,2967600,1775500,63734400,1654200,6942300,6796400,954300,14601100,2058200,2551200,1373200,2177600,12178800,2111200,2492500,9209700,5866800,9070500,368600,3279100,5930600,1753800,10872900,3629400,20961600,16774000,11280500,7946000,32098000,14208800,528600,9409000,911600,243257900,4370700,16618600,5796600,7760700,37030000,5318200,890900,2827600,5358000,1530700,9949100,1962300,574300,697300,3774900,6315200,8829400,1328500,11887800,3227600,1716900,886900,672500,26562400,4118600,1228200,3204900,81145700,989000,5372700,12065400,6838500,3671900,2242700,609900,1309900,14792700,1689700,12041200,15600300,3003400,14597900,1534600
2025-09-02,44075600,4335500,4195500.0,5779200,3537800,4229400,2528600,7683400,38656100,1948200,2601200,38843900,868500,19693000,3225100,6339100,52719800,6115000,391300,4977800,7768100,15128800,2329500,4349900,15255600,1431100,5288500,21662341,2847300,5192300,1793900,9312500,18928800,8987900,8947300,3838300,1600700,2389000,6015900,1404700,2449100,2359200,988800,1950100,2771700,2224900,457900,2464100,5047800,57704200,12166300,2077300,4081200,4409700,6253500,5675900,47523000,2296400,11560000,3328600,3450372,3469500,3226400,57661800,2230400,9049000,7221900,1241600,24770100,1262500,3222500,1645600,1783700,14695200,2284500,3228700,6638800,7815300,9350900,551200,2745100,6919700,2245600,11642700,5330200,18128000,13771900,8661500,15187800,23033000,15078700,635600,6239000,1202300,231164900,5442000,10461900,7540100,17348600,44725000,6432800,525100,3396000,6013500,2114000,7520300,1712600,1020200,1076700,3260100,10466200,7741300,1472500,20356300,3467500,2825700,1069700,1141000,31571100,5282500,1303800,4055600,58392000,1860300,6238400,10957100,10058800,4940300,3217100,1143700,1859400,21123700,2666600,13326000,15351300,3101400,15206700,2228300
2025-09-03,66427800,3973500,6267200.0,4806500,2934800,3035300,2429800,7335000,30752800,2604100,3630500,29223100,606700,18529400,3439000,5999000,38344200,4745000,412900,3206200,7518700,14158800,1496700,3401800,12020500,1514100,5048000,19108583,2386500,9793500,1670500,17417900,14320100,6700600,9556100,4454500,1515400,3468200,6288700,1669600,2152100,2753100,1428900,1645600,2060000,2658300,573000,1521200,7992600,47728700,12237800,1723900,4120400,4546500,5293700,6762600,103336100,1485600,12590100,3025100,3736418,3163200,1903000,47822900,5051700,7111700,6316900,933600,33581500,1617900,2222500,1541800,2002400,11023300,1959400,3219500,6963600,10566600,7699300,415500,3964400,6722300,1751400,12714400,4338900,16345100,14101300,7722300,8905900,24715000,8300100,463200,6690500,1125000,164424900,4102200,8900800,9513100,11259200,30957600,6592500,389000,3333700,7329600,2290900,6336400,1174900,1118500,514100,2738900,10201000,7261500,2528600,16567600,3481000,1590500,863800,898000,27245400,4798900,1219100,3822900,88733300,1208700,7039600,9654600,7430900,4176400,3080300,875100,1250900,21828500,2090900,11174000,18995900,3044900,14920100,1664700
2025-09-04,47549400,3531600,6194500.0,5073800,4165400,4918300,5218200,6245100,32103500,2622000,3523700,59391800,579600,31220800,2485100,4093200,34796900,5510000,460000,2976700,7355300,12900100,1634600,3967200,10765900,1556400,6202400,29809633,1891400,5612700,1471900,30967500,14388500,4995100,7243000,5589800,1486800,3673600,6949300,1366800,3069700,3410800,1526600,2826900,2958700,1689700,387200,1859300,5274500,33136700,8509000,1773800,4591300,4024700,4170500,5880100,51684200,1778200,10583800,3873100,4939486,4765100,2950100,59056500,3939600,7854800,6605800,813400,16736000,1660600,2423400,1449200,2258700,8822400,1653700,2881300,11087900,4612500,11439100,413600,2741200,6388600,1494000,12554800,3955000,15509500,18589100,14596800,7707200,30235000,11096200,505500,8519500,1141000,141670100,4320300,10303100,7596300,6342200,41695500,6934900,425100,2499500,7839100,1832200,7781200,1084800,1124300,378200,3218800,6799200,7504600,1922900,12427600,3468700,2103600,999100,1040200,31845400,4172500,1404200,3349100,60711000,915400,11335900,7725700,10741500,4324000,2611300,1131500,1053000,14480500,2161000,10822300,15640900,6804800,12864400,1538500
2025-09-05,54870400,4465400,4327200.0,3286900,4235900,4662600,3664400,7046800,78256000,2299400,4126100,36721800,544500,78401600,2971800,8203600,40063300,5060000,487600,4222900,4063400,17020800,1843200,5239400,12091700,1157700,6165400,22531732,1633900,8510300,1928500,13029400,21050800,5075100,11011700,4896000,1262400,2837600,6669100,1352700,1980700,2205500,1244000,1862300,3207900,3711200,322000,2120700,4423000,47547800,8069200,1665400,4952600,6953900,5353100,7378100,46588900,1822800,11270300,5855600,4355299,3147500,3104200,55975300,2623800,9733800,9837700,1155600,23978000,1066200,3958200,1465200,4488200,8142000,2432100,2533100,7765200,6149600,9663400,311200,2053300,5935900,1696300,13231100,5697300,31994800,28416000,10067600,8678700,23797000,13758400,633600,6419500,1374700,224441400,5321100,15386100,9840600,7186300,34613200,6436200,520200,2595800,4056700,1828500,7954200,1455900,960400,539600,4046300,9047200,18240700,3067000,13436400,3166400,1829500,920300,1094100,25105900,6735800,1442600,3294200,108989800,979400,9491200,14126700,8585400,5448300,2599300,585200,1171100,13406700,2700800,20661400,13748500,6225900,16826700,1895900
2025-09-08,48999500,5525500,4765200.0,5070200,4707800,5043300,2708100,7933600,41849000,2452900,5376600,33947100,717200,43535600,2264400,5955000,48033100,5350000,671000,5146300,7455500,11398800,1876700,9020300,20390300,1210100,3975800,29665908,1973600,9750600,1737000,12602200,14038000,13326400,9462000,5238600,1271500,3502100,6450700,1879700,3069000,1691100,1595600,2006100,2152400,2550500,462100,1632000,4169400,39734500,10436400,2092700,5008600,16945000,4623400,6399200,32474700,1400100,13427900,3742600,4842192,6940300,2322600,51122100,1936500,8382500,8188500,886500,21671700,1677200,4534600,1477600,4464800,7972700,1948200,2873600,7153000,6540800,13087800,321100,2715500,10316600,2006800,13111200,3820800,16771000,19492600,12596500,10106800,19151000,13793300,814100,8180500,2331300,163769100,5197800,18803000,7573700,11127600,49242900,7178400,567900,2791100,6055800,2802400,7019700,1587300,1250400,1195000,5522800,9213700,12681500,1544600,27242300,3712000,2369300,1057900,854500,40649300,4801400,2223700,6313600,75208300,2214500,9701200,18438600,11783700,4711600,2458900,776200,1365500,30273900,2679700,17107000,13685700,6050900,15440500,3313000
2025-09-09,66313900,3097100,3607600.0,4641400,3456400,4324900,2678700,5315400,42802500,1733000,3383900,27033800,440300,26972300,2056000,5510400,40060100,3970000,334200,3748700,5241100,18101600,1710700,8185700,13089300,1230100,3585200,18289981,1969100,5838300,1496800,10901900,11649400,10585500,7769200,5634300,1204300,3345100,5444300,1893700,2182800,2058700,1367400,1926800,1590100,2359000,358200,1763300,3657800,41262700,24956700,1192900,3073600,6217200,4362900,4616400,38061000,2611300,10324500,3516000,3124751,4931100,3466700,42146200,1489400,6005700,7848200,677800,14120600,2966100,2986900,1008400,3120500,7264300,2266000,2310800,4192800,5785000,10999000,421600,1669200,6918500,2307700,9767500,6673200,14410500,20705000,7294500,10468700,22197000,8740200,482500,5988000,1689700,157548400,4083700,41178700,6085800,5866400,32751300,4984900,419600,5307200,3845800,2830700,6126000,1418600,873200,540400,5461300,8635800,10773600,2210000,12029500,2889600,1889400,633100,1024700,35105500,3453300,1505900,3651800,53816000,997500,6135000,46408900,7889700,4646200,3869200,713600,946700,15595500,2136600,17157300,11819700,5443400,14899500,1952600
2025-09-10,83440800,4520600,4772600.0,7397200,5117500,4552500,2528600,5690200,52465300,2150700,2539100,60907700,801600,51086800,1846600,4949500,31706300,6242500,367400,5561600,10385000,12238300,2221000,2614400,19089800,1574100,4406000,18866267,1722300,4353800,2277500,11363600,14689500,11451500,7440800,7993600,1347400,5509500,7484900,3004200,2104400,2831900,1373000,1723600,2499300,2128100,488600,3484000,4251300,47021300,16678900,1446200,3206400,7839700,5180900,7207400,35141100,1996200,13918000,2897800,4546597,5185400,2381000,61600700,2560300,6891600,7787300,712800,16041900,1551500,2477400,1076900,1918300,12279400,2535200,3479500,5407500,6678900,12478300,283100,2811600,6677300,1800200,13073300,4945600,21611800,25791300,9254400,12294600,27010000,11359300,547300,8243000,1439200,226852000,4673300,131618100,7474700,6015100,32975900,6205500,558800,3118900,3979500,2424700,8256900,2288900,874700,709700,4520400,8108000,12543900,1777800,20429100,4309800,2223300,910500,931700,25689400,3573600,1442700,4942000,72121700,1116400,5957500,17804300,6684600,6557900,4199400,473000,1512700,14807800,2045200,16460200,17934900,5766800,15837600,2734300
2025-09-11,50208600,7647700,5241500.0,5578300,4644500,11804200,2634600,8999900,48817700,2233100,2277400,37485600,716400,29430900,2825900,12010800,28055200,4495000,585100,3669000,8283200,13426500,2737900,2838900,22241400,1443800,3362300,23239900,1955300,4721000,1532000,6944900,17560800,9974200,6417400,4658000,1368700,3426200,8399100,1582800,2178000,2411000,930500,3594500,2678500,2283100,384400,2253200,5044400,64196100,14919200,1931400,4016800,5457000,4036600,5808500,30599300,2075700,9071600,5316400,5920911,3576000,2697600,55536900,2182300,5792500,7942500,1022100,15128700,1907400,2197500,1623700,2253400,20296100,2407000,2761500,6455700,6423900,7923300,301300,3663900,10022800,1265800,9667200,7399500,18881600,52446400,7418300,9330500,56823000,9803400,901100,5865000,1515200,151159300,4690700,69986000,5064700,6144400,36784100,5819500,661100,5039900,4800300,2155900,8360200,2333900,868200,730900,4289900,12046600,8724400,2079000,15317600,3701900,1786300,1015800,861300,23581000,5197900,1509800,4321900,103756000,976800,6596000,18943500,10453500,5157600,2621100,808100,1330000,15510600,1816900,17785800,15900800,7890900,11534500,3194000
2025-09-12,55824200,4418800,5263900.0,5700300,5637500,14146600,2180700,5170600,42232800,2143700,3096400,38496200,985800,31949800,2000300,11094900,27851100,3220000,544800,2951700,10541800,9502900,2341800,2930000,13004100,1107100,3169100,25474412,1565500,5170400,1461600,8386400,18529200,6400700,5546300,3979900,1764500,3899900,7640900,1341300,2136400,1996200,1127100,1503300,1821900,1967200,367800,3108400,4244900,50100800,16046300,1688800,3249700,6468100,4340600,12020300,26771600,1099400,6732300,5004200,3362309,3433300,2300500,52672800,2219100,7220200,6846700,583900,18712400,2069700,2198300,1041100,2906300,11060500,2242800,2072600,4608200,4853600,8248600,331400,2865100,7975900,1500300,9939500,4341600,23624900,32288300,9345600,8286500,37849000,11806000,717900,3555500,929900,124911000,3910100,51781900,5328100,5713700,81378200,5957000,463500,3552200,3691500,1380600,5430600,2073000,602600,545700,3194400,9996200,7701800,1848800,13476900,4076300,1547300,1008400,985300,22794000,5173200,1543200,3085700,168156400,1001700,6284200,14016200,5545500,3518300,1642600,619800,978300,13723500,1981800,10498300,11641900,7080600,11105700,3111200
2025-09-15,42699500,5162100,7060400.0,4057700,5385900,6768600,2511600,5597600,36808700,2563100,3883400,33243300,1002600,21792200,1646300,6896200,29043600,4127500,506800,3629800,12020500,10620100,2255800,4768900,25356700,1053700,6605800,22823023,1820400,4932100,2199400,7244600,16203100,7703400,5030500,6002400,1787700,4675400,7150900,2199800,2202600,2042700,1119100,2001800,1770900,2179700,509500,3031500,5441600,47942400,12670200,2151500,3716600,6168900,5071600,4773400,58383800,1292000,8711400,4884700,4022994,4028400,2669700,83951600,3474800,4768100,7122000,845600,15986100,1130700,2790900,1148300,2648100,9785700,2222600,3584500,6803800,6760500,10533800,296600,3219500,9129700,1765400,10229800,4829900,17143800,20101400,10399100,12131600,29093000,10323800,804600,7730500,1548000,147061600,6098800,40004000,5727400,7279600,50760200,5995000,549800,2717900,5584100,1730000,5604800,2558500,995700,621300,3891400,9685900,9645700,2016300,14218500,3922300,1570800,963800,843000,31486400,4186600,1663500,3062500,163823700,1333400,11658400,11035900,6389000,4367500,2080800,592200,1404800,15034700,2074500,9563200,10756900,2756600,12880500,3340600
2025-09-16,63421100,4251000,5072200.0,5401600,6464100,6697000,4044500,6447500,27946500,2157400,3253800,38203900,735900,21306500,1987600,6330600,31624400,4307500,547500,4070000,20889900,12350700,2366300,2549700,19976900,1660800,6555300,23070781,1992700,7860400,2012600,8779800,18019300,6585000,8011000,4550900,1659200,4817600,6844900,1590100,4158400,3189200,1254900,2068100,6082400,2717700,486200,2251100,6252300,58065000,10043200,1833700,5538400,5458800,8132800,6786900,34109700,1529500,12890400,3726700,3543528,2719900,3179400,60336600,2940500,7959300,10525600,776100,18555900,1470500,3881300,1156900,1940700,9897200,2537000,3578500,7680300,8403200,11782500,296100,2208600,9536300,2250000,10065900,7539500,19711900,16911600,7930200,10773200,24047000,8813600,1104500,6501500,2037300,140737800,6206300,51923300,13816500,9283500,57010800,6559600,652700,2989900,6281200,1767500,7997500,3128100,707900,918400,6525200,10244300,13613800,2266100,20804800,6625700,1348600,1164000,1251200,28118200,3786300,1799800,3639600,104285700,1764100,7920300,12695800,6185500,5527700,2920600,732900,1698400,16173600,2715700,10705900,14481900,3173500,17208000,2664900
2025-09-17,46508000,5258400,4973300.0,5113300,5248200,6449900,2540200,9588300,41823800,1748800,3041900,42815200,957100,45197100,3586500,6019500,38337900,5287500,508000,5060700,12061900,14371600,4512200,3476700,18048300,1256600,3951900,17270569,1554000,7072700,1556800,10124000,18652100,4301300,5736800,3492100,1522500,4419300,7333900,1730600,2437700,1883500,1338900,1621200,5107000,2851200,372300,3481400,6037100,68585900,8951800,3123300,4149600,6539600,15178800,6252600,34108000,1945300,8858000,4771700,5742450,3974800,2443000,63093700,1638200,6714900,8657800,723900,17372300,1698800,3471200,1016500,2854600,10996100,2930800,2681600,7381600,7039900,9400900,463100,2757300,7261100,1885800,12642100,4604200,15816600,18843600,10799600,10380300,34598000,11108700,790200,6423000,1485600,211843800,5236300,27707900,8920100,6092900,46351600,6764200,1083500,2869800,5590800,3287600,6057800,2042700,921500,892100,3999200,6632200,14497000,2165900,20414600,5065100,1706300,875700,949400,25967200,4617100,1947500,3422300,106133500,1690900,7209700,8467700,9007000,5763500,2892200,679700,2041400,14414000,3769200,14746100,25382000,5337600,13302000,1958300
2025-09-18,44249600,4445600,4235700.0,5891700,5698200,4752400,2513400,15473700,84549500,3322500,2368700,37931700,678000,24663900,3204000,6414000,35246900,5870000,523900,4058900,13867100,11677600,4331900,2717100,15543800,1179500,3719200,41634233,1890200,4416600,1860900,9344400,20279000,5324400,6244200,4527500,1785000,2871800,9460500,1012600,2541100,2354800,2375900,2309800,3261500,2911400,463300,1857900,3894500,55040100,13174400,6374100,3977500,7115600,7310200,5922800,31239500,1501600,10035100,3677200,4725270,4988400,5990200,523908000,1980600,8200900,8050700,1824700,17722900,1650900,3464000,1107700,2301700,13763900,3294600,4654100,9832000,6596000,10955000,325500,1795000,10329700,1570600,10458900,4323700,18913700,28212800,8488500,10556900,31691000,14918400,798900,7455500,3676100,191763300,6234000,24673100,8438100,6106600,34419000,7651500,652100,3936000,6547700,3180300,10421200,1608300,1267000,646800,3696100,7163700,10439800,1608000,18765500,6073900,1898600,3236600,1531700,30142900,4794700,1576400,3545100,90454500,2167000,7937100,11255600,8067300,7526600,2492500,622400,1979600,16507300,3695600,13021100,14869400,3050000,14628700,2739400
2025-09-19,163741300,14415100,9144300.0,11547400,11522600,7693000,5846000,18903500,55448100,8735100,5329500,97943200,1374400,41240100,8632000,10513700,98970700,10512500,1505500,7356300,16833800,24745700,5069300,5261500,33360000,2573900,14727600,57393503,3143900,15284100,4606000,11813900,47822500,13445800,16734000,9145900,2754900,5934200,23398400,3146600,4842000,8449800,2441200,3117400,3774200,6830300,1214700,3483100,12225900,71676300,21120200,8388400,9652600,12580500,15037000,13159600,55571400,3789800,24469800,6718400,11677472,9858100,4806500,225702900,3780700,25621000,23568600,1586900,31192900,3742100,7349500,2839100,4079000,24271900,6745300,5696900,13348400,17133800,23696800,630900,6507100,22705100,6246900,25627800,14902000,52474100,37309900,14819300,42540200,49476000,33415600,1478200,14036000,4919200,237182100,12684300,40776200,14274600,12365500,86577600,17224800,791800,8647800,10489000,9244700,19444400,3628400,2178000,1045600,7083700,15315900,15163100,2559000,33104800,9381500,7083300,4147400,1924300,62155700,7503900,4244100,7442100,93131000,3620100,16206700,13656800,18120200,13674300,8119400,1291300,3394000,29164200,20205200,36482400,34791600,10034000,38746500,4455800
2025-09-22,105517400,5990700,5591100.0,4837000,6070400,4709600,2645900,15475500,46505500,3050500,3471300,45914500,834800,28660000,3328000,7467700,27468000,5360000,366000,3582900,11013300,11474500,3180000,3935700,17155200,1340100,5864000,38791959,1143000,5798800,2794300,7523800,20396700,7226500,5244000,6387100,1678800,2949600,15479800,1837400,2062000,2842900,1468100,1456200,3109300,2930000,513600,2399300,4538000,58432700,11980600,3850600,4192800,7261300,8413800,7633800,32290500,1151000,13445100,2656300,5098529,5030500,4257400,130314500,2653100,7193900,7520200,1020700,13298700,1562700,2527400,1409800,3435300,13403700,3241700,3657900,6466500,7358100,11706900,285700,2484800,7628300,1783100,11986400,4421200,20009300,25851200,9856700,14021700,25468000,12336300,566700,6039500,2225400,269637000,5909900,44437500,9758200,5797600,67863300,8712900,414800,2798700,5735000,3361900,6196600,1529900,904900,773000,3296700,7881700,11076300,1224200,19114000,5569500,1401800,1754500,2095300,25835300,3683200,2352200,4686900,97108800,1609300,7030300,8903700,10224300,5621800,2613000,730300,1484600,18507700,3535100,14545000,12861900,4129800,15611500,2044700
2025-09-23,60275200,4629900,5634700.0,5136400,6777800,3831100,3052200,12417900,39448300,2342000,2774700,70956200,1911900,21944100,2697600,12760900,28278200,4477500,427100,3933200,14592800,15747900,3856600,1924900,21772600,1447200,5400400,28049830,1098700,8241900,3258500,7669800,22240000,5938900,7181400,4318500,997200,3461200,13145000,1019400,2123700,2158700,1254700,2118400,2634300,3838100,530200,2776200,4590200,55667600,14308500,2879700,3637400,7281500,5522500,5898800,26628000,1758800,36005600,2597000,6615653,5394100,2586600,126317900,2241500,8350400,8584400,829500,15072800,1462900,2910100,1135500,2972900,12051100,3223000,2976900,6218900,6698200,10872600,307800,2254000,7417400,1787500,13145300,5335900,19799600,43316500,7795900,18395200,24991000,10432400,656300,7035000,1828100,192559600,4571800,35280200,8996700,6356500,38955200,8853400,399900,2319000,4622100,3815500,5468400,2064000,1362200,865800,3287100,8765500,6914800,1350600,26182700,4413500,1386200,2249400,1865300,28805800,3308500,3244900,4668000,83422700,1572700,5900800,12504100,7486300,10142700,4022400,580600,1568900,16796400,3126300,14818500,13158700,4020000,25369100,3679500
2025-09-24,42303700,5074500,4060500.0,3932400,6855400,6140000,3029100,6360500,38464100,2374200,2963500,49509000,1284300,19677300,2279100,7354800,27010400,3805000,345400,2811500,14130300,12272400,2776700,2133500,15228900,1348500,6406300,24464496,1405200,7935600,2149800,6707100,17433100,6860500,6285200,4464100,976900,5522100,8755200,1308700,2173100,3099000,1778700,2096500,3712600,3793300,693200,2290800,5460500,60193800,91311700,1687000,5645500,5222500,6023600,10756100,28201000,1402500,19818300,3220700,6534487,3159900,3771900,164458500,2437200,6676800,7310500,868000,14759300,1579400,2243000,1424200,3156000,12435900,2867200,2427300,5874100,6188700,8828200,378800,1739300,6838200,1526600,11804200,5195200,13533700,57096400,11281800,9528300,27731000,10024500,784200,10109500,1669400,143564100,5751300,33765300,7333500,5949100,39669400,6483300,393000,3274300,6373200,3000800,9213700,1130600,777300,765700,4269800,9664000,10336200,1128200,14604500,4826500,1531200,2582100,1684700,28858700,5027700,2409600,3683400,93133600,2075900,5905100,9016300,6988400,5207400,3523400,759000,1530600,21162400,3678800,9478700,11391800,14058700,14756100,4224500
2025-09-25,55202100,6666000,3632000.0,4963400,10401100,3336700,2758000,6027600,36809900,2802700,3022700,52226300,1973500,21678200,2223900,6649300,22957900,6130000,680300,4056100,9434100,11232900,2979200,2579500,24816900,1571300,6060000,20702681,2367100,8076300,2991500,8145500,22351700,6884200,6311000,4096700,1343700,7433800,6365500,1272600,2285600,1944300,1593400,1860700,1746600,3810000,337800,2029100,5140200,67656300,86778600,1768800,4504500,8355800,7408800,7740100,31020400,1413100,14335000,2554300,4322514,11506200,2977400,295709300,3129000,8475000,7083200,710500,14395000,1536700,5136400,1205700,2877900,9621700,2700600,2558400,4621100,8679400,10591100,269600,2949300,5747900,1811300,14923800,5351100,15786500,32209200,12916500,8930700,19978000,13075300,1073900,5945000,1701200,191586700,4799300,39274900,7482300,7101700,56738300,7511400,402400,2596400,4295600,5158900,8093700,1572300,1394200,714500,3917700,8670500,9203700,1582400,11619300,6968400,1303600,1933700,1752400,25658500,4120000,3229300,3824400,96746400,1188900,4042300,8104900,9021100,5398700,4094100,463500,2635400,19012200,2776300,8514900,13366700,10846000,15012600,3058500
2025-09-26,46076300,4185600,2899600.0,4182100,8163200,3073000,3303000,7363300,30316900,1812200,2608300,41650100,1178700,15464700,1728600,17281700,20025800,4057500,435500,3707600,8188400,11296300,2329000,2786100,22456400,1468600,4263400,16608282,1534800,6812900,4812900,4974600,15077400,4900600,7015200,3114400,1106200,4847900,6145700,785200,2644400,14485700,1664800,1482000,6874700,4251700,326200,1625400,6805800,117681800,41515800,2298200,3817600,5074200,5011400,8641400,18503200,1376200,16390100,2316600,3768248,9063900,2564900,268583300,1940500,8634400,7258100,505400,17821600,1476400,3559700,913900,1923600,8789000,2106500,2284700,4110800,5295200,9696300,290600,2104000,5513800,2042700,12205400,5326800,16213100,24045000,8271500,8293600,19450000,15627600,510900,4457000,1214800,148573700,5681800,25990700,10208700,6224700,33374500,5721100,339900,3021600,3736100,2891100,4846000,1303000,838600,543500,3961700,6955500,5288300,1039400,14594600,5203400,1368100,1777700,964900,25455100,4224400,1886400,2543300,101628200,3480600,6206300,6774700,6845800,9619200,3032400,669800,1838600,12456200,3167600,8502600,11859300,7525500,18568900,2575200
2025-09-29,40127700,4958400,3874700.0,4351900,7837500,4075900,2879900,9295400,39828800,1769100,3314300,44259200,1949200,21336000,1658100,11290600,23701000,5932500,567500,5161900,12025300,10748700,2892100,4540200,102357500,1218000,4714000,23759956,1397500,8700500,4107000,6373500,14358300,6605300,8315100,3467200,1055900,3513100,9304100,1277600,4210000,22698500,1885800,1139300,3018200,5446800,623400,1466300,5964200,83325000,40224700,1304500,3860800,7122200,4991100,9788400,32505800,1059000,14035500,3008400,5981918,6022100,2661000,152605900,3024400,8597100,6462400,769700,14818500,1859600,3309200,1391100,3282100,11015500,2615600,3073800,6499700,10956700,9246800,304700,2043400,6867400,1402100,12739000,4186000,17617800,26506500,10366000,13685500,30332000,18479300,777100,5115000,2047700,193063500,6067500,25778500,18526900,11930200,39184300,8139700,615700,2470900,6953900,2810500,7523100,2022300,922400,566600,6216100,11222800,8356100,1642100,14983000,8002600,1282600,1855500,1404800,28739600,4260400,3018300,3835800,79491500,2670900,5090700,6878900,7275300,7217800,2604700,788600,2082300,15854500,3427100,9833700,15477200,5527100,19189300,2870100
2025-09-30,37704300,9187300,3730500.0,7538300,8966400,5360700,4322900,12253800,29669300,3508700,3426900,48396400,1616100,20109500,3327300,9289300,29945000,4937500,691600,3873500,13273700,17789100,2315300,3696000,38967500,1692600,6643900,40287999,2893700,7318300,3096700,10801100,20498900,7293900,7755700,2829400,1954800,7731200,9303700,1516400,3719800,8930100,1593700,1854800,3589100,7130000,589400,1805800,6770400,70765000,38973100,1444100,4112400,10301700,4773800,6964800,34724300,2463900,14345300,3211600,4437420,5926900,2801300,124818400,2134200,11569000,11823300,886300,13815000,2171200,6234300,1312700,3114400,10328800,2379200,2640100,7686700,6603800,16226800,434900,2177100,7797300,1532100,21636600,5547100,19728200,20092500,9392700,13165600,38303000,40567700,802800,7077000,1793400,236981000,6684000,23880800,16686200,7583400,164867300,7762600,491200,3617400,6401100,2239900,5593300,1803300,1662500,878900,4893700,7574200,8609100,1332900,18281900,7481500,1812200,1626200,1673800,34049500,6435800,4363900,4382800,74358000,1986500,3873100,7429700,9876200,8164400,2385700,765200,2260400,24399100,4692300,11429000,13873400,4011000,18076200,3736800
2025-10-01,48713900,12243100,3443300.0,10613900,6545100,6505700,4407800,12699200,39895200,4835400,2960500,43933800,1216000,21122700,2598800,7178000,27709100,8105000,604300,4481100,22363700,13793300,2964700,3328600,29096900,1788200,7014300,32274829,2308900,4794600,2642100,10016600,15530700,11095200,6768400,3635200,2141700,11404100,9736300,1345800,2489200,3764700,1411700,2128400,1926600,4107800,681700,1590400,7776400,73578400,19117000,1432400,3633300,13649700,5067200,8094400,31658200,1788900,10240700,3787800,4124319,4381300,4121600,162649700,2502300,13063800,9235200,1188100,14877500,2286100,10124500,1187000,3106500,15549100,3685100,3055300,8399400,6259200,20419600,398700,2297900,8514600,1265100,33460900,5467400,22632300,41674800,15044800,11306900,41102000,57921900,558300,9149500,1552600,173844900,5639100,23378300,9794100,5880800,150879900,7566000,381700,2980900,8633700,2258200,6153000,2280800,2083200,921100,4034500,8155200,11649200,1413900,11264500,4625900,1836400,1904200,3205800,38415100,6703800,6092700,5206700,98122300,1626100,7705000,8825500,7074800,8381000,2458600,1064500,1995400,19921900,3106400,16961900,16142800,4585600,16614000,3677000
2025-10-02,42630200,8107700,4562200.0,5916700,4323200,3955400,4243400,11166000,55475200,2123200,2822300,41258600,1421300,19917600,1907600,8281100,22757200,5212500,615800,3461400,11943300,14511900,2648600,2149600,20949000,1699500,5667200,26690578,1646200,5428600,2063800,7679200,15708300,4905600,7562400,3583700,1511900,6798100,8695100,1824900,3098800,5497400,1425600,2181800,2424900,4427500,442900,1777800,11435700,74530500,23508900,1761300,2508200,10134700,4289500,9614600,25483300,1553700,11492600,2964700,4570364,3814200,3335900,149361700,1910800,7728100,7600000,924900,14350700,1677500,4291800,915500,1951900,16417100,2483500,2690400,6221000,5529500,11415300,285700,2167500,6043300,1642800,14575400,5087400,21222900,25122200,9266600,12149900,46855000,26254400,453900,7559000,1473100,136805800,4493300,16215500,44032900,4497300,69684100,6892100,381900,2935700,6930000,1829300,5499500,1626600,1096500,816600,3498100,9461500,6881600,1564100,10930200,4436200,1494100,1560700,1641700,39597200,4449400,3262000,4325500,137009000,1366000,6798000,8564200,9815500,5198000,3916300,900000,1642200,21550100,3059000,11420000,15605400,6982500,13062600,3262300
2025-10-03,49155600,6547300,5911300.0,5362200,3384000,3122100,3554600,9269800,42699100,2518500,2863100,43639000,841900,14749100,2404000,6634100,24565700,6740000,377200,4678800,10768100,13863600,2996500,2359500,23869100,2837000,6725800,34826773,1715100,4321600,2319200,8849800,11113200,7085400,7249300,4021900,989400,5927300,7148400,1635900,2761900,3671700,1054600,2683000,2711900,4788700,391900,1372100,4745800,100778600,23921600,1739400,2817000,8088700,3599500,13031900,30249600,1470500,9609100,2951300,4590417,4375100,2910800,125359300,2197700,8675100,6029900,953600,12249200,1250700,5088500,1006500,2023600,8970300,2331600,2599100,6368300,6205900,16154300,329700,3411600,7028800,1968700,12970600,5182100,15112300,29399300,12116600,7791700,31374000,18794900,435900,5832000,889400,137596900,4124200,13688400,17360500,5425700,70524000,5212600,319300,3136900,11151500,2000400,5137900,1401800,1154500,836100,2678300,7634500,6762200,1188100,9581400,6022100,1146500,1347700,1078500,34891700,2993800,3048500,3767100,133188200,1728200,5167600,13494800,7098900,5199700,4487700,620400,1315800,18016000,2001400,10124900,11867500,3850200,12950100,2569700
2025-10-06,44664100,11940300,5474300.0,6745900,3400900,5340200,5123200,7891900,248859600,1957300,2968100,43690900,909000,18465700,2116200,7665300,25386300,8847500,772600,3519500,7797300,10398000,2629200,1656300,21702900,1555100,7520900,29735156,2190600,3454100,2504000,13922600,21952700,5894400,4778900,5905300,1150200,3849500,6141200,1873600,2289000,5540700,949100,1725300,2218300,3362100,425200,1852100,6290500,90544900,26706800,2034400,2759800,9090700,5989000,8921500,28894700,1632600,7899000,3653700,5471895,2881900,3908100,112086100,2478900,5806100,7214500,946000,14333300,1539000,3651400,1389700,3307700,11217100,2573500,3814200,6410200,7883300,21654700,259600,2421400,7768400,1013200,11648300,4696300,21388600,36392300,15767600,8890900,29686000,14039600,540200,6439000,1158600,157678100,4976800,14076800,13261400,6750700,62945600,6737000,408300,2540200,7071400,1610000,8265800,1468800,1072400,759600,3816900,14996700,6284000,2032100,18649900,4870200,1568000,1997500,1721800,63474300,6309600,2560100,6171700,85324900,1399800,6019800,7181700,6987000,4735600,2020700,523100,1191100,75944200,1932200,12837700,13303600,4082600,12036800,3119700
2025-10-07,31955800,4901000,4415900.0,4816100,5930400,3275500,4141800,10543300,115748100,1504300,2741700,31194700,745500,18086700,1708900,7610600,24107300,6615000,531300,3057400,8180400,8519400,2135400,3420300,24053600,1037900,7362700,32197579,1628600,4071900,2601800,8387400,16493200,4606500,5479600,9524000,1237600,4008700,5409800,853900,2723300,3385000,1020800,1782100,2625400,3571700,286700,2321600,6846400,154390200,19846800,1377300,2578800,8712600,5050600,10702900,23181300,1547200,12180800,2505700,4109677,7190100,5758300,111140200,1917500,8776800,8454200,878400,13328300,1283300,2610800,922400,2597400,16549800,2120700,2515700,6049300,6638300,12062900,253900,1696700,8825500,1352300,9449100,4589700,14615200,27828200,16109700,9041100,33091000,17368000,838200,5974500,1729200,140088000,4613200,31723400,8613800,6110300,47744200,6844400,377500,2969000,6789300,1917800,7147500,1129700,656400,621600,5186500,10070100,7582100,1499800,18080300,5607700,1601000,1468800,1393200,43249600,6700900,1870800,3942400,102296100,1383200,5396100,7236200,4726800,5044600,2173600,636100,1589400,34001300,2241600,10371300,15538900,3715700,11945000,2753700
2025-10-08,36496900,5412800,4407400.0,6654800,5672000,3285000,3869600,7875500,159983500,2940600,3329700,46686000,853800,21478300,2184300,6189700,24014200,7227500,393500,2944600,7135900,8496000,3959400,4330200,15208900,1172200,5928500,25357468,2347500,5289400,2376900,7120200,34246300,5062400,5678000,5312300,915300,5089500,7074400,1471700,2423000,3883100,919300,1833900,1699000,4190000,474900,2168600,5218800,78469700,25769000,1636700,2658600,6532200,4995900,5430000,21307100,1939300,10032800,2517600,2985760,5297000,5054400,103202100,1767300,5751200,6489900,1476000,12606700,1208500,2180900,798400,1995600,13695700,1934700,2464600,6149900,6881500,10790600,243000,2084200,10933700,2416700,9696200,4038600,13363400,26833900,13775600,10212000,28514000,13051800,938800,5453000,1223400,130168900,4673500,18982100,7592600,8256700,48693300,5254700,496800,2324500,6368200,1772500,7302200,1879300,1415800,679200,4683700,12397700,6115700,1549000,15217300,3700500,1318500,1597500,1835000,36913200,5158400,2153200,4059800,71192100,1332900,6377700,9438300,4896000,3927500,1582400,534200,1930200,35601000,3116800,11277400,13584100,3142800,12301000,3016500
2025-10-09,38322000,4607600,3414800.0,3237600,4427400,2895500,2915900,6701400,94290700,1369000,2211000,46412100,1069500,17643700,2094800,12974800,21816900,5562500,478000,3172200,7724300,11300600,3113900,1894900,13514400,1153800,6468300,24066185,2040900,6940000,3742900,7929100,21209500,5963900,6178600,4198000,992700,2572600,6502400,1190800,1500800,3618200,1139000,1291600,1851000,4612100,324000,1723200,4504400,70320500,23238000,1254700,4292500,5018800,4472700,5441800,27892100,1575000,8171300,3321400,3983949,4912400,3838700,89884700,1583800,7484800,7060300,1247700,12705200,1499900,3071700,1186000,2284800,8102500,2579800,2802700,3842600,6642600,12717200,232600,2512200,6965100,1284000,10938200,6092600,18343600,19721500,7486100,10645800,28241000,13410900,1007400,5197000,1376100,182997200,4040100,26479800,12263700,13706600,47278700,6134500,554900,2276200,4455400,1577000,6928400,1391300,853300,588700,5962400,9075700,8584300,2228600,12284900,4113900,923300,1874000,1746200,33129200,3750700,1830700,3303700,69339900,923300,5006100,8759800,5784700,4434800,1655500,363300,880400,34868200,2420300,8432200,19508000,3389900,10976200,3511000
2025-10-10,61999100,6156900,5107100.0,5654100,4548800,4282400,3890000,12829700,118656600,2660500,3154400,72367500,896100,28941000,2684700,10647900,31831900,4922500,643500,4763800,8056000,18619500,3889100,2703600,17265700,1108400,5100900,24430886,2146000,7892400,3142500,7988300,20961500,8329900,7796600,3937800,1581100,3585500,9635200,1551700,2955400,3524100,1014300,1769000,2712800,4434200,470400,2164700,5979700,84595400,24243400,2436200,3380000,7896600,5867000,5454400,33180300,2457900,11857500,2992400,5870195,4508500,4175400,183063300,2773400,9598000,8597400,1576000,17991700,2038900,3431000,1313800,2158600,18749000,3553900,4016200,12554600,7697800,16980100,347000,3504400,11649600,1678400,11230700,5531700,24133800,26990300,10285600,9047500,42798000,18806100,659700,7019500,1146800,268774400,4849400,28895300,17095100,17545200,64963900,7374000,596000,2924100,6542800,1963600,15818600,1413900,1495000,862000,7776400,11129800,8023600,2419300,15644200,5296400,1621100,2223100,1261200,37980100,4261200,1415800,5106300,112107900,1350300,9630200,13141900,8506000,6296200,2362700,570900,1148600,38107700,2538100,16004300,18519400,4273600,13811600,2958400
2025-10-13,38142900,5411900,3344800.0,4008100,3572500,3020100,2253200,7853000,63104000,1838400,3242800,37809700,856000,45984300,1693100,5657300,34462800,5117500,742400,3183500,7105500,18463600,2618400,2626400,13933500,845600,5758000,17972655,1687800,5887300,2169600,8276500,14127900,8436000,5978800,2979500,1758500,2229700,7435100,957700,2136200,2431300,721300,1173300,2028800,4453700,446400,2089900,5192400,73939400,15475300,1351200,2604100,5124600,4438700,3993600,24995000,2766000,9793600,2925900,3950634,4333800,3074300,104020700,1863200,7979500,10788700,1227000,13690000,1287400,2167500,926700,3072000,10048100,2996500,3369300,8316300,6417600,9251800,280900,2724800,8089700,1095500,6553900,4735800,14284200,20928400,8424300,9732900,24608000,13191200,452600,5926000,1051300,153482800,4231700,21703700,8521500,7272000,45356600,7511100,360500,2624300,5684200,1219100,10311000,1337700,1426400,601500,5322300,8052000,8773400,1697700,29484700,4261800,1124000,2139700,1134800,36313700,4144300,1686600,4698300,79552800,931200,8610300,5659400,6132200,4030700,1382300,588700,880700,26453700,2155400,14229300,10871200,3800000,10296500,2261300
2025-10-14,35478000,5527600,6171600.0,8147900,3788600,3036900,3189800,8260000,71216300,1975900,4174900,45665600,1343400,22078000,2810400,5975700,42462600,5175000,1146400,3056000,6098000,33164600,5459800,2361100,18603400,1073900,5515100,24966413,1870300,6003900,1925900,9123900,15402000,12540000,6419400,4398900,1258400,2254100,7898000,1138600,2712900,3145800,1234200,1638300,1981400,3101500,502000,1669400,5195700,89117900,16563400,1227700,2516500,6311100,5846600,9005000,22111600,4710800,10007300,4399900,4297262,3058100,2849100,117908300,2085700,13613300,16178800,1055700,14245600,1664800,1928400,1078000,3130200,10509700,2627300,2992800,9058400,5632000,8829800,329800,2604800,6584800,1389600,9675000,8023800,14684300,15912400,8912900,9064100,23624000,9483700,437500,4395000,1327000,205641400,5303500,17346200,9011800,8371100,42277000,8585300,336700,3150800,6198900,1941300,8675200,1555500,1010600,1083700,3590500,7510300,8934100,3393500,13014200,5343000,1528600,1445000,1288200,43644900,4431800,1601000,3894200,72669400,900000,9919400,5974800,6306800,5731000,1953400,858000,1048300,22346100,3481500,36260600,30859500,3928300,11167200,2805700
2025-10-15,33893600,5459400,5677900.0,14906400,4118100,3929900,2495200,8033600,108481000,2502100,3353900,45909500,1161800,23918500,2186000,5055600,69992200,6875000,1003700,3566200,9149300,15730100,3447100,1984000,13077100,986400,5321200,21912552,1758400,6036100,2009800,8389200,16260500,11762200,5824900,4449800,1019900,3081000,7012600,1447900,3023200,3807300,813400,1764700,2636000,2764600,359500,1589200,5960600,88960700,16028100,1453500,2773000,4551900,5596800,7976900,27007700,3217400,18225900,3690100,4700548,3346800,4174200,99242700,1910700,9473000,11354800,1313700,11193700,1838000,2355800,1678500,2569500,9722700,2262400,2522100,10045600,5711800,10246800,637700,2381500,6790100,1882600,9168700,13673700,14694700,17793100,9268600,9140500,20252000,13001500,666700,3817000,1091600,214450500,5143800,13698900,8304400,6101100,47729800,10003100,646700,7999900,4683500,1864600,7334100,1087400,927700,828000,5954700,11094300,15688800,2245800,16212900,7287400,1409400,1166100,1489000,34674000,5397600,1430400,3286600,71558200,1325300,9416800,6579600,4903000,3778200,1756500,880800,1273200,18233200,2862500,22909400,21416300,4904500,12182900,3198800
2025-10-16,39777000,4737500,5254200.0,9768100,4800800,4570900,4072000,7742800,69726400,1715000,3394700,42414600,2119300,20317200,3268000,5555200,49027700,7642500,1250200,4254300,8221000,20534000,3463100,2172200,18101200,1029000,7215300,21743966,1419100,7816600,2721400,24869700,13950600,7567900,5276800,5117600,1574500,5818300,7531200,1318500,2785200,2631600,1637300,1162200,2430900,4392000,468300,1597300,5269000,108701200,15081000,1414600,2623100,6742600,5215000,6061300,27997200,3160900,22870500,2783700,3294299,2956900,5576400,83357800,1966400,10611800,10549400,1031100,15707200,3033700,2272900,1099700,2258700,11650300,3210600,2021600,5193200,7346400,9017000,308600,4279200,6458100,1193700,11709100,10477500,15559600,42041300,8333700,13010400,28326000,15349700,781900,5392000,1365400,179723300,4717800,32500900,10736400,8532900,44390000,8809700,1014800,6320200,5110000,2161400,5686700,2641100,842200,630200,3926600,11552100,17319200,1913700,24453600,4927000,1069200,1690800,1126000,49513100,3400100,2115900,4217400,77189900,1327000,7188200,5872100,7056200,6241500,2661300,791600,1314400,16751200,2631000,22715600,16366200,3959700,11782200,3385600
2025-10-17,49147000,7150000,4479100.0,6806800,4436100,4035000,2762000,5272800,55804200,1959400,1981400,45986900,1324500,20937900,7025200,6482700,48915400,7307500,777500,3794300,6499600,14007800,2814700,2654800,16897400,1729700,5949700,22066520,1881200,5774600,2502200,10851200,16286900,6951700,7735500,4457100,1136300,4147000,10090500,1321500,3120800,4512000,1881700,1440100,1971800,6667700,350600,1732900,7553500,107633500,14027500,1592000,3949300,15845900,5562700,7956200,29671600,2884700,19104300,2657700,4109677,5309600,4090300,119394700,2209200,7764400,10153500,879100,15541800,2365300,3983000,1915500,2549600,6389800,2756700,2194200,4582800,5991800,12232400,321500,4494000,6389600,1954300,10758900,7965000,19867800,23283100,9142200,19714200,29571000,10054000,825200,4200500,1836600,173135200,4241100,37653000,9536600,6710100,40101900,8612900,570200,5377000,5371900,1756900,4833100,1830100,745700,681600,5435200,8527600,9199700,2203400,39002900,4916300,1045500,1787700,1129700,61491800,4003100,2010200,3446600,89331600,1001800,5082600,8608400,9396100,6267100,2148700,675200,1054400,20523500,3152400,18799000,13735600,5174900,13460100,3748900
2025-10-20,90483000,5246700,3976900.0,5810000,3495200,3903200,2989400,5494800,56741700,1613400,1782100,38882800,969100,15640200,3465400,5865100,25786000,7477500,678800,4605300,9309700,11302700,2170800,2378400,15392300,1608900,4087500,18012454,1556800,4636400,1523700,9963900,12183500,5703300,5676500,3726000,813800,4971500,8047500,1705500,3759300,2322800,1482700,1946900,1813700,3635300,438500,1331400,4466700,77878900,12617500,893300,5058700,8149500,5357000,10184600,22350200,1925400,18902600,2761100,4147661,3494300,2884400,80230200,3410000,8034700,6894900,1078500,17786800,1895900,2279700,1433300,2110500,8919400,2046400,2329600,5562100,4069100,8900200,244000,4230400,6209000,957900,8611800,5741000,14665600,23268400,5225700,11868600,39862000,9670000,1084100,5358000,1291700,128544700,3687600,32810700,8811000,4810600,35856800,5601300,557100,4181000,7779200,1997900,8194100,1112700,639100,422600,6517800,7679700,7380900,3061200,17997800,5044900,685200,1697100,1417300,66161100,3321600,1665200,4561300,63719000,1340100,6620200,5996500,5456500,4665000,1354000,671300,1083500,28079200,1901700,15777200,10581200,4000900,9523600,2479400
2025-10-21,46695900,3298100,3331500.0,4934700,4475500,4389700,2395600,4557500,47122400,1533400,1749500,50494600,1058700,16092600,2658400,4209500,27303400,7612500,1052000,2714500,8955900,9150100,2259100,1804800,19411400,1381100,4447200,32098561,1779600,5895500,1448200,13354700,15763300,6220100,6304900,3590000,953900,10741300,8163200,1391200,2628800,2620000,1563200,4061800,1779100,4254000,384900,2334700,5343500,297153200,12932200,1142200,6726600,5559000,4990600,43706500,47312100,1782200,39857100,2306900,4031800,4081000,3560000,73134900,4779600,6716000,7372700,744700,33651300,1766100,2099500,2870000,2056200,8855600,2722400,2461100,5611900,9149800,7647300,278100,7302200,9162400,1282300,9852400,4220600,15586200,13717300,7282200,17038300,65082000,9659200,1750700,6299000,1609500,124240200,5307300,18370800,8563800,5614300,40726900,6013400,409500,2975600,28418100,2315000,6176100,1691600,651600,499400,12296700,8262500,7450900,2268400,18033400,4582900,1073300,1033200,1062100,100445700,3886900,3932400,3580500,54412200,916000,10301500,6885300,6181500,4121800,1605200,689300,1075900,29881700,3450300,20101100,10899700,1888600,9202300,2073400
2025-10-22,45015300,3523500,3292700.0,6186800,3899900,3436000,2461700,7498100,59668800,1698500,1535700,44308500,1098300,19268800,2710000,6310300,34955000,4895000,618600,3376000,17749300,14369200,4149000,2637600,19819600,923300,6773600,23490859,2070000,8307800,2372400,9370000,14967200,6361100,6036700,3928300,1293400,4498800,7569200,1542900,3143000,3836500,1959900,3056900,1913400,5151000,433000,4029400,6652400,415062200,12134400,1092400,5212200,5436300,5553400,18831900,35029400,2141400,25418200,2857000,4532910,10538500,4676300,87099900,8347500,6343100,8054100,1361400,18293000,1856800,2930600,1725700,2508200,16927800,1820500,2735700,9989800,7148600,8734500,220200,5275800,6025900,1709800,10926300,4360200,18962700,21949800,9208900,15846000,147890000,8096100,1122800,6073000,1406600,162249600,4077400,16474000,11053000,6486000,48662900,6394400,442900,2727300,12741400,2144700,10083800,1642300,691200,623900,10219100,5286300,10388200,1797300,18761400,3438200,919800,1715000,1789400,95468000,3800000,3461200,6674900,84023500,1590400,25834500,7833000,5258500,5074400,3181400,733700,1697200,31009500,1571800,18955000,12296500,3561900,12938800,2875400
2025-10-23,32754900,5818000,3239400.0,6700600,2885700,2408100,2284100,7001900,39024400,1496800,2279900,31540000,956400,12859200,1892600,5356200,26028800,7767500,371600,3063000,11114500,8189100,2619400,3984000,19081400,1214000,6198600,22618373,1578500,7866300,1974800,6110100,14614100,6025900,9810900,3015600,1161800,3664000,6945400,2510500,2531000,3357400,1691200,2493900,1800600,4603500,375600,1601600,11514900,479840300,18292600,1311500,3091000,4635300,4809100,12647200,19901400,1615400,20225000,2767300,10045972,16676400,5803100,121974200,4011300,8882500,5438800,946600,13989400,1527000,2632900,1445700,2234800,13336600,2187500,2081500,7224600,5212500,9856000,189400,4779100,5163200,1931400,7687500,3735600,14023500,19397900,5630800,14759700,68497000,9124900,655500,4223500,1182900,111363700,3455700,16872200,13814600,6091800,34219900,8205400,506400,2647900,8147000,2824200,6546400,1188300,778800,414000,5249400,4565500,7708000,2346400,19431500,3194500,1168200,1180300,1352700,107294100,5072500,1979300,9826400,126709800,1042000,8412500,5756700,5764800,7217200,4679900,664700,1760900,52663600,1832400,14157800,11408200,4189100,15001100,1566300
2025-10-24,38253700,3554700,3344300.0,5071100,2793900,2016900,1888200,5346700,71221100,1376300,1721800,38685100,829500,16143700,2397500,5238100,38923900,5637500,560700,3166800,6798400,11870700,2392000,2108900,19776100,1318300,4247500,19207601,1273700,7886600,1639400,5490800,13075600,5642500,4979900,3669200,1187200,3955300,6235200,2472300,2175000,3406100,1516600,1318300,1251200,3133200,367700,1650200,6295900,298366900,10605300,1105300,3586800,5438600,5085600,12571000,28655100,2505600,12314400,2426800,8531289,16914200,4185800,246380000,2692300,6903400,7228300,825500,15688200,1593300,2211200,1368400,1804000,10966400,1839600,1994500,7533200,5401300,9151300,293300,3612300,4489700,1233200,7902100,5547500,15532400,25821800,6249800,21379100,60280000,7102900,564700,5355000,1360300,131296700,3884200,13194900,7213300,3580200,27429200,11968500,511900,2965900,6303600,1697900,6256000,1222700,875400,419000,3471600,5844600,7124300,2375300,17000600,4353300,1229500,1306000,1143200,80553700,3442600,1655700,5884400,94727800,957400,7691800,5462100,5256200,3576700,2352900,707800,1004900,27485700,1893800,14011400,10318000,2910100,9919400,1375100
2025-10-27,44888200,2784400,3839000.0,6254200,3033200,2828200,2811100,7671700,65613100,1794300,2979100,38267000,914700,20065800,2179900,6084300,27345800,5372500,726100,6451500,6857600,13214200,2493800,2369600,19687500,1375000,8337400,25722596,1541100,5716000,1967600,4942400,15986800,6129000,4884400,4020200,1273100,3454900,6029600,2103800,2308300,1939000,1715700,1137700,2325500,3795500,468500,1772200,7681000,140859000,14374400,1586200,4244400,4752700,7592300,9724800,35235200,1645300,9648400,3065800,5723140,9868200,4078300,160007600,2135500,7126000,5642200,971100,13800000,2337600,2114800,1423200,1939300,13313100,2981000,2139700,7361900,7063700,11321100,291900,2922300,7713000,2622200,7226600,5056000,18734700,23873100,18741000,23560400,46911000,9838100,501200,5735000,2765600,153452700,4946500,13855800,7546400,4744600,34974900,7775300,515700,2940900,10233700,2501700,81799300,2644600,1246100,601000,4039700,7164600,7577900,3088700,17423200,4019300,1005000,1862600,1179900,86220400,3775400,1563600,5968200,105867500,1318200,8606300,7766400,12012900,5400300,2614200,700100,1261800,27487200,3371300,11682000,16375900,3627900,10975400,2317400
2025-10-28,41534800,3724200,4463200.0,4763000,3425100,3005600,3890300,6118500,47448700,2217200,6047500,47100000,996600,21056000,1416800,7027200,29575200,10177500,390000,5029100,5612200,8766400,2775400,10161000,36340400,1173600,6814500,28876008,1860300,5234800,2090800,6435600,19896800,9852800,5066500,4476500,1064700,2251700,6839400,1432300,3159200,3019100,2255400,1368700,2525800,3064900,603800,1551400,7730300,96738500,11973800,1792100,3058100,4723500,6617600,13072200,29738600,1242000,8571600,2372800,4500232,6044800,3322400,181256400,1586400,8329500,6336000,665400,12730500,2110300,2493500,1220600,1612900,7939700,2916000,2336500,4808700,15035000,12193800,293400,2448100,6000600,1171000,8345900,3601000,29986700,14957500,13998100,13352200,40209000,11262400,714700,4724500,3402700,297986200,5791000,12448500,13300100,5626500,50152400,5819300,465300,2922800,7725500,2366800,20323100,8597400,2126800,549000,3344100,11545600,7090300,5420800,12504600,6012800,962300,1328300,1325100,77662500,3628100,992700,4467700,80185700,1455600,9646600,18858700,30027000,7445400,1708100,723100,1219100,30719200,5371100,13201000,13323000,4134400,9535200,2934300
2025-10-29,51086700,5469300,5102900.0,5182000,5780700,6746500,9568500,7784500,49335600,2824300,4501500,52036200,1142900,24975200,1840500,20940100,29158800,11540000,861700,6204500,6969100,11878800,6948500,4055600,32133800,1992400,8658100,45729166,2926000,5476300,2449600,7904200,18020600,14783500,7344400,4507800,1134800,3030400,7097100,2017000,3686400,2166600,1582100,1572900,3356600,3740600,556900,2245000,11932600,127512200,19707800,1488500,3596800,6032300,8082300,10575900,43580300,2251500,11791200,3852300,4441983,4135900,7586500,106962900,1721800,10551100,7520300,1463500,19789600,4087200,3591200,971500,3121400,12783300,3763400,2502300,9882000,20841600,26818600,410100,3163400,10276100,1624500,10921900,4963500,36023000,23217300,11681500,10811600,33995000,15143100,723200,13434000,2290500,308829600,7192900,18007100,10870100,7767600,65438400,7405500,484200,3329800,7637100,4455900,11614600,4187700,1751500,880700,4285200,13881700,11773900,2037200,16662800,6431000,2293400,2540700,1451400,102715000,4383300,1953600,8834600,67983500,1520300,11961900,11874900,10789200,8361700,1569800,1285800,1324900,53730200,4807100,16444400,11986400,4254500,12570600,3186200
2025-10-30,69886500,5020700,4013400.0,4877400,3982200,4373200,4430100,7317700,45162500,2058200,2954900,102252900,1090500,24295300,2045100,19417000,37548600,8150000,631700,4786600,6834600,9584000,2574800,2800800,23362400,9349000,8657900,68328653,1568700,6114200,2677100,7767800,18101800,14120200,8971200,5005200,1035000,2897200,8311300,2069100,2666400,2143800,1659200,1709900,3160200,3698700,1065200,3112800,6539200,80766300,11822900,1767600,3782000,8349600,5910700,7559500,74876000,1829500,9772900,2384300,6511200,4694300,6950500,84855500,1777000,7072500,7514600,2037700,14751700,3635300,6037200,1081000,2076700,10440600,4284700,3128400,5752900,12884300,88440100,470600,2143700,24613800,1697200,16678800,4960500,41023100,14795100,7620100,10528300,41581000,13895200,1102800,15203000,1766000,178864400,7396400,27954200,9556000,5752700,157478000,6760700,476000,2367100,5747900,3093600,7862900,3148100,1120700,538700,3637300,18337500,5753500,1609900,15557600,7421400,1571500,2630500,1768100,82167800,4168600,1315100,6235200,72447900,1264900,9477600,11441900,10073600,6411800,1849500,2616900,1234400,47371000,2802000,14830000,14065100,9264000,16172900,2476000
2025-10-31,86167100,10825300,3481600.0,7044900,3847800,3763400,4518400,6532600,34449200,2687100,2604700,166340800,2161500,21598400,2155600,10696600,39295700,4430000,895300,7146400,7273900,11190300,2974800,2582200,44832700,5144700,17696500,52397489,1644400,5635800,2456300,6878300,24008000,9680800,11136100,7892500,1116400,4042500,8700600,1838600,2961900,2267300,1519700,1613900,4636900,3965100,816900,2407300,8716400,68862000,11939500,1642600,4023800,10030000,6762000,6993600,39267900,1328100,9175500,2643500,4067800,7697500,7069600,80471400,1757600,8791700,7721300,885200,16742700,4072800,5015000,1185000,2404700,9652100,3567100,3582700,7081600,13262800,56953200,354200,2096600,15679900,1539000,12385000,5323500,34006400,16320000,9407300,8511100,68665000,17822500,840200,11872000,1992600,179802200,6794300,16898700,7211600,6313600,132697400,7930300,622300,3892700,6200300,1917700,9452800,1999300,797900,723700,4347100,13598000,6275200,1558200,15188200,5432500,1912300,2522400,2750300,89936800,4877300,1872200,4956500,83135800,1411100,8707900,8390800,7305400,7301600,1670100,1463000,1499100,52181800,4039900,14776700,20237000,6202800,20213400,3338200
2025-11-03,50194600,8874300,4053800.0,5833000,4196300,3916600,3108600,6160600,36351400,2753300,3481700,95997800,1472900,17198900,1822900,8103900,31252300,5672500,790900,5868100,8031600,10829100,2439400,3551900,21219900,5479600,10824100,42307297,1471800,5310100,3206600,7054300,21733400,8239600,8512200,5929700,957500,3883300,8542300,1513700,3365700,2618400,1973700,1530000,3373100,3749700,506600,3254500,9713700,80419400,13717200,1591900,3297600,8294100,7765500,10252300,29786000,1569100,8681200,2897600,4963400,4958000,4428200,61267500,2075000,7542600,7770000,905500,15660400,4908100,5401500,846600,2333700,7302400,3175500,3899300,5769400,8849900,33003600,712300,3141200,12745000,1443200,13875800,4719200,22374700,21199300,8508200,8413300,58634000,22633300,657800,8733000,1642400,180267300,7773500,15709200,7293400,8331500,140871300,8946400,665600,3336100,5056100,2636900,8535100,2467200,810300,806600,3843800,9525100,6980300,2386600,19349000,14019100,1965500,2068900,1877800,89327700,5195700,1835000,7093300,84595200,1513300,5208300,11181400,7693100,5538000,1658000,1976500,1939100,39851100,2926400,12769300,14811700,4716400,12290300,3994500
2025-11-04,49274800,6184000,5967300.0,5607700,3688300,3694300,2678700,6896400,56491800,3412500,2663800,51546300,1720000,24047500,1887800,8619600,47226600,5670000,934800,7803200,6945600,13449100,3440700,2808700,39919000,3686500,8928100,48614334,1539200,5740400,2554500,6792200,22345000,7129500,6976800,6614800,1576900,3079900,7950100,1448400,3169800,1772200,1625200,1548700,3866100,4758700,435800,7551400,13496600,70360600,14388400,1602600,3938200,8467200,5281800,8478200,30078400,2046000,9532600,2590000,5727000,5677300,3135800,102250300,1780200,7209400,7085200,1201400,12743800,3483500,5911500,1169300,2632600,11211100,2653900,4151300,8075600,12649100,27356600,725000,3520900,9866000,5838700,12846100,5739200,20958700,23696200,6474500,9923700,38718000,13725400,494200,9724500,1748900,188919300,11474000,19772600,7720900,8302900,166162000,9295400,611800,3086900,5712900,2665400,12323600,3815500,1030900,737600,3837800,17774600,7719800,2221000,18718800,12289100,2382100,2089700,1801600,75032700,4473300,1636000,4937400,87756600,1818500,11462300,9646600,6457700,5920200,2188300,1830000,2365500,33632800,2578100,16737700,12636400,7431000,16860700,11921500
2025-11-05,43683100,4928200,4580400.0,4597100,3631800,2646700,3738900,7230800,67366600,5486200,2330500,40610700,2160000,17087600,2195800,9885700,54353600,6372500,550200,6551200,6443300,9992400,2701300,2012500,21405900,3202200,7515000,42945896,2379800,6384600,2974800,5241200,16113500,6078900,5894700,7846100,891600,2935400,5746000,1681000,3822300,1301400,1560000,1299800,4780300,3636000,592000,3075600,9720500,79134300,12057600,1682200,4711100,6417500,5408300,7807000,31010300,1832700,7909200,4763000,4206400,4650400,3980900,74631600,2863400,5049400,6865200,901100,12850100,3076400,7272900,1708000,2749600,11130200,2198500,6070300,8254300,12718900,20219900,708600,2656200,8448400,2092700,9440200,4133000,23024300,28617400,7291000,8682500,35539000,20979800,535800,7604000,1466200,171350300,7875100,11991500,8251300,7136400,107240900,11199900,772600,4179300,5928400,2206900,18845500,1991800,724300,1199700,4493800,17996200,8338800,2543600,14655300,12553100,1809900,1567700,2110200,61112200,6335900,1682900,3463900,85573000,2309400,9770200,9697100,6215300,4984600,1762400,1709600,1420800,22947100,3129600,15609400,13356800,6708200,12400900,8355300
2025-11-06,51204000,6615300,9853400.0,4714700,3512400,3888700,6242600,9278400,66049700,3330300,1960500,46004200,4254500,19896900,2354600,7740500,55296000,7330000,415700,4964700,6809700,9282500,2245800,2568200,16602400,2882000,6823200,35022568,1847400,13101800,3247700,11041800,16469900,5807600,6466300,5342400,1258600,2845700,10291800,1473600,4674700,1953000,1732400,1259200,3634500,6018300,671500,2235800,6482900,82291000,25307300,2224400,3467800,6087500,6110200,6086300,37173600,1572500,10367700,3622100,3031300,6818500,3497500,77629900,2052500,6767400,7206100,1178800,15906700,3443900,6417400,1093600,3272700,9640100,2593600,3544900,10993500,8879700,23628800,479900,5193100,7864600,3079300,10601400,4292900,27406500,32016800,6212700,9711700,36532000,15164600,610700,10231000,1191300,223029800,6114400,18678300,9987600,6449400,124137200,10024500,1748600,3575300,7315100,2073800,16184700,1660700,916600,2076000,3631300,10382800,6350300,1989900,14651300,4916100,1099500,1315500,2732100,71665300,5554600,1277800,5909700,109622900,3324700,5859500,7922100,6571800,8507900,3111800,1450700,1331800,30949700,3826900,16800200,14866000,5096100,14219700,7260900
2025-11-07,48227400,4647900,11756000.0,5458500,4047400,4112600,3283900,6892800,52162600,2665200,4255800,46374300,1666900,21903200,2752200,7869500,40537700,6785000,470300,6377800,7046500,14887100,2320100,3568100,18927700,3025500,8565900,38966093,2158600,7567400,2584000,5741500,16913700,4306200,9835900,5018200,1912500,3028000,8782100,1211900,5456800,1756000,1728300,1151500,4631000,7053600,306800,2604600,7715600,80011300,17305700,1648800,4766500,9065500,6267900,8408500,34479600,2098400,6677100,2766400,3706900,5070800,3487100,95521400,2712200,6959200,7302300,1142100,25108300,2563300,4373400,2514500,3053800,11609300,2510400,3250100,19099500,8717300,29946800,358500,2506400,8937400,2174200,9214300,6323300,24019800,30613800,9167100,7555900,44125000,15504800,646000,8162500,1134200,264942300,5958500,20969300,10788500,7592300,117794500,8500100,975400,2322100,7365000,2123900,10614700,1893900,782800,1509600,3774300,15009900,6743700,1631900,11074700,4769600,1040800,1704400,1523200,62440000,5638000,2264000,6464100,103471500,5792500,8837700,9402900,7741700,5318400,2393400,1688400,1357700,28389500,3319400,15612100,17248700,4770100,17181100,5808800
2025-11-10,41312400,4530800,7481700.0,4251600,2818600,3087000,5090000,7673700,43361600,2518600,2911100,36476500,1208400,16409000,2876800,7447400,26094600,6580000,413500,5084000,8236200,11270600,1829900,4615200,21167200,2543300,6801100,59186383,1429100,6071400,2612700,6486600,22201200,6905300,8436800,4120400,922900,2255200,9158700,1247600,4442000,1622900,1294700,1964900,2509100,4811000,512900,1801700,7480500,62051200,13890600,2020800,3716400,7566000,4784400,8592700,29557300,1698200,8446500,3257900,3820700,2975200,3231200,77820300,3070200,5323800,5794100,948100,15318000,2624200,5696600,1630100,2588000,10030600,1978300,3824300,9866700,9205200,19245000,320700,2754900,7814300,2269100,8319600,5015400,26101500,27870600,11701700,10153900,36929000,13063100,1075600,7044500,1508400,198897100,6427800,16698700,11909200,6617500,148958600,10208100,862700,2101300,4976900,1927400,10129300,2626300,824800,1405800,2739000,10507600,8498900,1617100,12276000,6177900,1282300,1505700,1868800,52677600,4056300,1380300,4079700,76515900,3222600,7677900,9283800,9771900,5295800,2145900,1140700,1494000,22414400,3429100,13138200,14507600,5354100,13048000,4828400
2025-11-11,46208300,4802400,4424700.0,5293900,3766700,2827200,3469000,6237600,61336800,3136500,2429500,23564100,1113700,16446800,2132900,5783400,22244300,5090000,309600,2960200,6006800,9639500,1517400,2866600,16090300,3298600,8253200,56995939,1235700,6561600,1663400,5762800,21412900,5931700,6361400,3509900,1179100,2843000,9713300,1354600,3101600,1717400,899000,1449600,1689900,5666800,441100,3103300,6757200,79742400,10730700,3520100,2682200,6281100,5525600,6164000,19842100,1521500,11807600,2407300,4196500,4381900,2854600,53741900,1609700,7465600,5030200,911800,16160200,2477700,4166400,1322100,1968100,9144600,1832400,2755800,8502600,10048300,13302200,238400,2365800,6974800,2132900,15436000,3237600,17980000,22622500,11733900,10648300,27966000,17646400,743300,5177000,908700,176483300,5019100,20686600,18086700,7683600,139673800,7332500,866500,2068000,3570100,2215800,8419100,2498500,977200,1034200,3387700,9575800,5641900,2216600,10426200,3885400,1251700,1130300,2228000,40962700,2980000,1377700,5043100,60533200,2072300,7274200,7157800,6859200,4453300,1868800,993900,990000,25360900,2139400,13851500,13182100,4506100,16077100,5574800
2025-11-12,48398000,8583200,3713600.0,4979700,3230700,2990200,3493100,5955400,108942000,2941000,2947600,31190100,983100,12190500,2961500,8288300,40536700,6045000,432800,5456000,7530700,15069200,2645100,2451200,17427300,2459700,5936600,33011806,1100200,6941500,1829700,4278200,57591600,9324600,11670900,2945500,1068200,4324100,15248700,2213500,3238900,2634500,1015600,2020700,2564900,3397000,672300,1962100,8593500,61840500,12842900,1751100,3884500,6004800,5622300,9167200,24829900,2954100,11730300,3375800,4606900,6042700,3032100,53876000,1633200,8803000,10578300,824600,13612600,2592700,5185200,935400,2587500,8950000,1761500,2818600,6536100,7818800,24493300,382600,2694300,8902000,2506100,13218900,6892900,26574900,17263100,7604800,9721400,39221000,14812200,669600,7603500,1580900,154935300,5498000,24195000,10927200,5790100,96008000,7851100,904400,2687000,4781900,2057800,8785800,1384200,1208300,1115600,4470500,11975800,10610500,1516300,11588100,5588400,1480000,966300,1678200,44097000,5826500,1504200,3554700,58513500,1317400,6241200,10403300,5814500,6389600,1800800,989300,1365300,17834000,3879400,16775200,12084400,3627100,13790900,5002800
2025-11-13,49602800,7968500,3716000.0,5182400,3703500,3084600,2900500,13465900,63178600,3413500,3072000,41401700,1255600,22616600,2273500,6739300,37716100,7342500,541700,7340700,10338000,11427000,3458700,3430200,18128500,2678100,6161100,34101960,2777700,8207700,2430600,5542100,57638500,7262100,7998700,4875500,1005300,6520000,44045400,2687200,3277900,1727900,1355000,1759600,2346900,3077600,574800,2762400,7267400,71481600,10381700,1308100,4153300,9253800,7670600,9004300,29494000,2557400,11483200,3034800,4162200,5310200,3484800,95593200,2116700,8631600,8973300,1203500,14002800,2873300,4153600,819600,3109000,13693700,2031300,2294300,10618100,8720100,20973800,453100,3878900,7925200,2217900,16086100,6090900,25273100,32324600,11859300,9710000,40144000,21923600,828400,8147000,1492400,207423100,6716400,30009000,8678800,6663300,123083100,7566800,970700,3761000,5293300,2444200,9526100,1533400,1505300,1007600,3617800,10507700,8347600,2322900,10203600,5696400,1467800,1962900,2589200,49785600,3879200,2745400,5551500,118948000,1358200,7719600,7788700,6119500,4961700,2308100,1328200,1560000,30487400,3181900,15708000,18088500,5274700,17291900,3826400
2025-11-14,47431300,5461500,4119700.0,6998900,2845000,2761400,3047300,15254400,47655600,3310300,3807200,38956700,843100,18500800,2943500,6189800,32363100,5137500,459100,5462500,9709100,10134500,2764500,3279200,14243700,1960300,6950900,40374320,3339700,7628400,1739100,5512900,38819600,5170900,8484800,4342600,1180100,4552300,16691400,2088800,3878200,1767500,883200,1392800,1955500,3721200,498300,3385200,9104300,67932400,10358500,1576800,2803300,6599300,5811100,7100900,31647200,2552000,9703700,3413300,3725400,3592500,2554300,71716200,1879900,8824800,10327000,1444600,13172000,2469700,3862300,1177300,2691900,15076100,2567800,3112500,8290000,6854200,20724100,342700,2748800,7788000,1714400,19632000,6691200,28505700,36171100,8352100,9590400,47607000,17760100,742500,5917500,1160500,186591900,5630900,36053800,8617300,5770500,96507600,9150800,1119600,3651800,3529300,2633700,7949900,1804200,907000,866800,3224700,13434600,9356800,2317500,10858300,4613600,792100,2082700,1913200,37390200,4774300,1318000,4880800,105506700,1542800,6041500,8676500,6583000,6422300,3222400,993200,1265000,29368500,2794100,15397300,23424200,4233500,17064300,2964800
2025-11-17,45018300,5023100,5187100.0,5816600,3187800,3300000,4266000,8713600,37942200,2996600,3253600,59919000,1200100,14799600,3599000,5877800,35546800,10437500,935200,5371000,6765400,11389600,1941100,2335700,16530000,2003300,6463200,28365982,2199500,8610800,2481900,5280900,28720100,8668200,8745000,4432700,1318400,3991200,12296400,1855100,3879900,2944400,994800,1995800,2827200,3410800,355200,3019500,6633800,73404400,17578500,1770000,3076600,5758100,5385200,8031700,52670200,1850600,8263600,5127200,2837500,3909700,2737300,72580100,1470200,13257000,8344000,1326500,14772300,2249300,4720000,1822400,4411500,10487800,2557900,2435700,8118600,6549200,16501300,350600,2908400,9692500,1984000,14345800,5727200,19092800,30304400,11607900,8832200,26082700,17064700,912800,5701000,1655000,173628900,5548000,16143800,8093900,7320200,88042200,9902300,879300,3111000,4709000,2812900,10211100,2217200,1132900,1559900,3913600,8547200,9141200,1991300,10775700,5709100,1418200,1880300,2018700,34519900,10612400,1624400,7379900,102214300,1456900,7343400,6485400,6488200,6494800,3014800,1383500,1304500,21620800,5516700,14457100,15289400,3901100,16034900,4714700
2025-11-18,45677300,6232600,5547200.0,6775000,3375300,3286400,3121500,12167400,45619900,2966600,3436500,60608400,1008100,21726800,4216800,8195800,35189500,8140000,749500,5457400,10109400,10463700,1918600,2443200,17925300,2048200,5844000,31200787,1749700,6876800,2984700,8045100,26025500,6254100,10813400,7127400,1117500,5311300,11796200,2058100,3774300,2394400,1071600,1416100,2235800,2720900,397400,3158100,7873000,70215400,23695200,1550000,4053600,8179000,6071400,6092400,49158700,1673500,8400000,10168500,6072500,4861900,5191000,61504800,2297400,12468600,8077300,1151900,12838900,2586700,3430500,1242100,6260400,12706700,3594700,2773800,9779900,9659700,25500600,318200,2325700,9548800,1545300,28153500,4864900,33815100,33843900,11061200,7778800,43440600,14614600,1047000,7640500,1334300,213598900,5440700,21098300,7963200,10821500,66511800,10735200,682000,6382500,5144000,2387500,11073200,1572400,1368700,1007300,3742500,7189400,8505800,2255300,15306200,4992500,945400,1208400,1760800,41527600,10007700,1916000,5857300,80688600,1867400,8164700,9182100,6347800,9170400,3387500,921700,1084300,24067500,3990300,14233900,17604500,3754000,15808500,6740900
2025-11-19,40424500,7618400,4516100.0,10296100,2554600,3738400,3569700,8870500,52093400,2129800,2673200,58335600,965500,21851900,2005000,12550400,28112300,8655000,838600,4695000,16170100,8426800,1880900,2177300,12727100,1732700,3832000,29309743,3543200,5092900,3462300,9710700,24759700,7371800,7539900,5721200,1202100,4483400,12790000,1539300,3411000,2024800,1965500,1497700,2349100,3337700,512100,2650800,7332800,49619300,19873600,1035300,2952600,6881900,5459600,10557100,68198900,1521100,8311300,7595000,3394100,3595900,4432700,67115500,2440600,14690800,5546600,960000,12401500,2635300,3571200,861300,7728900,9818300,2723100,2008300,9005800,10779200,24744700,330700,2219100,5915000,2076800,14641300,6413600,23245300,35256600,11138700,7005800,31868100,11732100,665400,9577000,981400,247246400,4429100,21679500,7098200,8123200,62000200,6367000,595800,5119100,4343200,2927200,8176500,2590400,1383600,1204200,3902400,6195100,6193800,2050200,9709500,5014600,1132400,1533600,1696700,34296900,8563300,1247900,3684000,72047700,2097100,5568500,8181100,5604300,7066700,3768400,953500,1545100,21895000,2842000,10959600,22157000,2879500,15919200,5415500
2025-11-20,45823600,4283600,7206700.0,11654000,2905500,3884800,3298400,9264000,66342900,3183700,3094500,50309000,1156400,28867000,3095700,13706400,36661600,9042500,677800,5486900,7939000,12633700,3195000,2639300,21939900,2005800,5984600,26345084,2038000,4911200,2648300,7521100,27381900,5258100,7623400,4955100,1543200,2987200,12609900,2446600,2639200,1823400,1694500,1120600,2930200,3833500,607500,4550600,7564100,95861900,15648000,1572500,3733900,9924200,5786600,9385200,62025200,2599000,12537600,4025300,3673200,5597000,4304300,96389100,1909000,10612600,7501600,1171900,15396500,2723600,3135700,1044900,4769200,13695500,3240300,4205100,10584000,9746800,20603000,448100,3303500,6158700,2983600,12554200,5258600,26802500,47420700,10967000,12422400,36918500,13886600,688100,8095500,1392200,343504800,6060300,27459600,9657700,6878900,51983200,9021300,817300,3087200,4021200,2155100,12075400,1816700,2296800,1455800,4221000,8966300,14227600,2881900,11718200,7947400,1184700,1245900,1381400,44631800,9023900,1167800,5259300,113548800,1717300,7890900,7337600,7452700,6510300,3980500,1957200,1188900,32173600,5023000,12135800,50375900,5649600,14401000,3961000
2025-11-21,59030800,8017600,6865800.0,9401000,5959400,4825400,3232800,8596800,67421100,4128600,2609900,68490500,1780800,30280300,3044100,10134000,43867200,11915000,1229200,6059000,13388300,14404700,2921600,3163300,18027600,1928700,7633100,33688178,2248500,7046600,2870100,7479300,24428800,6493200,9248400,5538600,1835800,3181300,10785400,2391400,4407000,3904700,1914700,1173700,3667900,3794200,536200,4397400,7010900,74048900,18896900,1723400,5604100,10379100,7435000,10852400,74137700,2284700,13324400,7441300,4711500,5710900,4777400,105641700,2622300,13189100,11766800,1438400,26492500,3100100,4266700,1575300,6090000,14654600,3807500,3348900,11767300,11209100,21052600,573900,3183500,9461000,1914500,23183300,9021300,31769200,36679700,13930100,10168500,41232700,12476900,943900,7354000,1523200,346926200,7221700,44834100,9210600,7911800,73079400,12018000,776600,3709000,6834600,2324900,10815000,2798800,1427700,1644900,6108400,10227700,8270200,2392500,20752800,6434600,1331500,1904900,1460200,59017100,10087100,1933500,6286900,100460600,1759800,11711300,8406300,8913200,8930000,3735100,1002100,1917700,32037600,4471600,16169500,41420800,3825000,15667600,6374800
2025-11-24,65585800,10225900,6476400.0,14041300,5596900,5414400,6435000,8806600,46749600,3551600,6032500,54318400,1633600,47262400,3330900,9386000,52852100,10055000,1010300,13404500,17698500,17389200,4653500,3947500,42975800,2640400,7111300,55123888,3560900,7143900,3661200,8563300,26691500,9843400,14181100,8970700,2182900,4393800,15024800,4469900,3442700,3114500,2924900,2549200,2982700,4095200,1031600,3672800,16557300,52936200,15241000,1920400,11909200,9553600,11542800,13768100,85165100,2319500,13998200,6132900,5304200,6050600,4135700,103804200,2399900,14803900,10940200,1579600,39818600,4038300,5497200,1411200,4212600,23096000,5941000,3687300,12016400,10860000,23554900,722900,7138100,12757800,2533400,28320900,10125700,34421000,33052800,13291500,16768900,62918300,16681700,731700,8947000,1640400,256618300,10444700,31144700,8834400,9391400,63074900,13846900,1156300,10057900,13674800,3034200,12070100,5550000,1554900,2140100,8116600,10805800,9966500,2306500,36923800,6045200,1425900,2782200,1927600,66605900,13003600,1803100,8026400,96806400,2272200,9466500,10773800,6554600,9337100,3817000,1215800,2223000,44805100,6147600,27574500,42519200,6340300,18034900,7826900
2025-11-25,46914200,7134100,7731100.0,8035500,3664500,3765000,4552200,8330300,69773500,2868600,2005100,39379300,1234000,33507600,2059400,9676200,41310100,8380000,688700,4064000,8827500,10881900,3105100,2453300,32096800,1862100,6097700,32485455,1514500,6926400,2534700,10233000,18818800,4732600,11447900,6362600,2188500,2957500,10574500,1707600,2835100,1234100,1744000,1389500,2357300,3170700,626200,3968800,6968800,52885000,11446600,1270400,4693100,7589800,4795000,12089700,88632100,2252900,10284000,6316600,3663400,2825300,2274700,62203300,1684800,10275300,8877200,944200,17451200,3580000,4181500,1615900,3330300,9691500,3132600,4189600,9605200,9100900,25213000,675100,2605800,9621300,1594400,22225500,5561000,28019800,17441600,7916800,8176100,35122600,11527200,919500,7280000,1364800,320600300,7260000,29595000,7738500,8954000,39130300,10477700,765700,3158000,7287100,1791600,7758100,5202100,1200400,834600,5511700,9265300,8979600,1452400,13234500,5363600,1368100,1136600,1374900,44336200,5639100,1803400,6278400,71915600,1142000,7406700,6149100,5840200,5854300,2646100,846200,1550100,24375300,2830000,12966400,20212900,4980300,14434600,6021600
2025-11-26,33431400,5920800,5112200.0,5473800,2389100,3025000,2681100,8791100,43270200,2333100,1941700,38497900,725700,28693000,1679900,7644500,32045600,7092500,561000,3686700,5310100,11384100,1995100,2768600,30084200,1103100,4049300,25848609,1439700,5066000,1936200,8506600,15972600,7976100,7578900,3669800,5473600,4135300,10130200,1705100,3374400,1627200,1281400,1691000,1484500,2650300,476400,2474500,5576200,44942200,13339400,1024400,4113700,5825300,3880600,7704300,51373400,1862500,7935700,4517300,3120900,2196400,2286800,54563400,1158900,6729000,7910900,1125700,11795100,2591500,3093700,1299800,2303300,8398100,2185300,2786600,6266100,6893300,15209500,445300,2031600,5909700,1253600,12624000,4844200,25709100,17817600,6550600,7259100,27951000,13791000,445800,10035500,1077900,183852000,5129900,26544100,7116400,5180600,33461000,9238500,642000,2183000,4172200,1128400,7967700,1517900,871700,895800,3564400,7602600,6697200,1174300,9754200,3490300,1180100,1041700,2021100,27713000,4373600,2059900,4002900,63463000,1026800,7346300,5504200,4685800,4309900,1759900,718600,1152100,15186100,2292100,9304300,17783300,2850700,11650600,3199000
2025-11-28,20135600,2655600,2522300.0,2572400,1493700,1802200,1801300,2916300,18658000,1268800,1088800,20292300,457300,13365500,872300,3757000,18920800,3332500,300300,2312200,2819000,5865200,1019500,1291600,12260700,562900,2568000,14547478,884500,3304700,1092600,3691500,7320900,2292100,3848600,2034400,1682600,1461500,6525500,625700,1439800,896800,608700,570800,1136000,1530700,301100,935100,3792800,29536200,8848100,506700,1376400,3063600,1951000,3755000,26018600,868300,3968300,2119600,1644100,1689000,1323700,95799500,1003900,5638300,4322400,389300,7423000,1160800,2732200,748000,1289900,4919200,1254800,1850700,3755000,3645200,11033200,112700,1596300,3207200,1020900,6154500,2133700,14386700,12914700,4123300,4824600,15021600,4941400,421800,4520500,604600,121332800,3490800,13848500,4155500,2969300,22627600,4707200,223300,1343800,1878300,942700,5068800,648300,510400,540200,1680400,3677600,6707800,566800,4013000,2548700,506300,749600,641300,16345800,2496200,746000,1633900,36252900,590100,4018100,2464500,2554800,4586200,936200,297900,727900,9926300,1311200,6545000,9846500,1364400,7240800,2143000
2025-12-01,46587700,5208300,4713200.0,5766900,5025100,3651300,3322200,6842400,30768700,2383800,3329600,42904000,1284800,23252000,2229100,6763700,30536500,6165000,624600,3995200,5614200,9663700,1764500,4164500,17335300,1978700,6578100,30211892,1701100,8525400,2149400,5634700,15529600,6754400,8209000,7124500,1824400,3881300,12628900,1357800,4050600,3570100,1398200,1583900,2517800,4119500,588200,2248800,11970300,51594000,14614800,1227100,3756300,4960200,5564000,9826900,41183000,2133200,10471300,5107100,3220200,3166600,2834000,74534900,1206100,8473700,7727300,609100,14388100,2074800,3070200,1659200,4083100,7416700,2227000,3354100,5580800,12849800,13029900,387100,2244600,7823400,1703500,14178300,4393500,23964000,18238200,7986600,7716800,24873400,12047300,794700,6934000,1096500,188131000,4602100,13461200,7506300,7623300,53198600,8240700,466600,2706200,3453900,2064200,6818300,1526000,992000,919000,4885600,8752100,7974500,1662600,12674200,5749000,1073300,1508400,1637600,34681900,4598200,1754200,3025900,57463600,1706700,6170800,6154600,4772500,7082300,2573100,676700,1173900,19655900,2573000,9794000,17236800,3885400,12658100,4206900
2025-12-02,53669500,5096700,6681500.0,5479700,4966400,3959500,2878900,9196800,42002500,2446500,2467200,45785400,1044500,22207000,2135400,22624000,46073500,10837500,376500,3378000,7977800,8056900,2749500,2768800,17932900,1534600,9270100,48848754,1871600,5135000,2160600,7626200,14619100,7700900,9196300,6108000,1303600,2737100,8548200,1293300,3554400,2288100,1079800,1034800,2049700,3638300,828200,3850000,10580600,57641700,11131900,1615300,4255800,5109900,6947800,8973700,35854700,2254200,11259200,3965300,4477200,4261100,4802100,167205800,1748800,8393600,7249000,953300,19871300,2139800,3280000,1535600,3886100,10711900,3076000,3947800,11954000,8644000,11640900,305600,1928500,8318800,1911700,11795000,4338700,19562700,18166200,7087000,8989000,25763000,9051200,779300,6550500,959700,182632200,4730700,19664500,7984700,6830300,43827000,16376800,453300,3458200,4771300,2037800,9159100,2105600,924600,721700,4053600,9001900,10610500,1389400,12825600,5825600,1242700,1190700,1561100,30839700,5336400,1918100,4076800,69336600,1321300,9438900,7978100,4854500,8201900,3239000,978300,1399800,23194100,2576500,9484000,18711800,4616700,14607700,6896900
2025-12-03,43538700,4872900,5485500.0,4918800,6961900,3082200,3429600,7999600,28545200,2839100,2693000,35495100,1465400,21336400,2651800,14139900,37134400,5130000,863200,3803200,9868900,14003600,2545700,2507300,20048800,1925700,5536800,29501163,1847500,5647600,1886800,13782000,16088400,8164500,8060200,7941900,1157700,3761000,10177800,1362300,3328400,1516900,2431400,1691800,2008800,3922100,991500,3079400,11092600,45364700,22864300,1707800,4059500,5306000,5761800,8392400,41838300,2347900,10464200,4166700,4181000,3953400,2848700,91957200,1090600,8363300,8535300,810400,17001700,1957500,3447000,1751500,3275600,9964300,2687900,4986900,22906400,10060400,11134300,280800,2883300,9344400,2415900,12541600,6223300,34615100,19188200,9615100,8735000,53593400,12028300,890000,4619500,2198300,165138000,6560800,19060500,7062900,5109200,56121200,9125300,456500,3294300,3827200,2186600,7624300,1446400,1238500,771400,5452200,9303900,9688300,1282000,16133700,10934400,1791700,1241200,939800,29138400,4517000,1186600,3999400,87483000,849300,9259300,9770000,7259000,6296700,3138600,857800,2542200,19910700,2639600,14439300,24478300,3625800,16819100,5019700
2025-12-04,43989100,3732900,4024100.0,5226900,4119400,3592300,3501500,6348800,24478200,3695700,2804200,45683200,1354100,15845900,2027200,9513300,38529600,4657500,597800,3574800,9407600,12811300,2313600,2330500,15680500,1551400,5760200,43540215,2413100,7312400,3787800,20912100,12572600,8872700,7254700,7389000,1379800,4089300,11471400,1774200,3151000,1625300,1672000,2357300,2675300,3533600,720800,2351500,9420000,47554800,12392100,2046600,4195300,5234200,6066800,12659100,31240900,1670800,9450800,4022800,4006200,2962500,3804600,107850200,1147800,9049900,9627800,703200,17710000,2859800,3854900,1283700,4092800,8834700,2878800,4632200,12641900,9805500,29874600,309800,2860400,6733800,2103000,12770700,4813200,22318200,23513900,12489600,7002900,51779100,10619500,753000,5549000,1475100,167364900,6072600,23316900,4929900,6803000,35454000,10479300,427400,3902300,8566200,2179000,7245000,2599200,1067100,1310900,7486500,10555100,8367600,1368400,15860100,7651900,1285800,935500,1628400,33035200,4075400,1961600,3694300,71906500,1013900,6724100,8061600,9451300,6277500,3258900,746200,1518800,28382300,2544800,13433000,25905100,6758000,13686900,4938900
2025-12-05,47265800,3985200,3962300.0,4361100,3785400,7650400,3166400,5373400,33292400,2897700,2998000,33117400,1315500,24779900,1978700,6857200,33986500,7595000,544100,3463700,8145400,14936300,2177300,2706400,10879900,1095700,5649600,50881282,1968700,9873600,2359800,15852400,12579400,7768400,12659800,7138000,1224900,3179600,10680100,1875200,3983100,1936700,1551000,1324200,1578700,3128800,760900,1845400,7619800,54099400,20208100,1034000,5220300,10416800,5465500,8817800,28851700,2277500,13609700,5959200,4294300,2344700,3852100,103042000,1096600,7785300,6518900,681900,13978200,3183600,2502100,1290500,2642100,7834100,2126700,3147200,11350100,10435600,21207900,354900,3021400,5746700,1441800,16430400,4641600,22608700,21161000,8194600,6500400,133363600,10917900,785500,6473000,1974000,143971100,5419800,24208700,10015000,5971300,47443700,12791700,592300,3242200,5456200,2346000,8400100,2389900,798300,780200,3032700,9402900,9043200,2011700,12579700,7255500,1642400,1833200,1415600,28075600,6075200,1873700,3461500,56427500,1362400,6584600,5906000,5523600,5266600,2202900,846400,911400,27802700,2731900,11210900,23956400,3563000,12516900,4279500
2025-12-08,38211800,4006100,4030300.0,6391900,3218800,4293600,3422900,5338100,30943200,3510700,5804200,35019200,4138200,30410600,2581400,8823900,34386600,7600000,612600,7032200,14721300,11394800,1822500,2593200,15756300,2547000,6394700,42823191,1565900,7974900,2407900,10805400,17454500,8549700,10237200,5467900,1896600,2945900,13727700,1637200,5217200,1534700,1625900,1765500,2541100,4161900,546300,3734100,8091100,45580800,16538400,1310500,4333200,8870700,5844400,10018200,33909400,2238100,10455200,7273000,3239800,3630200,5387600,93953600,1298500,7785700,7417200,819800,17775100,4569900,3088600,1390700,3935000,10170500,2453800,3575000,8146600,9884300,13161000,510100,3254000,6814700,2258600,12902600,7271700,21965900,20495400,18136600,8480200,100906300,12867300,706000,7741000,1292500,204378100,8372000,24711200,12415600,6327400,45209300,17507500,655600,2927900,6657700,2525900,6690200,2840100,1005900,824600,3498200,10277600,8371100,1376300,24484700,6726100,1840000,1464000,1933400,41475000,5633500,1412100,4613200,69165800,1096100,6427600,4782800,5617400,6059400,2040400,1093800,1504400,22932000,3807800,13267300,22700700,3197700,14904200,5272600
2025-12-09,32193300,4267900,3608600.0,5229100,3515000,4267700,2196400,4062600,25166100,2924900,3161100,25841700,3329700,24546000,2197600,9101900,47189300,8492500,445300,4574000,12670400,15822700,1755300,2514700,17038500,1160200,6254300,29309316,1255700,6177200,1899500,8045900,15737500,12602200,8916700,4456500,1173700,3369200,8549400,1239900,2929700,1886100,1349200,1296200,1646500,3083300,417400,2149700,7428500,33350000,10310100,866200,3553400,7255700,5698700,7970100,30194000,2274800,11941800,5063100,2772000,2935300,3558500,61877200,1230000,7509400,18049200,782700,13010600,3574700,2569700,1102300,2865500,8127000,1965300,2355100,7488600,10114000,12997100,348500,2335000,5700900,1808500,16283900,4191200,14696100,17067100,13760400,8820200,51745600,9300200,410900,4894500,1296000,144719700,6047300,17643600,7143500,10035200,43483800,10375700,523100,4358400,5065200,1309100,7719100,2055000,604400,594600,4816400,10322900,6479300,1685000,16847300,6830100,1522600,1081900,1481600,41499600,5108800,1416000,6483800,62367400,1356600,3760400,4628400,4738300,4325400,2026200,676400,989500,31770600,3422600,17101700,24326700,4842400,23790800,4364400
2025-12-10,33038300,8735200,4731200.0,6716200,3580500,6789900,3241300,6244600,23279400,3071500,2500900,38790700,3623000,31531000,2804400,15159600,54424400,11445000,840700,4558800,11593600,16584300,2797900,2589400,17622000,1373700,9298400,39408045,2242900,10640100,3318300,8894700,21302700,14869900,10976300,6792200,1677800,3914000,11237900,2384700,3366400,2010100,1962600,1318000,2651300,4705800,429300,2554100,6328500,72210700,17054800,1310000,5807400,8530500,8200700,14421300,33428900,2394300,11399700,6316100,5567800,3411500,4524800,75974900,1562900,11599800,18874100,711900,29789400,5121700,2966300,2313600,4778900,9259600,3023400,4103900,8780400,17184600,16910900,305300,3382000,7834700,2782600,18077700,6591200,35756200,21960700,13341100,13150500,74129300,20302100,680000,8460500,1907400,162785400,7983900,47928000,9376800,18526400,43635400,13650400,677600,3479900,9023100,2110200,11100100,2952800,1316500,932400,5611300,10539600,8521900,2160500,20648100,8528200,2038500,1634700,2160900,48955400,6249200,1275600,8175800,63257500,1150000,5268900,5910500,7188100,5467500,2895900,727800,999600,40053400,3744100,22729100,22859600,4824700,19845200,5915600
2025-12-11,33248000,4170600,5075500.0,5390000,4063100,10158700,3171500,7061200,30694600,2454800,4370000,28249600,1911200,45681600,2975800,7917800,35686900,6167500,774100,4493400,11749700,10829700,2779500,2024600,24096700,2084100,7265500,49189234,1784600,8225500,3041600,7783800,18652300,11065300,8414200,6554400,1186500,5781800,13281400,2293900,2992300,2393200,1023700,2990500,2281600,3403800,555700,2405600,4946900,59012300,20741000,1357600,5971500,4892300,8036600,9686800,42353700,2683000,9680000,6609800,3733700,2755700,3855900,59096800,1573800,9009000,9721900,922300,23124200,3272500,4517000,1294000,2832100,10000000,3659900,4844000,8243200,16302500,13056700,310700,2525200,7515600,2603200,11808200,7598700,24669200,18867000,9494100,11600200,43949000,16153500,618200,7037000,1260000,182136600,5385900,100612700,8317200,7854000,35570200,11798000,760200,3702700,4130200,2923500,6319200,4466500,1153900,842800,4865500,6894000,10564900,1899700,18982800,6262600,1451500,2666200,1550500,38931800,4444400,1226400,4627700,55979500,1478400,4838000,7513200,5264200,12953600,2910900,900200,1178400,21895000,7107100,15505100,21586600,5494900,14781800,6150000
2025-12-12,39532900,5467600,3581000.0,4765300,2983800,5483900,2671700,6739300,37073900,2247200,5329400,35639100,3053500,95588500,2477800,7069700,40539400,5045000,608000,4113700,7775100,11227900,4581100,2432100,16421300,1758600,5253700,30849211,1444200,5731300,4808900,6006600,16672300,6527200,5848100,7601200,1852100,4858300,13059100,3460000,2955700,2269900,1357400,2090600,2240100,3438600,697000,3921900,5989100,48337300,17034900,1224300,9381900,6767700,6373100,9649500,35940200,2715200,12144400,3861200,3324500,2953400,2700500,87784500,2116200,6922700,8982900,1143900,18444500,4726400,3275200,1384300,2046900,11414800,3515400,3771900,13126900,9288900,14016900,441700,2423500,8571400,2419200,11810800,4961500,21248100,25936900,7783100,9239500,49323100,14829200,784400,7495000,1200100,204274900,5166000,55201600,6832700,8143100,51599700,10268800,517000,2721600,5781800,1932200,8865800,2135600,804800,797400,6440100,9071500,13406700,1633000,14892500,4796100,1239800,1463200,1400400,34207700,4431100,1576500,4635300,95656700,1529900,5980500,7979000,4510200,6942300,3234700,983500,1621600,20600000,4236500,12532800,19092400,6138400,14459500,5071100
2025-12-15,50409100,5971900,5518100.0,7716000,4041700,5480100,3031100,6406000,27222200,4049500,5020800,47286100,2099000,65894900,2734700,6721600,32881300,9157500,564700,5173900,11765300,10692100,3968600,4454700,21363700,1713700,4667100,42691310,3094300,8942100,4771400,10271800,17646000,5850900,7503000,6858700,1473200,4826600,14318000,3007900,3797200,3225100,1669500,1314900,2074500,5005900,632800,2569000,7162200,53577300,15437700,2001000,6808600,7805100,6929300,14362200,29151900,1976600,10022500,4387400,3463300,3566700,3206800,60898500,2928100,8467000,10864100,1258400,18660100,4798100,4648400,1002300,3108400,10258800,2714000,3814900,6768000,17381400,15549100,439400,2576400,10998400,2402800,16735900,5219000,23727700,27483600,9489800,9174100,40016500,15287500,448800,29629000,1695800,164775600,6600100,43897500,11340900,8409600,60360000,13877700,593800,2863300,7020500,2992400,6954700,3234700,932800,911100,3691700,11718600,9842800,1623600,10957100,6826800,1498900,1750100,2144000,37162500,5709900,1702200,5157600,114542200,1888600,9037500,6447200,5061700,7004600,3332600,996800,1337300,34725800,3914800,13885200,18713700,6506100,16358700,7159500
2025-12-16,37648600,6405900,4390700.0,5764200,5503300,4118200,2706000,5859700,23467600,2642500,3198300,39298900,2690300,58061100,2584400,6120200,32931900,5717500,651500,4376700,14569600,12418200,2319400,3491200,22716600,1600200,5358200,98031159,1839400,9060400,3843300,6145300,17737200,4476700,11290500,7027200,1632200,2992100,15580200,2710400,3222300,1667700,1310400,1206100,3156200,4435000,582200,2527100,6985800,69408900,15481500,1630700,5271300,6417500,9213100,10732600,30585000,2161600,15971100,3497200,4734400,3366900,4222000,50490300,1959400,9949800,8331300,735500,17370000,3960500,4024500,1262400,2692000,8078600,2748700,2972300,7294200,12565000,14309100,622400,2786500,9078200,2889200,16663600,6840500,20705600,22577300,6616600,8666300,34265000,16376700,488200,16672500,1349600,148588100,5410400,32433500,13132400,7520300,111695500,10251700,653800,3248500,5953600,4971400,7136000,2177100,713200,788700,4321900,7481400,9624500,1485100,19127100,6579500,1583400,2368500,2352900,35702000,4658900,2015300,5685800,107608100,1526900,5746900,6334000,4841800,7269300,4040500,1071200,1258700,22709800,2852700,12981100,19642300,11254500,17638700,19575300
2025-12-17,50138700,5243400,6158000.0,8048900,5586800,4371600,3808900,7855400,31595400,2517300,4084700,44034400,2454100,73300900,2973900,7301100,35304100,4462500,648100,4128600,12335900,9949700,3753300,3114600,18753700,1681100,5053700,76466448,1409700,9661000,2363700,6269000,26094400,6305100,8805300,9188200,1641500,5088700,12142500,2820600,4436700,1964500,1560600,1586400,3510300,5374600,924500,7694400,7973700,58320600,15613000,1559700,3802500,7958600,15918600,8864300,43930400,2213300,12114900,3875200,6291100,3131000,3563700,54792000,1705500,8457600,8718700,913800,13672700,4766000,3726600,1989200,2030600,12277800,3287100,3328600,8750500,17839300,15598500,607300,2638500,8385300,3050900,13180600,5796100,24527200,41957100,10212000,7025900,50472800,13205500,761800,11774500,2032600,222775500,6212400,50222000,13941400,8067100,61255300,9833300,657000,4780100,8460800,4603900,8501900,2568100,765900,816500,6632700,7947000,10929800,1569000,15363900,8995400,1442600,2134600,1967100,39455100,3845900,2301800,6266200,106490400,1563900,8865600,4685600,5978800,7263500,2924300,1942500,1349700,22316100,4458000,14819000,16177800,9096500,18502200,7021400
2025-12-18,51630700,4760400,4257800.0,5891700,6923200,3352700,4794800,8741200,29720100,2669000,3950800,50272400,1892300,54501900,2884400,5652100,87452700,4870000,588400,3646700,15706900,21155800,2193000,3449700,22533800,1678900,9910900,49457691,2110600,7336900,2467500,5654200,19249400,6439400,6998800,11093100,1927500,3502400,12913900,2545200,4611000,1467400,1338600,1860400,2309800,3928100,723400,3826600,6533700,52604800,15029500,4062500,4495100,5795400,8108600,9086200,33518000,2066300,8327700,4805200,4168300,5411700,2639300,69468400,1545600,7499900,11444900,1056500,15524800,3370800,3848600,1363900,2553400,14006400,2259000,3335200,6554800,19270400,20260300,536600,2606000,10777700,2888600,14312800,7993400,28573500,65006100,9201300,7445100,37244700,35650000,950200,9644000,2031700,176096000,9714500,36297300,9025700,6643200,47062500,12239900,699900,3559200,5386400,2677700,8967500,2318600,1057600,874600,4090600,16466100,9627500,2348000,12014800,5553400,1144300,1567100,1968300,31038800,5513100,2287300,6862900,95168400,1810300,8546200,6354900,7611600,6805000,2548500,1225300,1056900,18822600,4167400,11844100,21476700,8312200,13705600,7929800
2025-12-19,144632000,18968800,10530800.0,14795700,8375700,8706300,7322400,25749700,58445500,13465700,6033000,85544400,2972700,159095200,7934300,14793700,73001900,11570000,1174100,14652800,16423000,37660800,5355600,4474600,84281000,4195300,11417700,97603932,4349900,14612600,10097600,20732100,84881900,12106200,21701400,10159800,2990700,6318100,21138400,5257700,6898600,5760600,3309000,4158300,6229400,9611500,1371400,7357000,15426900,61640600,21954800,5704800,8856400,24394600,13423400,23751000,59943200,4808300,26395800,12825600,7866500,11031000,5747900,163221300,4065300,24803900,24494400,2156100,36911100,6048500,5829100,2826500,5458200,38469400,7262100,7128600,18662500,29240200,49977100,890600,3715700,35088900,6618000,44980200,10639400,70836100,62312100,30492300,27801600,78990200,108652700,1329800,25257500,3430900,324925900,14314500,77008600,14408200,17543500,87590000,19345600,1643200,8629400,18081100,4842500,25223500,4774900,2335900,1741200,11455900,16986700,23213100,4367200,22594300,11300700,4492200,2872700,2757800,89822300,9330800,3862600,17206100,103305400,3905400,19091700,10553000,17317500,18623900,6529800,2016100,5558100,53345100,16159300,37783900,50043800,13564600,45412800,11297500
2025-12-22,36571800,4828100,5568200.0,5058000,3289500,2960800,3049000,4182000,24950700,2400400,4154500,32261300,1926500,28739600,2747400,5458900,33408800,3375000,575500,4070000,8969200,20178100,2387700,2615800,29981700,1420100,5237900,32785176,1240300,4850700,2373300,5664200,18016100,5700600,8143600,18834500,1173200,2576100,8803300,2443900,2477200,1194200,1035000,1354700,2019100,2969000,413200,2080400,4866200,31106100,15316600,2401700,6959900,6751400,7542700,9119900,26429900,1442300,7142900,3523700,4384000,2612100,2152100,51685400,1453000,8187800,8354600,604500,12828500,2354200,2625600,1120600,1776600,11436100,2500200,2514600,5867700,8781400,15659400,457200,2334600,8682800,1999800,17136200,4574600,16963000,30961900,7136200,8863200,39484800,38695900,530100,11120300,1702100,129064400,6001600,27148000,10172000,8818700,38758900,11731400,392800,2859800,7391500,1485700,6422100,1988600,818000,571000,3208300,7161600,9307900,1301600,8495800,5245900,1160900,1423500,2273800,29049300,3603000,1108400,4712200,86916100,1084600,5373100,7872400,5464400,5043500,2795800,856600,919500,21111600,2320400,9512300,21473900,9347500,11768600,5468700
2025-12-23,29642000,3612100,3464800.0,7534900,2598800,3052500,2918000,3791500,20272300,1552800,3358100,29230200,919800,28232600,1768200,4496300,22274600,3017500,265400,3680800,5824700,16135000,1731000,3261100,24490100,1013000,5919300,22459603,766100,5671100,1903300,4745100,16712600,4027000,4663700,8862900,1083700,1868500,7634500,1700500,3627800,1450200,864800,806400,1816000,2334800,333800,2196900,6461300,25440800,14155700,1725200,2724800,5712500,8545300,4819900,25478700,1210200,4505200,3873400,2419700,2923000,1997500,35958000,1282800,7047300,6668300,600700,9471000,1656600,2108600,864000,1863800,6483000,1794700,2922800,4874300,8644500,8486800,261500,1828900,7780900,2380600,13587500,3514800,14683600,20767600,7875000,6351200,25896200,23276700,564700,12572500,1241000,174873600,6825100,18301600,7796400,7254800,43692900,9541600,311100,2114000,4728100,1708200,4690400,1713100,832000,508300,3354700,9511300,5727400,1454400,7930300,4319300,937900,1585300,905200,20869100,2793900,732000,4403800,58223600,648200,3500300,4463300,4645300,3703200,1970900,586500,768500,19761800,2406200,8642100,20319900,8072400,12567600,4952000
2025-12-24,17910600,1744900,1457200.0,1632200,1062700,1166500,1057700,1279500,7956800,833700,1040000,11420500,645500,11424400,817100,2943500,13634400,1320000,195100,2000200,2079600,13529600,947000,912500,7559200,578400,1879800,11046544,580000,3079200,1822200,2076600,9104400,1849300,2227600,3079300,343300,785800,4606700,498400,1060600,469500,525500,458300,916100,1647600,122900,766500,2946400,14227600,4073900,644000,878500,1606300,2284500,2370100,10097400,771800,2341100,1368600,1480100,1210600,761800,37443800,355200,2376500,4289300,210300,4515300,830100,932800,581600,787900,2598900,1058900,1011500,2100900,3833500,5627500,134600,854400,5050900,996200,5335000,2648000,5855900,18592600,3011300,2086000,12427900,36073300,202600,3896800,777100,65528500,2415500,9282700,3613600,2618700,19328500,3259200,118800,1050000,1754400,972000,1645300,585300,267200,245300,1421700,3462700,2859500,708600,2928600,1617500,437200,444500,787300,13904100,1402700,401000,1312000,41285400,485800,1266500,2842700,1845500,2023600,881600,213200,310200,7949500,818900,5506800,9009600,1427600,6137400,2369000
2025-12-26,21521800,1593900,1776000.0,2120700,1411900,1455100,1896100,1836000,15792600,792600,1463200,15994700,950800,15028100,1114900,2801500,15259400,1740000,230300,2247600,3295100,10603700,954400,1380500,10287000,760200,2935000,13253527,545900,4575600,1324100,2456400,10158000,3236500,3706900,4342400,503200,1140700,5428900,746100,1440300,474400,670900,624800,740100,2224900,164100,1100800,2595600,22471400,14848300,700400,1882300,2073800,3910800,3411600,10899000,995300,3005600,1786900,1457900,2814700,1045000,28779400,494800,2316700,4158300,337400,5711400,1328200,1014600,605700,1179700,5238900,972300,1308900,3853600,4689200,7133800,244300,1245700,8976100,1262300,6280700,2564700,8842200,17878500,3636400,3808200,22068300,22303600,230400,5450500,735400,139740300,4445800,11262000,6111600,4975500,21617800,4711500,126300,1090300,3795300,1317400,2442800,986200,321000,236100,1389000,5046200,2778100,884900,4726700,2308500,492000,717900,674400,16070100,1688200,466100,1979500,58780700,920700,3191100,4359300,2856700,2017000,2517800,540600,388100,11875400,995100,5169400,9003800,2354300,8066100,3226800
2025-12-29,23715200,3803000,2773100.0,4468700,2753800,2794000,1814700,2601600,20326900,2181000,2177300,19797900,1303200,21946900,1736800,5292000,21040100,2622500,295100,3056200,5579400,11000600,2585700,2178100,14914700,992300,3255700,25635529,951000,5256400,1792500,4300100,17941800,4429800,5589100,6530000,981500,1666400,7966000,1261000,2489100,1388300,1059000,1634900,1006400,3053000,404900,1948700,3380800,24398300,15231700,1356800,2773200,3061300,5961900,4759400,19621800,1578000,4424200,3790000,2067900,4664500,1582300,38062300,695100,4348900,8635300,641500,9686900,2240300,1653000,933400,1597100,6663300,1274900,2148300,4778500,7405700,8506500,286500,2185100,8275400,1847500,8086900,2464300,10893400,26642900,5854600,9579000,24493700,18062100,250000,7157700,1229600,120006100,6390400,14748100,10977400,7201900,33067700,7662100,439500,2637800,3626500,1599500,3978400,1303500,545100,438400,2027200,5352400,7958200,1217400,6806000,3491000,746400,1229700,1435400,30322100,3214800,1042800,4402000,66263000,1076200,4163200,4346800,4352600,3989900,2811600,565600,628200,16846700,1660500,8624200,12979600,3999500,14782500,4465600
2025-12-30,22139600,2348000,2406200.0,5271100,1784800,2252600,6956400,2185100,16409600,1255900,1718900,21910500,1077700,16633600,1319500,5653500,17427600,3387500,273100,2897100,3991700,8636100,1216700,1896200,9327600,787700,2521200,24549536,1345500,4553600,1680800,3291800,13952200,3409600,5150500,4061400,826700,1375900,6883900,1085800,1834800,760700,1008800,787400,2246400,2819700,276000,1727000,3421800,23002800,10055700,927600,3155100,3256000,5210100,3240500,17380900,1833300,6200300,2392600,1904100,1883700,1142500,61935300,724900,3937400,7904300,384300,8610900,1501800,1251500,996400,1371400,5670800,1512800,1678300,4346300,6088500,9187500,247900,1293600,5854800,1224000,6497900,2365500,13944500,23056400,4075900,6024600,23422000,13507800,526200,5110600,1414300,97687300,4993700,14197400,10912700,4713800,28821700,6006400,329500,1757500,2900100,1482600,3429300,921100,383200,482500,1812000,4540500,3943400,913000,7774500,2975100,768400,910200,854200,21047900,2848000,665000,3037800,59238500,1073400,3904600,4432500,3397900,3366500,2569000,597300,685900,15581300,1668800,6417800,11730600,5420800,11150500,3230200
2025-12-31,27293600,3196900,2188100.0,3157100,1973000,2116200,1579400,3025800,17591600,1417300,1680100,24383700,876800,15346100,1469300,5563000,16293000,2822500,327600,3105200,4219600,6203300,1163900,2032600,8289900,1200600,2635300,18388891,958700,3551700,1490000,3367900,13570500,3107900,4953100,3370800,812100,1270300,6608000,1369900,1973900,1404100,605700,855500,1895100,2377400,340700,1553900,3374200,26302300,8776800,802200,2555700,3150200,4296300,4483700,16377700,1221500,4086000,2317500,2027300,3430100,1342600,51524700,992500,4083800,5048500,608000,8127800,1569200,1646700,669900,1615200,4935800,1736500,1903600,4563500,6660400,7940400,273900,1201700,5231300,1323800,7557300,3098100,15601600,17573800,5036200,5415100,23495200,35457400,419600,5256100,1133100,120100500,4774400,10341500,6963200,4380300,29409200,5293200,281700,2761200,2590500,1339000,4682600,1026100,354800,488800,2644600,5293400,4380500,830200,6157100,3234300,1096500,1073900,1196400,22911000,3040400,739300,3239500,49078000,808000,3426900,4285200,3926400,3503200,2321000,621900,693000,17454800,2372500,7919300,11487400,2513000,10559900,2943300
2026-01-02,37838100,3336800,3863800.0,5014200,4899900,5643500,3906700,7553200,36446200,1539700,1786500,51456200,1407600,25398600,2076100,11261000,25503600,4250000,603300,5876600,6030600,9245400,2761600,1855500,15892000,1099400,3888200,25911241,1228500,7005600,2373400,9680600,15749800,5428300,6862100,5675200,1175500,2338300,8906200,2514900,2619600,1944200,1119900,792300,1889400,3799600,556700,2559600,4809000,46366900,11518400,1299800,4340100,4555400,8395000,7468900,32009400,2817600,7818800,3763000,3156300,4662800,2068700,95396400,1298000,6325500,8054000,832100,12151300,2202400,2469100,1126100,2595000,11957400,3901900,3124300,7789800,10842000,13726500,480200,1961200,12112500,1409400,9992400,4509900,25571600,42604300,8852900,6940000,41155400,22284100,477400,9896600,1524200,148240500,6203100,14540700,10798300,7182100,35976700,8946100,300400,3280500,3938000,1777100,6532200,1340300,464800,532700,3326300,11334900,8409300,1642700,14637200,4273600,987600,1636600,2102300,28718400,4064700,2052300,3826100,85535400,1317900,6133600,6863600,5032000,5403800,1938600,1035200,825300,30856800,2186100,9242600,14306600,4212900,14175100,3258600
2026-01-05,45647200,9341300,4336100.0,6548500,3538200,5012100,3894400,10398700,31941100,2268700,3433400,49733300,1606300,31136000,2362000,8278800,36096600,4462500,926200,5145300,7533300,19993400,3444800,3970900,21182300,1498900,7668600,47571600,1375600,15706500,2805600,6421500,16328800,8090600,35094900,5283800,1320200,3191700,12029000,2242800,4310300,1975000,1754600,1310000,5453300,5158500,580300,3381700,5944600,50135200,26935100,1682000,5628200,7039100,12009000,10468400,30195600,3742000,47339000,4725300,3846200,4190000,3370200,96665400,1395000,9477000,10752600,1319900,21186600,2617800,4084800,1982600,2835800,16268200,2865000,4573300,9261200,15822000,12213700,458800,2894500,14083500,5033200,15863300,6787400,25250300,34608600,8301900,8865100,39183300,23482500,941700,9854900,2145300,183529700,6824400,22635500,20512300,9031400,52620900,12297300,632300,3265300,8234300,4819500,8972200,2289500,835700,832200,6048800,9894300,9206500,1661800,56362600,4947700,1480600,1583500,1938100,48958100,5027200,2488100,4021800,67940800,1108700,6755000,7956600,5733600,7592200,9056500,988300,931400,43091700,3650900,14384000,19557600,6584700,30112200,5125900
2026-01-06,52352100,9151700,3113000.0,8327500,4080100,3187400,2535800,7237900,40033200,2722500,2362300,53764700,1531000,27135500,2544100,6714300,31791900,5365000,537600,4040000,6651100,11940100,2706800,2657800,23312500,1720000,8387800,34552600,2909600,9026900,2742300,6103300,17017200,10636600,20564900,6171000,1621000,2663400,7388300,2796100,3303700,1551200,1435400,2212600,2981000,3766500,452200,3246600,5971400,84534700,35253300,3027000,4324700,6038000,11060300,7972900,31212100,1966000,24490600,4680300,4005000,4147300,2605100,66395100,2629500,8107900,7660800,1141400,21019900,2359400,2690700,2813100,2573200,18787600,4056100,3769100,18540100,11217500,11074400,440900,2854800,11952900,2378700,14479000,3795600,23037700,48732400,7254500,11059000,43331000,19973200,997900,6428200,1834500,176862600,12238100,16474500,14049400,9576500,50977300,10421800,687100,3927000,5223400,2996000,11033900,2132100,935000,758500,3915000,11351100,7285600,1778600,28955400,5034100,1204000,1424900,2279700,59966200,5327900,2554800,3240400,89093800,922100,13219400,9441900,6936000,6775400,5333000,1015500,2078400,32758400,3579800,12329200,20120800,7770900,23328600,4420000
2026-01-07,48309800,10285400,3585100.0,6632300,4303300,3183100,2557000,6148400,29715500,3599200,2756800,42236500,2065700,20249300,2178600,9693100,49695500,4515000,839400,4445100,9701000,11595800,3312400,3002300,18236300,1947300,8683900,36361700,2895200,7988400,2680100,5976200,20347400,5948500,13537900,7836500,1286900,2653300,8296300,2146100,3227800,1917600,1250200,1149200,2780900,3104300,440900,3166100,4818300,50609000,20894000,1970100,4656800,6175400,10384200,6362000,35104400,2683300,17100300,4442700,5087100,2833300,2544900,166028400,1863500,7545900,9815200,904500,20223400,2322200,4652800,4084900,2423300,15121000,3653900,4100200,9813500,13171600,12846300,539300,2734400,8704700,2730700,16322300,3532400,25564200,32781100,9859900,9987100,36525700,18284100,1674500,6195600,1866700,153543200,5629900,11171200,10700800,8539800,51395800,14369100,639700,3698700,6114100,4179400,9853000,2363700,1264700,571100,7666700,9547000,7352000,1506200,17255900,3134800,1203600,1173900,2174800,46998400,5681800,2404300,3737400,59828800,1192400,8341300,7461400,5688200,6333900,7565700,1146200,1723700,26834100,2609200,14589500,23306000,3822500,20353000,5291900
2026-01-08,50419300,9365900,3592800.0,4344600,5268900,3107700,3230800,5500700,27505000,2799300,2714700,39509800,1543500,24385200,2707700,7126800,30933700,4020000,558100,4807700,9736300,14801500,2075400,2107200,20601600,1398600,10125300,30813300,1526800,9605200,5207200,5243500,17192200,7176500,12929600,5570100,1796900,2533900,9778200,2160600,3214100,1548100,990300,1417200,2594500,4383000,408400,4582300,5784800,154276800,22333100,2495200,5771700,6717800,10575300,11643400,31896100,1960800,19696300,5196500,5192500,3343300,2852400,88242000,1491200,6557800,11737100,948500,19237000,2801600,3156000,4108800,3163400,13928600,3390200,3268300,8440400,15509500,11921700,308200,2526900,11042300,2409300,20278800,3745900,18162600,33897700,8696700,7228400,40068700,21573900,3608000,7426100,1423400,172457000,5709600,19468500,15670700,8762800,42977300,9297100,573900,3295800,3667900,2945900,8353500,2653200,1049300,991300,9773400,8140100,6500700,1930800,20138500,4076300,1630900,1332400,1682100,43770400,5950300,3147700,5185100,57041100,1567800,6857300,5059300,6294100,6357600,5961700,939200,2115000,28103000,2429400,12406000,24058300,3082300,20232700,4117800
2026-01-09,39997000,6714200,4577800.0,4317600,3135900,3250100,2867700,9427600,24217300,2118400,2359900,34560000,1505500,22482500,2767700,8621600,30768800,5122500,613800,3432100,9795700,7565700,1822000,2036600,14978600,1696400,6178100,22315300,1853400,8940700,2895400,5174400,19104100,7968700,12549600,4880700,1725600,2536100,8935200,1956800,2884800,1251800,750500,887200,2509400,2502200,321700,2690000,4825400,68436200,19272700,2241900,3508000,6629500,8690900,12142900,26214200,1334100,11457500,7093500,5707700,2718800,3310500,186691400,1490700,6154300,6738100,1102400,19638600,1787900,2561900,2647700,4092100,16758600,2221100,2972000,9124300,9908600,11634900,396700,2306800,12679200,2588900,11040800,4630900,18491000,33387500,5842200,7576400,55579500,18470400,1449800,11845400,1919100,131327500,5188100,26152700,10168000,6767600,34190200,9528500,627100,2405600,4371100,2710200,9662200,1766600,711500,725400,7593600,7593200,6839500,2432600,18306800,3152100,1169300,1197100,2001900,30811000,4487900,2286500,3829900,67331500,1013600,6018300,4129100,5504400,4902900,5472900,898600,1700300,32108600,2757900,10261300,21902900,3504100,16137700,3060900
2026-01-12,45263800,6546100,3371100.0,5524300,4086400,3541400,3437400,6612800,27287300,2460600,2732700,35867800,1475400,20949600,7015900,7894000,45860600,4475000,726700,4209300,7209600,19926900,1856800,2565400,14816100,1616600,6733500,40310200,3129700,10232900,3246400,4927700,20985700,7400700,9796800,11453900,1547500,3615800,10833800,1787900,3007800,2744200,853300,984600,2267200,3249500,1237300,2166600,5958400,53444000,20373700,1354500,4125300,7397000,12599700,7376400,33923900,2179600,13374900,5859800,5521600,3895200,4244600,101989100,1826000,11794300,12805100,855600,20582500,2284900,2380200,2970000,3269500,10749100,3486400,3206600,6982500,11636500,14797200,374400,3247700,10461200,2096200,10671900,5635400,23519900,23152600,11088100,8371200,36290600,13901100,1262600,9900000,1563700,137968500,6354700,25428500,8081800,12223400,50256300,12812000,480800,2055500,6045200,2401300,13657600,1596300,1321100,483300,5392000,7289500,8849800,1728300,19685700,5749000,1344200,1034300,1926600,40700100,5529800,3184800,5271100,61649600,1177100,6502600,7146400,4335900,13281300,3368500,846100,1350300,31259300,2420800,15958100,49182100,5642100,15314900,6309800
2026-01-13,45730800,4872600,4108700.0,5169800,3622800,7217300,2735100,7146500,56894900,2382200,2870300,38371800,1045200,18308000,3775000,11460500,43542200,4730000,730700,4257600,11108200,18332300,1959100,3590200,19716400,1014100,8414400,35155000,3106800,7868300,2222100,13661000,17809900,8095200,12068600,7851500,849100,4249900,8945700,1468300,3284100,2179500,912000,820000,3821100,4088800,587600,2524500,5750400,58867500,22060100,1425800,2783900,5803600,8486300,6022800,33517600,1969600,13266100,4785800,4121200,4507800,2968500,168656400,1515800,11379600,19371200,996600,18324800,1790300,2194200,2013000,2946600,12737000,8721600,2967900,5453700,9870400,18030400,536800,2827900,12441800,2546500,9338600,6594800,28545800,23881300,8543000,7979000,45221100,13685200,1153800,12898300,1434900,160128900,5062100,15857400,14046400,9030200,47656100,15549200,520700,3105800,3983200,2794000,9993300,2504900,946500,594500,5852300,5561900,7029000,1862700,19535600,5362800,1369000,1368500,1820500,40890600,4104000,2847700,7654200,53719200,1158600,4135000,5605900,4706200,20383500,3100300,1080200,1346100,37255500,2603900,21998600,31222100,3462100,21619700,4301100
2026-01-14,40019400,8426400,7681600.0,7187800,6421700,5712600,3143800,6545200,40466500,1897400,3604700,41410600,1417400,30094700,3583400,7748600,84750000,6202500,953900,5033700,7270300,27984600,2105700,3368700,23791600,1822500,9949900,27336300,1758900,13563700,2894900,10149300,17801300,4488100,16414900,6151200,1890900,3136000,8950900,1991900,4554900,1261100,1276300,1143800,4139900,4405000,399700,2148000,10723100,65318600,19747500,1674200,3923600,4659300,8687600,7550000,28525600,2513000,15856100,4959900,4421100,3779000,5261800,148225800,3602100,11858800,25951500,896500,16739100,2542000,1912600,2643100,3207600,18187200,3943700,2949000,5298500,12569400,15527900,724400,3121900,10394200,2825700,11964600,8434000,28184300,20277200,10282400,8441100,49737700,15939100,1480900,15646900,1892200,159586100,6755200,22473200,14345700,8329500,53738100,13475000,606000,2745900,6383000,2309100,7959900,3102800,668900,626700,5249700,8373200,6643000,1921700,23910300,5134500,1886100,1144100,1795000,51414800,5371200,2460400,5292400,57259500,1454700,7988800,5740900,4042200,9388400,3963000,1592500,1295400,25714700,2388500,33803900,32764000,5961000,27593900,3357300
2026-01-15,39388600,6954200,4662400.0,7079500,5743500,4774300,3085800,11262800,55270200,2591900,3868300,43003600,1229900,22218800,2868300,6517200,51018300,4742500,1401700,4165200,27909100,18719700,2052800,3057900,19752000,1656800,5403000,31081600,1673700,7461400,2185900,11489600,18213000,10428300,8097400,5335200,1203700,2861700,7958500,2146700,3716400,1214700,1129000,1531100,3013800,4638200,443500,2127500,8861900,44241500,18285700,1893800,4044900,6659800,7188100,6416800,28442400,3773700,9753900,2990100,5569400,4932500,4660100,132328900,1909000,8492100,14751400,1657600,15464100,2336600,4183400,1763400,2620700,15249800,4005600,3189200,6994200,8080600,13076100,411000,2909200,7588600,2004500,11775800,12957100,23225800,25370200,7419300,8675400,36945100,13295300,965600,14582800,1429600,206188600,6752800,16418600,14135400,5797800,55263200,10102800,623500,2795000,4997000,2005000,9241600,1615200,865600,546300,3657400,10001700,8317700,1711100,18019800,3832600,2103900,1544300,1690700,35919500,4105700,2541500,5450000,49465800,1083900,6942600,6943500,4133300,8587700,2172200,818800,1214900,26483000,2276300,21738600,34559400,6881000,17400000,4049000
2026-01-16,72142800,8649700,5061700.0,10418200,5702500,8534400,4044500,11399300,42545600,4033700,4130800,45888300,1459800,31291200,3555100,5944200,52178400,9327500,1125600,4807400,17377000,17153800,2554900,3155500,16310400,1702700,6949600,38596900,2410000,8939200,3862900,13902600,25743300,9597900,9745800,6710200,1323300,3904400,12049600,2586100,4499800,2067800,1297200,1074700,3438100,5649400,532400,3768500,14410900,60750800,21629900,2018400,4109700,10638900,7269200,9838700,40341600,3071600,10404900,3709000,8529500,6199600,4415800,127314700,3015500,10021500,14652500,1531700,20027500,3297000,3829000,2375700,2915700,14392700,3496200,2590600,7005300,12019100,17012500,433600,7328100,8980100,1627200,14852100,8398100,34246700,47901900,12874900,9278500,48130500,15903000,968900,20052400,1737800,187967200,7223400,19224700,11064200,10313500,59470600,11729300,837800,4652300,5068200,2438200,11990800,2074600,1682400,671700,4825900,8958200,10868200,1355500,17373100,5201600,1707200,1618200,2177800,46504800,6270000,2881000,8248300,60220600,1718300,6944800,8039100,4669300,8341600,2374400,757900,2047400,38980200,3239300,26981600,415144600,7378100,16592400,7048500
2026-01-20,80267500,8251400,4500900.0,12634000,5656100,6962000,4776400,9387300,44327700,2947500,5038500,47737900,1987000,32293900,3049600,11293200,49172700,7160000,1026100,5521500,20605200,20451300,2659000,4473400,20008700,1512800,9850700,50568300,2490200,10796700,3209900,13050800,23999700,10380000,11142500,6392900,1377100,4326400,9818200,2348700,4595000,2599900,1186900,1573800,2725200,4914900,497000,2869500,9859400,67018100,19583600,2842100,10372200,9152600,9035300,12071700,35361000,2629100,19391000,5353700,8222000,7275500,3771000,150153000,2149700,14057100,12900600,1734000,22152200,2958400,2484900,1521900,3956200,11601700,4098700,3018000,11046300,13063700,15169600,446300,11902100,14211100,1302200,15241100,11302600,26130000,49744900,10054800,11149000,109729700,20406000,1000500,19712200,1622300,223345300,7360000,29129500,9322300,9982800,55425400,12901400,676600,5632500,5942700,2128000,11971400,2911500,789100,828800,6048000,13555200,12978300,2072200,22587200,6844500,3051300,3039900,2040600,51781100,5887600,3108800,9026900,63187300,1350400,9516600,7596500,5601000,8279900,2689800,1054300,1811400,30650900,5219000,19353500,45334000,7220600,16477300,5443000
2026-01-21,54641700,10727100,4645900.0,12557300,4232200,5645300,3632500,7914000,62385600,4148600,2755700,47276100,1233500,32006600,2780300,8160700,36340000,6820000,687700,5730200,14160900,14199900,2490700,2320900,15394100,1212800,6621100,44865500,2204900,10599100,4073700,12616600,18210200,9138500,10918500,6995200,1620600,5042900,10041400,1808500,4751700,1446100,1320800,1422100,2396500,5964700,566300,3426200,9960200,58160100,25719800,1924200,9783900,7285300,8437600,8215400,35386600,2251300,26694700,5169800,5655500,5185000,2597700,220565300,2033900,14762900,10270100,1499900,21660600,2633300,3685900,1817700,4022100,12454800,4937700,3630900,11834300,12515300,14494700,438500,6969100,9095400,2389100,12844400,11715800,37980500,56712800,8296600,14088300,127940700,17166400,1011100,16119600,1774700,200381000,6319000,38190000,9276400,7679600,47264100,14126800,687300,6036200,5897800,2549400,9181900,2275300,788400,974600,5463400,17118100,17879500,1879400,22868200,8555900,2352300,1487800,1969600,40672100,5511800,3182400,8188000,68124000,1267600,7272000,8933300,3950700,8974600,3130300,972700,2289200,21158800,3758800,17606700,34811700,13776400,18879900,5201900
2026-01-22,39708300,5650900,3577100.0,37099400,4379200,4974500,2880500,6036100,37945000,3025100,3741500,31913300,1357200,24275400,2628500,9742600,31229200,5565000,683500,4054200,11698700,11271500,1565700,2493900,16454800,1427800,9156600,35617700,1941500,7771200,2074400,9483000,12879800,6423500,8957400,4707300,1159300,2955100,12437700,1751300,3807200,1935400,976700,1482700,2061200,4561900,347000,2549000,8509400,38170300,25597200,1414500,13939000,8550500,5662800,6789300,26253600,2468300,16173900,4828100,4353300,3670200,2967900,190066400,2911800,13160000,10535800,1026000,13962800,2214000,2478200,1493600,2883500,11958600,5114900,2809400,12631100,11525500,21394700,357500,5559600,6273800,1877500,9362600,8966900,25349400,39607600,9802300,8347000,69113300,11853700,601900,12944200,1476900,139636600,7229800,21141900,8623200,8167400,49883900,18501900,578300,6072600,4060500,2545900,7450300,2349000,765400,851900,4075000,14150800,13539500,1772400,22767000,8025700,1440400,1740500,1731400,30388300,5808100,2621700,6502700,71546700,1625500,7264000,7491400,3487300,6938700,2951500,938600,1535100,18880500,3977600,19668900,24547300,4388200,16600100,4715400
2026-01-23,41689000,5816400,4302900.0,21813100,2565300,4368700,2525900,6201000,47525900,2024900,2869700,33778500,1294800,30259500,2801800,7078700,34553500,5192500,730400,5436600,13613100,12164400,2267800,2553100,18889900,1024000,5345200,29380200,1725900,6972800,1680600,9408000,13125500,7340900,8368700,5245600,1590500,3066600,10819800,1397800,4491000,1644400,847900,1387000,3027400,5302000,467400,2235400,8937100,39702100,24545800,1741600,7780200,13180900,6134600,6865600,27280000,3872600,16070500,3138300,3819900,3298400,2697900,294675400,2799100,6950600,11107900,1010200,18307100,1639000,2592900,1271700,2204000,10156800,5002900,2350200,7546300,10550600,22797700,330100,4461300,6558900,1635000,10489500,8532800,38000200,35404200,13301700,8035800,64520400,11243900,597600,16605400,1849700,142748100,5406300,23011300,11408200,5870100,45402300,14562600,442400,4134700,5035800,2046800,7106700,2442000,721000,726200,5113100,11759800,8712700,2142100,43516200,5483900,833500,1603500,1846900,36056800,5651500,2847400,4827900,56771400,1174900,6691300,9082200,4049600,5667900,2846600,659300,1330000,21849400,4668000,15227500,20806900,4210400,17758200,3339600
2026-01-26,55969200,6553400,3648900.0,19094200,3169300,4115300,3992200,4777200,30672500,3116100,4304100,32825500,1229800,25006400,2131200,8469200,27728400,4517500,739300,5077200,14662500,11728700,2532900,2559700,15455200,1324000,7112400,43266700,1751400,7278200,2458700,7239600,24714400,9269600,8912600,4454200,750600,4471000,8859800,2288900,3955600,1991700,1223000,1465300,1912400,4806400,567200,2812600,7223900,59171000,31620200,1513100,7844800,10012500,6997000,10939200,26042100,2655900,13985800,3984800,3703900,3726900,2615800,149407800,2565100,6856700,11752700,1259900,14017400,1945500,2244900,1460500,2021900,10625600,4839700,3385000,7783900,9762400,16327400,285300,3891000,11043900,1610800,9903200,6389800,29291200,29193900,10990600,13305900,40941900,14765900,1024600,17489700,2577600,124799600,6867100,21100400,10221700,6589600,41441900,12655700,554900,3350900,5300200,1341700,8004200,2283600,934200,453700,6680600,14106700,7357400,1475600,25377200,7611900,976900,1022100,1715700,44376000,8152500,1758300,4772100,49397400,1204700,9169300,10399500,8194000,7540200,3370600,500300,1668000,21081800,3661400,13047400,19552200,5215500,16056100,4262100
2026-01-27,49648300,5747400,2530600.0,16594500,2937100,4166300,2675700,8033000,25691600,3269600,2867000,38029200,899800,25537600,1916000,20509200,26494300,3910000,537100,6314500,9610600,11976800,1827500,3412900,10045400,2225100,4992100,40826400,1553500,7276900,2077900,9838400,17756700,44211500,9784900,3876500,1043300,4299300,8956900,1592900,4812900,1282900,1004200,5780300,2543200,3149200,526200,2814700,8063700,100003700,20123700,2121300,7452200,10615400,6789100,23632000,21636200,2012500,9721700,3466100,3520800,2954900,2866900,121832200,1503500,8154100,11527400,1174200,13239200,1929100,2587900,1710700,2492900,12005900,3850800,2506600,6144100,10450600,13297400,213700,4661100,8740800,2452400,7907100,5138100,29213900,36212100,15472300,12306700,37790800,13536700,1363400,11804200,2895800,143711600,6180100,27093700,9205800,7114900,75575400,9546000,678200,3019700,3887500,1626200,8354600,2296500,645800,504000,10134500,16403600,8837500,1456500,17329700,4470400,1021700,1310400,1396000,72164400,7093800,1638200,6791300,37733100,1173800,10748800,65836900,14449300,6365800,2359800,520900,1631800,26108800,2499100,15105000,22968600,2118900,14517000,3587600
2026-01-28,41288000,5215800,2263800.0,15120500,3735200,3942800,1888800,8470000,27061200,2347800,3437700,40882700,2067400,23001700,2386500,9999200,35030200,5015000,616100,4563900,8507000,11378300,2720700,2276900,19948900,1583500,5052300,46428800,1487000,6817400,2474800,8465900,14022900,13569700,9200200,3386200,1106700,7764000,9016600,1383500,4463400,1754300,1165600,4362600,3351300,4990500,589600,3072500,6165200,48751800,22636500,1393500,7541300,7317700,6378000,10072700,27434400,1674100,16317700,3371500,5107500,5790300,3209300,201995100,1851300,9026500,9556700,1091500,14633700,2281300,3300200,1324000,2952400,15630600,5483000,2184500,14809600,9809400,25709600,338800,4323000,11620100,1691300,7491700,5538800,36875400,42725700,8200000,10481500,37762600,10363600,1222400,21254100,1820800,148552700,5077800,35882700,9806200,5954100,44976700,7465800,1293000,3859700,4398800,1676400,8539000,3746700,827900,552800,6826500,25961600,7531000,2525500,24531000,4251300,1326400,1264200,2026200,84121900,6424300,2338100,7418900,54857400,1554600,19603400,23396900,9254900,8106000,2756700,697500,1089100,24412500,2419500,16395700,16342000,3239900,15637300,6130200
2026-01-29,67253000,7834000,4251600.0,15687900,8227500,7410800,3537800,7350500,31685200,3153100,3496100,47229600,2621900,20447500,4217500,9142500,35200500,6107500,701000,5380500,19051100,14443200,4441900,3640500,40745500,1554600,7946100,65923400,1940300,14466900,1825000,18555600,22642900,10592200,16786600,4288000,1493500,7444900,11079000,2287300,4298400,2661600,1199100,2732700,3544800,8827700,685800,4065400,8151600,84803900,48277600,1641400,6149900,7148000,7543100,9696200,39785600,2335400,18945000,4744500,6945200,10124900,3193100,124256600,2167100,9645300,11580000,1506400,20862100,2717200,2293000,3931900,3264700,16801600,5488300,3211300,7821700,11868700,59852900,323900,4137000,27882900,2826200,13572800,7473400,128855300,42675700,11202400,15085300,42278100,12739400,1064200,55125100,2034900,171764400,5344200,37254500,17850800,9062300,44373800,11035600,1177600,4510700,7578900,2290900,9142900,7713700,925800,720300,8870800,16602900,10033900,2645600,32023100,5943600,1687300,1615100,2224500,73255300,5950400,3950400,5917000,81686100,1907100,14120000,13456400,10939800,10214200,6555800,698800,1498100,44347500,2617800,21497000,16381100,3091200,35760600,4729000
2026-01-30,92443400,6622200,3505700.0,17531400,5457900,5713000,3640700,9814100,40035700,2522400,3504300,46585000,2571400,28313000,5381200,6916100,34549100,6772500,632100,5082200,14303200,12396600,3300100,3879500,22778800,1752400,13920100,51300200,1448300,9169000,2396300,11090400,26458400,10221500,22946600,8217000,1517800,5627900,17895200,2090100,5603000,4233600,1293800,1669900,4716800,6757700,650100,4260900,6539300,66996300,40774400,2588600,7427800,9460200,9623900,7767200,31024000,1893700,13557300,3755600,6719200,5940700,3305900,114920100,1698300,11045500,11953200,2788100,26420500,2816700,3303100,2099600,3199300,18352900,4306900,2983200,12510700,11539900,23744600,429900,4738200,13245500,2098500,19060600,7434900,58566800,51022900,10205300,19165700,45755000,14309200,953100,28053900,3064500,179489500,7304100,27362400,11482400,12641300,51599400,12651400,865100,4835900,8239200,1869800,9577200,3353900,1317500,660800,7228400,10748000,11335300,2222200,16406600,5344800,3019700,1428700,3319700,78227500,6015900,3760700,10733400,82626100,9097800,9086800,12022200,7186700,11199100,3295500,977000,1190100,123584700,2794900,18306900,22215400,3920600,29657700,5247300
2026-02-02,73913400,5413000,3220400.0,11447200,3427300,4357000,3941300,7409600,36308100,1899900,2968500,37546100,1490000,17278200,2603200,6105300,34624500,5405000,498700,5064600,15424000,11773700,4450000,3748400,30352500,1890600,11456700,31343400,2022600,7514000,2451300,7950900,28238600,10709000,14235300,6022800,1557900,4782600,37778500,1828500,4273000,2064300,986100,1950700,4534100,8259500,603300,3867500,6525300,54218100,21334600,2604300,6727200,6898200,9461200,6948400,32006100,1802000,15073500,4757200,4514500,4581200,3467200,101414600,2133900,8187500,9839400,1603800,19301500,2191500,2757100,1967800,2763400,13299300,4603300,3309800,8648500,16530500,14365200,322200,5393500,12912800,3027000,18000100,6827200,42219900,37771200,9423100,13283700,41445300,11006300,1180100,18889100,2295600,165794100,5991300,47421000,12146700,14660500,52129500,10554900,870200,2383600,6387100,2606900,9099100,2168200,693000,627500,6239900,8675100,9897200,1909800,16616400,5260600,2151400,1267100,1875800,66564000,8782100,1778800,7820900,58739500,4345800,11194900,8664200,8662400,8502400,2781100,991400,759600,64539400,3222800,13835200,31210100,3859000,27735600,4108900
2026-02-03,64394700,8158500,6834500.0,14645400,9119200,8324900,3482200,10697000,53097100,4040000,3147200,53831300,1683200,36914800,2854600,7655200,41208400,15850000,947200,6641200,20357400,15332100,3524700,3498100,29019700,1419900,8905500,37200800,3977000,9346600,2960700,20194200,34962100,7162100,18425400,7696100,1605300,4210700,24827100,1964300,4169300,6727200,1427600,1568100,4908500,4563700,499700,5853300,9978700,76638000,31102700,3995500,4588100,6840200,9904800,6903000,36506700,2321900,11104600,5684400,4531400,11466500,9070400,122205100,3796500,9346600,12688000,2055900,27007100,2912200,5483900,2300700,3450200,13500400,5706700,4043400,8541600,15322700,13760700,436400,5178800,12478500,5254900,25793600,7751300,61424100,42763300,9600200,11195900,49789000,17322100,942500,34729600,2392500,204019600,6668800,43260100,11361400,19096400,91964900,12424700,765200,3058300,8389600,4261400,11966400,2291700,768700,916200,8457300,8361300,13372700,2555100,27108800,6229900,2276900,6732100,2041400,61110400,5637600,2249800,6009700,56886500,5266500,15207600,10809100,7698600,9081200,5522900,1427400,1050800,60299100,2950200,18099000,32018700,4448300,37577800,3816000
2026-02-04,90545700,15319700,5457100.0,13163500,7633800,8554200,4653400,14719400,107173300,5899600,4518900,51299900,1634500,43330300,3241900,7053400,54522500,15347500,827600,10591700,78234500,12408300,7146700,3615300,23860000,4096100,10097400,41031100,3183300,10367100,2631500,23010000,39765700,11608500,16170500,5492700,3209200,3938500,19070400,2019600,5679700,11260900,1592200,1634700,9706700,4824500,520300,5131600,10289700,70488700,31834200,2531500,6591900,7440100,12143900,8838900,70618400,3561900,17463700,5574700,5943100,8708000,6603600,128702300,3405300,8641400,9848800,1583800,28607300,3420300,7119400,2654800,2774000,19608000,4448000,4805900,14565400,20600400,16882800,511900,6514900,13033900,4157700,21954600,7571900,45012400,58074900,12182700,10944800,48963200,20957700,1732000,36718100,2383800,207014100,8623800,42323400,18471800,13322900,83025800,12178500,956500,3888800,8063900,4674200,19249300,1663200,952000,1467400,11411500,9077100,10779700,2460800,23745400,7338300,1989100,6197600,3862500,52448300,6879000,2740600,7878500,74606900,5743300,14542500,12944100,11371500,8472300,4467400,1581700,1362400,46213100,2199200,12382800,27531800,6071300,29426200,5106200
2026-02-05,52977400,10794000,4057800.0,13555100,6108300,6293600,4338300,8514300,62196400,4007300,4730000,103509200,1240400,42775800,4074900,7377300,32959700,9667500,756100,5033900,38316900,18704600,2792800,13697000,17165700,3927100,8788500,30243800,2497200,10441000,2988800,21956300,24236500,8156600,10474100,3495500,1913100,4141900,11859500,2359100,4224100,4006500,1293800,1831800,5617200,4253900,595700,3303300,9232300,79719900,22330400,2339500,4461900,9143000,6503900,9142700,88205800,3214300,12449100,3759700,5017500,5532800,5663800,114307800,2912000,10267500,9388000,1301700,21633500,3453400,7742400,1684400,2683500,10928900,4621600,3936800,11358300,13028400,17131800,408500,3514000,11079300,1900700,24010600,9571800,66289200,38899500,9799400,15327100,54805700,12506200,845300,36178800,2216000,206312900,8392500,42789000,11951500,11038800,72650700,13077700,886800,3746800,7392300,2501400,30229600,1954100,976500,2605500,5538300,6776700,9683400,2086500,24708200,5913400,1877600,5007700,3032300,44672400,7474700,3224900,7196300,72819800,3995400,11044200,13035300,6624500,8339000,2376300,1428100,1673000,42866500,2489300,12641300,30517800,8225200,18431700,4652900
2026-02-06,50453400,6067100,5352800.0,9919600,5026300,5448400,2767700,8344400,54504500,3840300,3481800,179210900,995400,33003400,3301700,6701200,42468000,13297500,1343700,4421600,34885700,15248800,3359700,6737200,27375400,2865800,5789500,30791600,2927100,6756100,2358600,13652600,23936600,7082800,9901800,3658700,1440400,4311100,12105600,3404300,4412100,3744100,1535700,2055000,3400800,2533200,615500,3105600,8001800,55588200,20119100,2196400,5800600,8509800,6087800,8052700,56380500,2473200,12640900,4685400,3976500,3744300,3539800,115600200,2521100,8274000,17797400,1571100,18512400,3132800,4887100,1095800,2211800,13848800,3779700,2831900,20208200,10807100,18159300,481100,7257700,7952800,2316000,13083300,9139700,53515300,37196000,8225200,10814900,46154100,11961500,634800,34727000,1670900,231346200,4717600,29962400,8746400,10960400,50691600,10441700,629500,3120600,8571800,2414600,15036800,1787600,671400,2180100,4350900,8067100,7527600,2355500,16188800,5453700,2322300,4337700,2002100,37410400,4708100,2959400,5081600,62677100,3100300,9397500,9572800,6738200,7798800,2871200,992700,1621700,36094600,2944300,13205700,26593400,7096400,17216000,4127700
2026-02-09,44623400,6767700,4915200.0,11719900,4770300,6576300,2654000,7458900,38810800,2843700,2507800,91178400,1032600,30091000,2219700,4707200,31968400,16940000,799400,4573000,21133700,12887500,2496800,3556100,18347600,1730900,5679800,24316900,2350600,6337800,1861700,12112000,22908400,10729400,12021300,3375600,1101800,3559600,10515400,2249100,4288500,4441200,1965700,1966500,3058200,3372200,436700,2809400,7165300,59778000,14752000,1484500,4706400,7431200,4602400,9766800,39640100,2322600,7481200,3639300,3006700,4627800,3332300,94841400,2207800,9378500,11477500,1639200,23415600,3610600,3423800,1589800,2471100,9976700,4110300,2673900,11656400,12254600,14837500,445300,4694500,8081200,2004800,16158700,6625900,45480500,31009600,6528800,7439100,42200200,12920800,693900,23127400,1365600,196387400,4743300,49936500,6827800,10316200,49288200,11439900,490900,2047300,5384300,2118500,11022700,1972000,586800,1161300,4615200,7150600,10177800,1761500,13581400,4422900,1384700,3915600,2336500,33057800,4337600,2107600,4728500,54484300,4129000,9246700,10371600,5221000,8513400,1949000,1093600,1794700,26954800,2933800,20544800,27197300,4240300,21297300,3176000
2026-02-10,34376900,6044500,5512700.0,10513000,5673200,5718600,3506000,6785800,25326700,3526400,2680700,67175000,915400,19542700,3506900,5184400,48304700,14335000,956500,3789100,21080700,12121300,4008700,3761400,21443400,1814200,5457400,32111400,2262500,5255300,1781500,13393000,32113800,13120300,7458200,6345700,1609100,4420700,9815500,2153100,6608700,2839600,2287900,1650100,3171200,5404100,510600,1795300,8679800,80827700,11647400,1478500,4610600,10774600,4909700,7425800,39170000,3324900,11722900,3160800,3888800,3837300,4870100,99832900,1813100,6723300,9902200,843200,28848200,2567800,3539400,1211600,2820200,7909500,2222700,3502900,12059000,12195800,10455800,642100,3215900,10775400,1814700,11849500,12854500,44857900,35433800,7213700,6718900,43595800,13003400,956100,21869600,1824300,136764800,5549400,40092200,8482400,10352500,43760600,9910100,753400,2831200,4114500,1537000,9762900,1945800,792600,1130700,5501500,8543500,40420200,1655600,14102500,5783600,1693200,10888500,2448300,34925900,4519400,2022100,6747600,64450200,4145200,5101000,7284700,5845200,5801800,2033800,948200,2127500,32147000,3302200,20148400,24662000,6703200,15800300,3620300
2026-02-11,51931300,8072400,5842400.0,9306500,6076200,8759900,2843800,7160900,33384700,2826000,2089100,65545500,856000,17004700,3437100,5791000,48973500,16720000,970000,3614400,20102900,13771400,3926300,2748200,18968700,2434200,6534900,27355300,2532900,8984700,1769400,16350200,34455800,10625400,10502100,4459200,1826300,4539000,9374900,1552300,5980300,2805900,1454000,1500500,7595500,5338700,652400,3826600,10331500,129595000,15495800,1849000,5241100,11434000,9849500,9654400,45406400,2654300,13765400,3229900,4192200,7628200,9096900,107681200,1933700,6803900,8703500,1092800,22649700,2392600,2599900,1024600,2945200,9555800,3691000,4553200,13622000,8570900,14323800,1299600,2996900,12241000,1629100,10885300,7777800,42491000,48475000,7305000,6654700,40840300,15511900,865000,26076000,1647200,144192700,6624500,24538900,11948500,6733400,41699300,10217300,753100,3623400,6572500,2048200,9379300,2739600,1123600,1436000,6784100,6949100,25148900,1451500,22951700,7290600,1354400,5174800,1949300,64213300,5469400,3367600,12960800,57362000,4207300,9132600,6333100,6649600,8264300,2918200,1576800,1845900,48933100,5781200,15461700,19232100,5187700,23091500,6933500
2026-02-12,81077200,8712000,10090700.0,11541000,9719900,8657000,6301700,9764400,32181000,2374500,4537000,83975400,1182400,22007300,4141900,6980800,55481600,17067500,1153000,4689900,16871900,19353300,4893400,6021600,21246400,1412700,6723900,34309400,2466800,12517700,2970400,16849100,68098600,8057600,9673700,8873000,2767800,5167100,25319600,4574200,7095000,4249700,1811300,1638900,9898100,8306900,2685300,4603600,24174200,133257200,23459900,3682000,6163900,9891000,6387500,6863400,47761300,3188700,14968500,3702200,6536100,12565400,11830400,88321200,2966500,10254300,13443400,1051400,26043500,3757600,3592200,1745600,3659400,10662100,3466200,6499700,12504000,11966500,14960100,829900,4525600,9407900,1917400,13453300,14436700,40802400,45639100,9181600,9289000,73516100,13602400,887400,27213100,1799900,189932500,13316800,23285400,12430700,9516300,58805100,13512900,603200,5147200,5567700,2274900,12416600,2026900,814300,2677300,6738600,9537300,24881800,2305600,24008600,13100400,2334400,5396200,2126800,70553100,6172400,4742000,15729200,61933400,5020800,8474700,12336900,10174100,9392600,3189200,1202300,1818900,56131100,6736400,16858200,33382700,5514900,30652500,10944500
2026-02-13,56290700,8252200,11008600.0,7696700,7644400,6589700,4671900,15706000,26123900,2414200,3413100,66321600,3299300,18397200,3814400,6835400,31772100,15562500,669100,4685900,13452400,16665200,3232800,3292200,18274800,1071500,5326300,28487900,2206200,6836400,2661600,14822900,42886400,6720700,9034700,4554200,1565100,5286400,12845300,2374800,5569400,2124600,1067900,1427600,5181300,4863900,1063900,2253500,11557600,87400200,14370600,1846800,4393400,6861900,5769800,6314100,38499700,2623000,11533900,2875900,5330200,6842600,4166300,69740400,1984300,13268500,9114500,1012200,16711900,4412900,2698700,1490800,2241800,9905400,4017700,3587900,7888200,11915000,12336400,575700,3178200,8578400,1592700,10102300,9162400,34091600,33807600,10402800,7623400,42292100,20180900,676200,22771200,2453800,161888000,5767300,18597000,8621500,9286100,36986700,13998900,582400,3096500,3770600,1806100,13134400,2393000,974700,1354200,4939000,8949000,12653700,2162200,19520600,9114300,1873500,4739100,2339800,42687500,3754700,3188300,8332900,51434100,2575400,5011900,10281900,4973500,11653900,2170700,1394500,2918300,31998500,3587500,12425000,24131200,5398200,20166000,4499600
2026-02-17,58469100,7336400,6695400.0,6568900,7431600,5208300,4034900,8791300,33712100,2255400,3166000,69879200,1601600,23469700,3186000,4864700,35542400,12257500,921900,4263300,14259300,12314600,3450300,2970100,21158200,1048200,8164300,28089700,2127500,7619400,1732200,13692900,24792700,5795400,9849000,6672800,1863200,8709200,10467400,2213600,4252700,3742300,1341200,1133700,4608200,5219100,700200,2094500,9356300,57684800,12238400,1165300,5863600,5884800,22123600,7953300,39247600,2008500,9323500,3485300,3699800,4929700,5868900,65802200,1583200,12703000,8896800,623100,16260200,2249500,2984600,1169600,2305000,7368500,3178000,3367200,6181700,8970700,12674700,619000,4748900,7807400,2222300,9899800,6376900,32078800,28549500,9455400,8196400,35961500,12347500,614500,27343000,1391500,162276900,6984500,19610800,8315500,8749800,32119900,13319100,601400,3079400,4809600,4098400,10670700,2282400,747100,1718100,6057800,8660000,11250900,1336000,24436100,9286400,1761200,5131900,2313500,29868900,5506700,3775400,6489600,59678800,2160800,5454800,6091700,5234300,8591700,2203800,2068200,1721400,24327500,4838100,12361900,37995900,4466600,19766600,3766900
2026-02-18,34203300,5495100,4518500.0,7824400,4968700,5033200,3626100,8784300,35664100,2731900,2636100,51003300,1896200,13565300,1900600,4923000,30698900,16902500,700000,3732500,9344900,11678900,2563700,4538900,17421100,932700,5617000,20768600,2046300,9456200,1926800,9852900,20648800,5217200,10313400,6582700,2558200,4646900,8791600,2283600,4111700,1905000,1268300,967400,3699400,5583200,837500,2740000,7978700,64199300,17244800,1510300,3988900,5190900,8944800,8426900,28482100,1864900,9986500,2982600,2853200,3949200,3086400,65306100,1464300,8129700,7209600,651000,16304900,2451000,3236900,1350300,2018700,10095400,3575900,3661800,6953400,7887000,14649200,491100,4211100,7135100,1561600,7803400,6343300,23223400,32306600,9064800,7851500,29883100,11211500,1194600,18138700,928300,164749100,7854600,14801100,14138700,7239800,24779800,14434300,578900,2751500,3549800,2608600,9944500,1726900,675900,1244500,6395700,6068100,16284800,1188700,16436400,9786800,1687900,3112800,2670000,33179300,2944200,2662300,7436400,45921400,1931000,6667800,6632000,4359500,7091900,2052200,1584800,1662600,29318100,4433500,8250900,36485000,4064100,19849700,4494900
2026-02-19,30845300,5410800,6228900.0,6988400,8040700,3616200,2556200,6640100,25842300,2427000,2257500,35669600,1140500,15180900,2786500,5827500,47148600,22657500,662400,2610400,10979900,8085300,2908000,2973400,23590700,830400,6599500,25767800,1400700,8851700,1750000,9565100,18443200,5346100,10773300,6897800,6653300,4763700,7492900,1299500,5483600,1310300,1088500,1020900,2254000,5672300,647800,2277400,8858400,58268500,13357900,1198700,4456700,7357700,6718600,6062600,25834400,1974200,9132400,2930900,2360100,4948700,3727900,72724900,1434200,7553900,6737700,625700,14924700,3072600,2145800,1370300,1997000,6384200,3009400,4032300,6919300,10733100,10035700,612200,3373800,7836700,2013300,8933300,7259500,28234000,21651300,8483500,7854500,30139200,10778300,1008400,13224700,1987100,126554500,5367700,14976300,35384000,6155800,40316800,10724600,580200,1772600,3336700,2301500,8219400,1765800,504800,931500,6128400,5676700,13403200,1627800,14326700,16064500,1203100,2111300,1487500,31221900,3933200,1776100,4818200,51019600,2139600,5002200,4931800,3845400,5967600,2187600,1436900,1165700,26530600,2163600,10427300,42993300,5548400,20305000,4738400
2026-02-20,42070500,6830300,6475500.0,7099000,5932400,6590800,3021300,8178700,36317300,2911700,2484100,65881600,1851000,17658900,2738900,5460900,33552000,20137500,567700,4326700,12592400,12986800,2095100,3287000,18134900,1943700,6561000,25242200,2754400,6822800,1662200,10816200,29461600,6172900,9566200,9279300,2989900,4471100,9043600,1379600,5039300,2255000,1333100,1130400,3140300,6052400,993600,2600300,10466100,67701100,14680000,1512800,5035400,6986900,5114200,8602300,53210800,2009100,11384200,3984100,2681200,4708600,3370600,90743600,1553600,13565800,7792700,684100,17175100,3202400,3249400,1447700,2810000,8601200,2838500,3862700,7042900,9491500,14183500,815500,2292400,7058600,1714000,9442500,4272600,34015200,29894900,7175600,12525400,32411300,33436800,744100,15700300,2073300,178422300,5576800,29621900,16536800,4811800,44786900,11508100,690100,2408800,3845500,2604100,10265100,1641800,615100,860700,10300800,8788300,8491800,1652900,12717500,10713300,1420300,2791900,1806700,25383600,5643200,1362500,5429900,57912200,1872600,5457500,6974100,4947500,6831100,1979000,1631400,1006600,25456700,1954200,14255000,35151000,4422400,25908600,5799000
2026-02-23,37308200,5463200,6016500.0,9144500,10007300,7602400,3592500,6077400,28187900,2951400,2966400,53581500,1370400,16472400,7092600,5380000,50602500,19445000,727200,3556500,10224400,17996400,2289600,3133100,24145900,1632400,5635900,19564600,3117800,4871900,1489300,15498600,24485900,6498900,7047200,10616600,2074700,2400600,10626500,1598300,4891100,1904000,1102500,1011800,2446400,3854100,665100,2920800,7504800,59134400,15631300,1619900,5045100,5994400,6840100,7490500,31423000,2535900,10502800,5495700,2496100,19522900,3639600,57130900,1764900,9622700,12955400,849900,17157700,2159200,4767600,1196100,3058100,9488000,6312300,3806200,5034200,9489000,8605900,473500,2922000,7152600,2214100,9661100,7795500,43238300,25426600,8433600,9372000,38363000,17748800,567200,24200000,2135600,171584800,5348700,31749800,13782700,6801600,34166100,14772400,720600,3942300,5081000,2904900,8260100,2716500,510500,1714900,4557300,7696700,11226900,1664400,11727900,6950600,1356400,2554000,1765800,41169300,5710000,1618300,5272100,69680000,1962800,7877400,7247500,5181500,13048000,2016200,1284000,1241000,30113000,2416800,20607000,25662800,5219900,16073100,3728100
2026-02-24,47014600,4880800,4696000.0,9017200,11119600,5529100,3209200,5711800,81367000,2454700,3535100,41137200,1226400,23614400,7925900,4408900,53062700,20127500,737300,3224300,14189000,14981000,2615300,3137800,15667800,2287500,5419700,20735400,2395300,5152200,1671100,15564700,19485100,12199400,7451800,6820800,1399200,3176000,13594800,1373000,4231900,2863500,1100100,1253500,2927800,6264000,486100,2387200,6444100,73560800,20299300,898500,6171900,8333600,5792700,5814200,25615600,1971500,10966800,5675800,2575500,13379800,3114200,98872300,1404500,7246300,13554100,666900,16448500,2761700,2803100,1361500,3284700,9087100,5292900,2756900,5592200,7349600,10135600,649100,2468500,7049600,1938200,8460300,7413800,33884700,33389200,11597600,9641800,33079100,14296100,735000,18461700,1696700,175123600,6000000,21336600,9470800,6319800,34686100,9709500,432900,2359700,4274300,1712100,11085700,2983400,628700,1245200,10157300,6537300,13635200,1759700,12787500,5087100,1137900,3305600,1325900,34541700,5280900,1314400,6832400,58579500,1982500,9494300,9684500,2658000,9120200,1896700,1347600,1331400,23816700,2511700,18817700,20161200,4825300,14185500,3614300
2026-02-25,33714300,5410900,7253300.0,6529600,14156500,5108600,3459800,9745000,44588100,2459500,3406300,41346400,1920200,20182300,3843800,4442600,41375000,18732500,774200,3475500,15587900,13649100,2606500,3576300,13818900,1759500,5653600,32273600,3904000,6907000,1554600,21875100,22721800,8126200,9440700,5696400,2100500,2810300,8556500,1938800,3853900,1751500,1096100,1200100,2418700,7378300,639500,2300100,6851200,58968700,16182000,1372100,5030300,6209100,8425900,9309300,29963600,1763600,12005700,5036900,3368600,8569700,6195300,75645300,2062000,7698200,8095500,876200,18086900,3483400,2481900,1664400,5565700,9835400,4139100,2812500,7829400,6866100,11330700,754800,2987900,6519800,1886400,11082500,7098500,43625500,27296300,9025500,7785600,69319300,9500800,1634900,15493100,1443500,250637100,6953600,27303900,8689300,6832700,32680300,7878500,514900,2865400,6561300,2856400,7358300,1946200,750900,1154000,6891800,6294100,8788600,1532300,11308900,5352900,1144700,3237800,1013600,45550700,8042000,1480700,4793900,54809700,2416600,6997300,11380600,4023500,7624200,2260800,1345900,820900,21693000,2276900,16620700,17345700,5325700,15225700,3024100
2026-02-26,32345100,5331300,7279600.0,7855600,10834000,6208100,3811400,7717100,35020500,2589400,2918200,47756800,1524400,33025300,3215500,4613300,52418500,18872500,725400,4577000,13022400,14759400,3350900,2194800,15711500,1215700,5800200,25478000,2477700,7205800,1804400,26680500,19608000,6319200,7133800,5046800,1421700,2839800,9578500,1992700,3737800,1520000,1187900,2164500,2676300,5120000,612300,2231100,8521200,61456300,17726800,1787000,4722400,7987200,5805900,6403700,36431200,2220300,10052700,2889400,3040000,7343100,3209600,71457500,1570300,7172600,7007800,1184000,12843200,1945600,2666400,1269200,3428200,10700300,4843600,2425900,9959400,10716600,10637700,444600,3474100,6468300,2021200,10327300,6901600,34405900,35433500,20015700,7237100,85642500,10319100,588000,26565100,1372800,360807900,6314300,20652200,11334400,7219300,30508300,7028600,459900,3221700,4871100,2476200,8642100,2450100,772700,905600,5762000,6246100,9895700,1222800,12141300,5711700,1103200,2513500,1060500,33856800,5987700,1551100,6626600,53602500,2231300,6041500,10210000,5314300,8725500,2343000,945700,1305300,23662600,2192700,18768400,18638300,4863300,15632100,3637500
2026-02-27,72366500,8018100,6498500.0,13233300,7929300,5098200,3332600,9041400,31312400,3441000,4964400,57422800,2034000,28004200,9817300,6278100,77728700,23010000,1191600,6364900,21487600,29106900,3441900,6837800,19943500,2245800,6096300,34865700,2806000,9009900,3935000,16346500,27498000,14699300,12035500,14187500,2015300,5242600,13954000,3258300,4691400,2619200,1832600,4354300,2904600,6899700,1141200,2169000,15389300,73157000,19425700,2749200,7055100,11195500,7837100,13351400,44640600,5552300,10172700,4819500,3888100,6642200,4346800,79327200,1634200,16428600,18620800,1106900,28483500,3239500,4325900,2599900,3252500,12988900,5121100,4269100,10302500,12554900,15703000,521100,5367000,12272900,4760400,17636400,12400400,51367200,28653900,25138500,15016600,200767000,18017400,896400,19085200,2367000,311636500,13326200,36425200,13123200,10585200,41879700,14878500,1065800,5263800,5024300,4251200,12439900,2986500,726400,1207300,8982500,7286900,13146100,1936000,16691400,8010100,2113500,3176400,1790000,54509300,7099900,2031100,6916400,56890100,2234800,8275100,9723300,6239600,12412900,2993500,1792000,1782900,34693500,6204200,29145000,29205500,5827600,30275100,5546300
2026-03-02,41827900,7438800,4819800.0,7700200,7263300,3486900,2978600,5802100,34120200,2837900,3390200,46001000,1816600,20567200,6280000,4709000,40595200,13575000,708700,11725300,11111900,18976600,2473100,3201000,38114600,1295500,6273700,22490300,2459600,19667900,1986900,9932700,18540400,12488700,15809100,6884400,996900,3195800,14178600,1513400,5034200,2011500,1428300,4482000,2504600,9087200,409300,1828400,9103100,110305500,15851100,1447800,3981200,7182900,5722600,8948700,34790200,2873200,15554400,4537600,3634700,6220300,4452400,60705100,1743200,9042400,8508900,759100,18137200,3071800,3094300,3246500,3023800,10294000,3827000,4555400,5288700,6523100,9816100,556300,3984400,7275700,3771800,11564500,9212600,35474900,30049200,10147800,10675800,79915400,15335000,1474400,14780500,1602100,209095300,6736300,22418800,32590400,7264000,41321700,9095500,713300,3204600,3485500,2939500,8963900,4018200,793100,861000,12485300,7250600,11412300,1690900,20431300,5156000,1547500,2836900,1868600,39270900,4924400,2050800,5413800,55088300,1966800,6811300,8141400,5013000,6674900,5489300,1162100,1034500,23725700,3751500,21834300,17091500,3732400,31493100,3063900
2026-03-03,38568900,6595700,4059300.0,6708000,5818700,6206600,4048500,7982000,37785700,2710400,2361100,43184900,1217200,20826200,5673100,6211600,51242900,10957500,893200,6348700,16684600,15813300,3332700,3745100,30039700,2673700,7507200,27217400,2545000,17354700,1947100,13208900,17521100,7090900,14004200,4503500,1071400,4620900,13608400,1506100,3579600,2230200,1528800,5202400,2915700,8149200,849500,2864200,10190700,102354700,25564300,1664700,5891500,6741600,5765600,9271800,35497000,3782100,14537900,3964700,6367200,6960400,4186400,83971000,1841100,6178700,10278200,1266900,20549300,3815300,2846000,2142100,2758300,12442300,4199700,2901100,9389000,9949200,12263800,533400,4050400,8280600,2759400,9334100,7495500,38199200,39010900,11307700,14031200,59149000,17438600,1304800,17606100,1515800,178099400,6168000,20120800,24194500,6718100,41486100,10161000,962100,2590700,6757200,2919300,10372400,3642900,637200,908500,9661300,7197200,8257400,1711100,22659800,4631500,1507800,3264100,1406000,45891200,5060100,2211500,5904300,62617300,2367200,7496500,7051100,4839900,5474300,5393700,1095000,1056000,31586900,2430800,19018600,16480400,3057000,25198900,3068100
2026-03-04,39803100,5380800,4252500.0,4613500,5549200,4329200,4758400,5980400,40912600,2028300,2457200,54731100,1175200,34895800,4055200,5068700,34208500,10470000,482100,4369100,15541700,13042200,2823700,2599400,21974000,1422100,5796400,28509100,2559600,10160600,1806600,11583700,20388100,6804700,11054400,4959700,1073200,2958400,9672300,1840500,3702400,2062000,884200,2344100,2660000,5114700,624700,1793000,11787600,73976700,17438500,1913700,3920400,6925100,8096900,8510600,29536200,2081700,15401000,4324400,4774800,6085000,2840300,96628100,1501000,5768000,8055700,798200,21011800,2907000,1965500,1650900,2174900,8614400,3154700,2455900,7452200,11608700,10810100,594900,3865900,10640200,3440000,6700900,5307800,35808000,32644900,9384300,7851800,52604300,15971300,1205100,17432000,1061400,177731200,7227200,17585400,15074300,6855400,30893500,8752700,645900,3018600,4493500,2823100,9309800,2075900,641400,1534400,6140300,6233400,8268100,1277700,19906700,5947200,1121700,2054400,1661200,42409300,4741100,1679200,7407200,68305500,2471000,5451500,7796000,11433900,5257900,4221400,1308400,996200,22816000,3085600,18061200,16434100,4729900,16764800,5413700
2026-03-05,49658600,9423100,5521000.0,8008900,7438800,5822300,5158700,5899700,36000700,2868400,3430400,60943400,1722200,57076600,4601800,7199300,39073900,20312500,672800,8963400,12819200,15549100,3713200,3617400,34668300,1577700,6777000,24202700,2194600,9875700,2766000,15860900,26844800,10055800,13567200,5714900,1642100,4771400,11751500,3080400,4860500,1942400,2209700,3246800,3889800,6537700,692500,3219700,15932500,71944300,23068000,1885600,4825400,6939900,7732600,8641900,35752300,3093700,20745700,4752200,4308200,9894600,4117400,78229400,1541200,9375400,12732500,1077700,23165700,3784900,3769900,1720100,2270400,10241000,3879300,4321400,9606300,13089200,13341400,796200,4538000,12131600,3731500,14516000,7274900,39001300,29960100,12086800,10883900,53403000,22040200,918800,26568000,1775800,198779700,8189500,24094800,17679500,7133700,38908600,10060300,1003900,4350800,8517800,4350000,8981000,3091500,657500,1191000,6935600,9608100,12027400,1802200,20285000,6217400,1505500,2611200,1974200,46498100,6532400,3283700,5431400,51925900,2112200,8051800,5397900,11566300,8267200,6138000,1693900,1109800,27534300,4166600,20939200,28604900,5107700,22969300,4139500
2026-03-06,41120000,6139600,4600300.0,11100400,6495300,4802300,4613800,8655200,33913800,2443000,2747300,51152700,1479800,39152200,5500100,10684700,47016000,9555000,1846200,5564400,10031300,16586900,3564400,2656700,36028000,2109000,6785000,23119100,1846300,11554600,2708900,9657400,20621200,7139700,13073100,4420700,1412700,4237700,10448600,2745700,5041000,4947000,1834000,2772500,2060900,6926000,688400,3795100,12402800,59877700,25912800,2834100,4677000,4921200,6662600,8190700,25576900,2473000,18535000,4167400,3857900,6234400,4552900,74698300,2088000,7179800,13496500,1117900,15516000,2195600,2627800,1895100,3126800,13597800,2872900,3341200,11745000,9532600,13159400,650400,4938100,9125100,3398700,12809300,8046000,31123900,34458800,9745100,8350700,41196300,16323700,772900,25972300,1479800,189021900,6236800,38000600,30455700,5937900,53181800,8187900,1250700,5286600,5070700,3481100,9197000,3936700,561900,1123600,8790400,10826700,9745100,1827100,13470400,5963900,1766200,1869200,1569900,37909900,5923100,1637000,3535900,64054600,1587400,7220500,6816900,9494800,6439700,4337300,1535800,1171700,23562600,2453700,16798900,21553000,4606100,21136400,4308400
2026-03-09,38218500,7915800,3920500.0,13560800,7849100,4728400,4476500,9504100,38877200,2719900,2800900,54642900,1791200,40605800,4695000,8400100,62752800,12960000,1933100,5833600,11651100,18525600,3584400,2770400,56154000,1677700,7808700,45897400,3573300,13694700,2348200,10754800,32855900,6872200,15987500,3381800,1499500,3522600,11715100,2098600,7057200,3344200,1639900,2758300,3149000,7598100,699400,3409100,7478400,69611200,26344800,1912800,5740100,5210400,7527400,8829600,29312100,3258200,17753100,4224500,3405100,6126600,3458700,82937400,1651600,7844000,12241100,1120700,18554100,2279400,2802200,2369700,2896300,13421000,3546600,3407500,12951600,10735800,13489700,667900,6235100,9488500,4136700,8321600,7480800,30131900,35547200,9563600,9829600,48589000,18053100,910400,20324700,1430600,177213600,7143400,31173500,33141000,6416000,42789500,12494900,1349500,4635400,5176400,4719000,12304600,5464200,697100,1220100,8626400,9376800,8517400,2189600,21100800,5191900,2370900,2154600,1842900,52145000,4620600,2210500,5228500,67018900,1876300,7597500,10348800,10354800,8381500,6476300,1866600,1179900,29057400,3757500,24959500,19375900,3586500,25532700,3689300
2026-03-10,30590800,6466800,3631400.0,8746100,5163000,4591600,3211800,6121100,29139200,2284500,3288700,35678800,1167900,29531700,3488800,9285300,50271100,9612500,1159200,3598700,14271200,17843900,3089100,2350400,35613600,2044800,5869200,21238700,2715700,13917900,1613400,14467400,24836000,6480800,11999600,3434200,1092800,3190400,7833100,1771700,8176600,2851000,2353800,2914000,3156500,6669600,658400,3646400,7466400,56746300,16982400,1523300,4146700,5098500,8334200,8915600,23239700,1871900,20512300,3986000,5089100,4938000,3398100,85233300,1547200,7214100,8344900,891200,17243900,2505600,1663700,1653000,2092000,10699700,2759800,2391400,11371100,7716800,9859300,514500,5891100,6738600,2189700,9739300,4314600,31706400,33745400,7485900,8030000,41027200,15706400,642000,21872600,1327600,179118500,5113700,51544600,24601500,5341300,42814600,7756800,959800,4050400,4903000,3616400,10447300,2888500,473300,925100,4140600,8005800,7017500,1418600,18112700,4194000,1596600,1839400,1428200,37596500,5804700,1864700,3345500,59258700,1877800,5929200,6075600,6255500,5271300,3952900,1217000,3363800,20031300,2818800,18481700,18793600,3644200,19617600,2994800
2026-03-11,26218900,5299200,2171600.0,8002200,5132300,4862400,2522500,4517200,23076400,2299200,1587900,34199300,950200,20104100,3512200,7937400,42185800,6420000,1088600,3845700,12530700,12958400,1947500,3019100,23368300,2055800,7661700,23701900,2072200,9522800,1260500,9580000,14719900,5530400,11371700,3261300,998400,2957500,8152800,2897300,4249500,3607000,1551900,2692700,2043000,5435200,661200,2807300,8209300,50074500,17754700,1024900,3116000,5551400,13512400,5636100,24125700,2227000,14622300,3197100,3241200,4008500,4585300,72480600,1537900,6933200,10205000,816400,11546800,2007400,1446900,1364000,1895800,7160500,2873200,2200500,7308600,10296500,8977200,612900,3551100,9212700,2221000,6760700,5463200,25512100,30191400,9734300,8634700,33962900,20245300,622200,14594900,1425600,145280400,5318300,83247500,21062500,4359700,40560100,8855100,531500,2971300,7377400,3783000,7830500,1748500,405200,897800,4416200,8815800,6460400,1530800,18385000,5344100,1605800,2118500,4077000,46925600,3977100,1627400,4696200,62559900,1868800,4995200,6878800,4053200,6376700,3757900,1348200,2062300,21554200,2134900,17497300,18176500,3745400,15297400,3127800
2026-03-12,40794000,7607000,4474200.0,10839800,7049600,10895000,2500200,5978200,28886900,1990500,3070400,44349500,2780800,21982700,3602400,10758600,58354500,6462500,1133100,4170900,12436600,17487000,3231800,2789800,38826500,2086600,7912800,23947600,2449300,12766400,1669200,26309700,19969500,7721000,27151800,4885800,1622500,5235300,10309400,1878400,5842300,1772100,1503900,2831500,3356800,5809600,756300,2429200,11373900,51733900,17564000,1573100,8007200,7006700,11087300,7341000,24928300,3533000,17702100,3893600,4592800,5547700,3585900,85110200,1805200,7710200,13760500,1259600,16842200,2908500,2340100,1411200,3008800,9932900,2702500,2639600,10756100,10232100,11617500,985000,5683000,8794400,4233200,8349200,11195700,27263900,31720900,8730000,8777400,34206900,18611800,753200,18372100,1275100,155762700,6149100,37133700,39396600,6165600,38542800,8489300,771100,4745800,6559900,6527700,9162800,2642300,630400,1017900,6400900,12248300,9215100,1549500,25983100,8656800,2192000,2325800,3547900,32636100,3664300,2516300,3805600,60973800,1351900,8156800,10512300,6366300,7514900,4990000,2890100,1607700,26296100,3064400,24794100,21751600,5704300,26054000,3955100
2026-03-13,36930000,5676100,3000900.0,8828900,4223300,17406400,3632100,5332200,27561900,1500300,3194200,35662100,1403100,34725000,2645800,8926600,45473100,5725000,1236600,3565700,11660800,11406900,2042200,2232800,23093200,1331700,5707600,20252800,2253400,10884500,1469700,14834700,19080400,4537900,13017000,4294700,1381700,4134100,9551500,1576700,4710200,1385700,1342500,2364900,3531500,4135000,512300,3581800,8886000,48546500,21443200,1705400,5770600,4375500,7673800,7229700,23693100,2567400,19817700,2531900,3117500,4338400,2483700,68386200,2489800,6415300,9091200,1271800,11974500,2648800,1984400,1071300,2755000,8906500,2809300,2449800,6899600,9740600,18957600,638400,4010700,7307900,2613200,7111000,6001900,26848000,39261000,7504400,10458900,29876700,14377100,481900,14846400,1002800,160988400,5752200,26350400,16303300,4676800,34270800,7298900,877800,2342900,6606400,3607100,7786700,2248400,438100,802800,4806800,9400400,11043500,1451100,16897300,6966900,1404100,1790500,2272500,28076800,3123500,3018600,2831000,58504100,1633800,3688400,4737600,4431500,4814100,4088000,2018900,1097500,21780900,2793100,15496900,15194100,4503000,22414100,3783200
2026-03-16,32074200,3991800,3049300.0,7442200,7832700,11679200,4356800,4427000,30285200,2099100,2267300,42209300,1225100,31363100,3604200,7347100,38055600,5045000,926900,3752000,8681500,11902600,2145500,2390100,24107700,1166200,5433200,19653200,1936900,7556800,1243400,13419600,14715100,5392900,12683900,3096300,1150900,4333500,11578500,2082000,4974000,1840700,1547800,1837400,2352700,3926000,790300,3493900,7549000,49441400,17824100,1231200,6327200,3697200,10178600,7471500,23519700,2082700,20262100,3194400,3176700,5674200,3066900,114199400,1297400,7571500,8149000,955700,11761200,2217600,2289900,1181000,2315300,9533100,3450300,2584300,7291100,11950800,15134900,504300,5104700,7328100,2739900,8785300,5498100,27733700,43067600,8466100,9884400,34931800,13115200,604600,12289400,1080500,217307400,6842400,21607700,15133100,4498700,28551500,6944000,924100,2170200,3444100,3140300,10132900,2442500,396200,691800,4795600,6871000,8835600,1192600,12648500,4471600,1327600,1852900,2870900,31792800,4384700,2995700,4561300,58068300,2129900,4754900,4854000,4867700,6401200,2648700,1160600,1496800,20017500,2938500,17836300,20463200,4298900,22835600,3667100
2026-03-17,32361600,4405700,2812000.0,9452200,5729500,6456200,2541300,4833900,22779700,2334300,2728900,44969900,1019300,38026500,3616000,7308100,33427800,8277500,1345600,4424900,12770000,12758400,1824900,2101900,21006500,2092600,5236800,24222000,1374600,7953100,1210400,11559300,16210500,8348700,14018600,3777200,1462300,3751700,11785600,1611800,3948800,1377500,1333800,1614500,3407500,4224000,422100,1942300,9856600,59520100,10610300,1488900,4787100,3887800,12076600,4689900,21955200,1955600,20035300,3075900,4224000,5840100,2095500,89061600,1057200,7281800,8961200,853500,14900100,2471000,5637500,1388800,1969000,10043700,2834300,2437800,5801600,13495300,10348800,497500,4412200,8339200,2007900,7952200,6528600,26228300,43017900,5496600,7073800,26434500,9861400,764400,13368500,918300,182497800,6457800,23929500,13180500,5460200,60097500,6147700,764300,2518800,3533300,3685300,10544300,2000600,437000,1562800,3990800,5382700,5972100,1497900,14766200,3704200,1380600,1492700,2519400,33904300,3861600,2794900,4093700,46890500,1587400,3385200,5752000,4187600,6872200,2500800,747800,1512900,23765200,3530200,18173400,19895000,3857700,21592200,4508600
2026-03-18,35757900,8597000,3071600.0,8241400,8070100,7305600,3800100,5170500,28569100,2895100,3654800,37846600,1272800,25460600,3303100,5881900,40251800,6447500,842000,4356400,8988300,12337200,1796200,2391900,26305600,1650500,6304800,36334100,1583200,10273000,1434400,10525100,18827600,7089700,13305000,3519100,1226400,4123800,12615100,1348700,3454700,2118700,1728000,1305100,1997500,4690000,462900,2240200,9315700,55564800,17258700,1223900,3942400,7079300,16950900,6000500,20009800,1541300,16287800,3592200,3255200,5177000,2938100,78056200,1483400,6811500,10057000,883000,13134600,2200800,3443800,1026200,2742800,12478800,3458700,3038400,10218600,9252900,11726300,682700,4239600,10221400,3006500,6736300,9140900,25908500,58973700,7053700,15185400,27878300,16861300,545500,10080100,1149900,156683100,6777100,18051100,16105000,5124400,47478300,10059300,1013200,2754200,4669600,4505800,9894300,2269700,672500,929400,3512900,7598400,8175300,2092300,13277000,4184800,1732500,1910000,2433700,34898700,3103400,2419800,5606500,50853100,1497500,5069200,4544100,5417800,7191700,3527500,1354900,1410500,32972500,3093400,12951200,19734900,3733000,18947100,5126900
2026-03-19,34864100,7006800,3541500.0,10466000,10613700,4459800,5845200,6459700,32245300,2168700,3615200,36440600,1508800,23524800,3027200,9967600,38601400,5987500,913300,4045600,13040000,16714500,2240200,1822700,30118800,1522500,7620900,36163200,2003700,11205400,1340200,9254300,17519600,9066600,16918400,5069500,1449100,3353500,14793800,1447000,5543100,1629700,2362800,1132900,3141600,5381300,416300,2144800,8765000,47423400,27550300,4849900,7128700,7310700,11064500,9495200,25075800,1765900,18154800,3845400,3031900,4249500,3286700,74051500,1258500,7511500,9846700,999700,13023300,2744500,2379000,1540800,4129000,10101900,3284500,3362300,10227100,8864400,13247700,736100,4275900,8080900,4218900,8383800,6418300,25138800,74591900,10538400,24739000,40169300,12307700,849700,11361600,1476100,170968500,4695900,22046100,24790700,5555500,47939600,10340300,624400,2767300,4469200,5247900,9846700,2244600,628300,1253700,5329600,10524500,8001300,2391600,28158000,5384600,1257500,1954000,2332400,58624200,3889100,1843800,7623100,67078300,1626000,5868100,5542100,5304800,6826400,4205500,1060500,1300000,31234700,2535200,18744400,17927700,4345800,27082700,4999100
2026-03-20,88331100,27982400,7047900.0,81271300,44335900,10467300,8610800,17587900,37265100,9168800,6368000,63694600,2422400,43325900,7116500,12925400,78060900,11935000,1409900,7786400,20129800,29718400,5131100,5086800,48721700,3839900,12313700,246107100,3942700,31964000,2621600,20201100,90380800,18871400,35849500,7784800,2726900,5686200,27544200,3062700,7644800,5139300,2877600,2452300,3353000,15690100,1817800,4219100,15405200,147725100,25007300,6967900,10192400,15521900,28159100,17760000,44364100,3918400,58782200,9672200,8098400,11314100,4516000,162814200,2227600,17156600,22436500,2188400,33298700,6334100,4818800,6511300,3644000,26176400,5762900,6436600,12516300,22557300,21214900,987700,6900600,38329600,6344100,36355400,14621300,50853200,64224900,21860800,30701700,61678000,19566100,1718000,18863000,2710900,241323500,10257300,37551400,25484500,14480700,66805700,60620900,904800,5564200,9565500,6069200,78568000,4189300,1359900,1290200,8463900,13961900,13145400,2708500,65344800,9915000,3861000,3444400,2876200,128734200,7321800,2285000,13798000,78628600,3698600,15025200,38893000,34639800,14398100,19803100,2709000,2200200,67321800,9165200,40461100,57545600,9225900,53942100,11424800
2026-03-23,40546100,7419900,3568400.0,8227800,4827900,4080500,4406700,6490700,31857800,2368700,4363100,44277400,1622300,27369200,4319800,6247900,42333200,8345000,911800,4958000,10959400,16883200,2981000,2788400,34796900,2044800,7341900,31505500,1963600,10584000,1779100,13976200,20072200,8156400,15735700,5266300,1244200,3147000,11373000,1579600,4320600,2886700,1745200,1435900,4006500,5327200,576000,2618100,6493300,44442200,24888600,2520700,6473800,7364200,9516100,7694800,29326900,2190300,12959500,5806300,3657400,4972000,3290500,80772200,1501700,7313700,11470800,1173800,15054900,2794300,2817500,1386600,3830500,9506200,2985900,3003200,7972500,12617300,13638000,651100,4924500,9969300,2894300,9096400,10128400,29680100,54807300,10284300,17856800,34315900,15242700,1225900,12219100,2185800,182836300,7383700,19927900,23805500,6783000,42945200,10315600,1031500,4179100,3944100,3060900,11431600,3534100,535900,901300,4927300,7438300,8933300,1962800,25770300,5142700,2550600,1954400,2401800,46656300,4577100,1913200,5531000,74606000,1875900,7452800,10424200,7412100,7824500,3904200,1312000,1152000,26390300,3598100,15320800,22181500,5888500,25021300,4617900
2026-03-24,45152300,6990500,3167200.0,11794300,5113700,6268300,2559500,6406200,27258800,2336700,4558300,35351400,1177200,19799000,3639100,5691800,39804100,8577500,626000,3434400,11772000,14105700,2098300,3450300,24791300,1319800,5472100,21804200,1754700,10439700,1259300,18631400,23528000,8527900,16695500,3396000,1144900,4195500,9155700,1426800,4423400,1976700,1744500,1203000,2950600,4123900,499400,2666100,6663100,31903900,17123000,2102500,5028200,6725500,8667000,7122200,36864300,1656100,11196800,4566400,3326000,4151500,3106600,65323500,1332700,9046200,11092300,782300,15653700,3181800,2572700,1078200,2133400,7388000,2278900,2954900,5553900,9066000,10739700,478300,3036500,9144000,3513200,7411900,6016200,42733600,44975100,8808000,14461900,28938000,12073800,730600,17835200,1874800,147667800,5404400,26122100,14732600,5803700,35605300,8567600,1130700,3196400,4876600,4235500,8409200,1954900,507900,816200,5136000,6262800,6456200,1913900,19715000,4016100,3100000,2628000,2544600,41047200,4380000,2241300,4756200,60004900,2465200,7015200,5911700,4249800,5375900,3678300,1699300,1224200,20264600,2598700,19134300,17269600,4313000,26131800,4561800
2026-03-25,28476700,6000100,2732100.0,6377000,4371200,5441600,3335000,5052000,48518300,1831900,4107600,36388800,1004300,19900000,2823800,5055900,29988300,6237500,877400,4402000,9440600,11314900,1591500,5064200,24569000,1771900,6003800,22266800,2740100,7495800,1067100,12565200,23146000,5363400,8865000,3864700,930100,5265500,8467500,1266100,3369100,2279300,2191600,1910800,3087600,3538000,380100,2527400,5483500,37746100,13965000,2225600,4456600,5053000,13036200,7190700,29460700,1628900,9290800,4397800,4574600,4207900,4118800,97467900,1428200,6456400,12188200,769400,14787900,2086000,2177700,1190300,2322800,8330600,2422000,3714000,6581000,9431900,12585000,489900,2238500,8133000,2259600,10220300,6444600,31181200,55328700,8639900,9546000,29545600,13427100,579500,14728600,1402000,162602100,5576100,20683800,14016800,4978500,37603900,8418100,971400,3957400,3690100,2658200,6669400,1519100,553100,672900,4057300,7007500,6454300,1860100,24105700,3539900,1749800,3002600,1934300,36571100,3606700,1729500,4000000,55157300,1931200,4505800,8121200,3351000,6280900,4480900,1121300,1200000,21920200,3036100,17213400,16597300,2941800,17192300,3078900
2026-03-26,41796700,4576300,3353200.0,6212300,4916500,4715300,3597400,9261000,49213000,2044800,2890300,46746000,1665900,20343700,2887500,5772600,32502600,8120000,739600,3774600,12968400,12689900,2428700,2962300,22463500,1676900,4889800,28571200,2084200,8168000,1498300,10330700,26649600,4129100,11085600,3139700,1516500,3695000,8548800,1133000,3182300,2864800,1260200,1015600,2484400,4087700,530200,2036900,7885900,28517600,16016500,1589500,5890800,4285500,11742100,8470900,39080600,2052200,21483200,3448400,4754400,3606800,3031300,82841400,1605500,5171400,8669200,1091700,11202100,3051700,2163200,1262400,2113600,13460500,3995400,3025700,10554300,8416900,35780100,426400,2812100,8226000,2038300,6497200,6175700,36836600,54515900,6537800,8829900,59522000,14486700,543100,11595300,1444600,186152200,3980800,16961900,20658900,5677100,28835000,6443200,772500,3058400,3053500,3275800,11912500,1880200,488600,711700,4871900,6134000,6984000,2058000,16516100,3723200,1478400,2363000,2219600,29904500,4156600,1301900,5201900,55522900,1677400,6314400,6218800,3790900,7652700,4151100,1186400,1158100,24423300,1970400,15430500,16442500,3311900,18625200,2725900
2026-03-27,47900000,5654000,4207200.0,10915000,4890100,4429400,4404500,5984800,29206600,2274800,2468500,56009800,981700,23593900,2751000,6000100,36781900,8975000,877300,5382300,16012500,23143000,2059800,2456900,43089900,2261600,6808300,19776200,1579900,9182900,1540900,9902000,20557400,6105500,13907800,3699900,1455800,5857600,12475900,1490600,4797600,2001800,1720200,1353200,3474600,4103000,397500,2152100,6439500,33064600,12327400,1596200,4161700,5647000,8948600,7563200,35890600,2106800,15304700,3977400,3316200,4853700,2702200,70002200,2107200,7617600,9873300,811500,17461000,2154100,2740800,1061100,2999800,8503300,3963300,3137200,8341800,14112900,30133000,448600,3428000,10227300,2449700,8345800,6368400,37883400,45806700,7749600,9673800,44590700,13077800,581800,18109900,1080800,196212700,5341600,17929600,20170900,6663600,29124600,11558300,613400,3005200,3619600,3568400,8964900,2217800,492200,818500,3864500,12433600,7252400,1291800,22048600,6097700,1991400,1638400,1787100,38162800,4319100,1677800,6055100,62065700,1867400,5792700,10735300,5914700,9974400,4530000,1039600,1915500,26273400,2192700,13674900,16543300,3786800,30338300,3601800
2026-03-30,39446200,7491200,3022700.0,10476700,4636500,4410200,2717400,6568100,41053300,2589900,3106500,46373800,1244900,28054500,3851100,6606100,43375900,10225000,806600,4590900,43461800,20319300,2610000,3174400,26741400,2393000,10043800,32458500,1315200,8913900,2129100,11617700,24306300,7306200,10409000,3906000,1262900,3979700,10592600,2528000,3968800,1576700,1485900,1747700,2986500,4966000,717500,3239200,6474500,41459900,14246700,1289300,8598600,6148300,10104100,7192300,35141200,1621400,15986800,4066000,3217500,3882600,2928500,84596000,2195600,7241300,11734400,1001200,18502800,2458600,3070200,1849300,2905400,11921000,3629500,3569600,8534200,10310000,22795200,388100,2483600,8841000,2631200,11084000,6261600,44797000,73833200,9362100,10882100,32375100,16869200,927300,18685600,853500,185627000,5113000,20125700,23021600,10386800,46696000,11616300,787400,3327100,4388100,2805300,11555900,1727600,630400,758700,5043800,7422100,6406400,1942800,20578800,5907900,1822700,1664800,1944900,35293900,3868100,1819600,5900000,67954400,2086700,6024700,7774700,5232600,9330300,4123800,2452800,1960900,23797600,2530000,14311500,20428900,4946200,29813500,2912700
2026-03-31,49598100,8311700,3644200.0,12442100,6907300,4575900,3124300,8335600,42318700,3747100,4425800,58470100,1351300,29289500,3516600,9668300,49060600,9462500,800200,4725300,29867300,18267700,3002200,3719800,41039100,1509500,6771600,28734100,2357200,13519300,2447900,11041400,25105700,7718600,17403900,4552200,1445400,4659500,11180200,3178900,5376100,3506000,1874100,2455500,5004400,6302500,647800,2175100,9325100,38287900,18882500,2013000,7828800,7878800,10128000,5778200,43875400,2689800,18474400,5749100,3479000,4750300,3754900,95294900,1960300,7554200,12956900,1108100,18301800,2761300,3464200,1327800,2636400,11725000,4417600,3021300,12580900,11205800,32898300,449500,3384900,10606900,3033800,10713300,8081700,45244400,73551800,13914200,11387500,54270000,36422800,551200,16821300,1515600,226181300,7479500,24492000,34955900,8033800,44841500,10407500,1072600,4336100,3428700,4551400,12219800,2649900,642600,1054400,5318500,9564200,9731000,1769100,22268600,6716000,2296000,2012800,2391400,48632300,4199500,2272000,7070000,75534900,2085100,7277900,9170800,6868300,10246900,3744000,1987900,1624800,30514900,3425200,19097600,21330400,4533900,32006700,3929300
2026-04-01,40059400,5702800,2925900.0,7452500,4810200,3746700,2582500,5974800,40835800,2726600,2311000,45955400,1727800,19171000,3403300,9664500,32947000,8807500,624400,3600800,19486600,13273700,2435800,2485900,27439500,1157900,5237200,27163500,1938900,12979900,1769800,11677700,21309000,5099600,23051900,3674900,1573400,3770600,8518600,1906500,4314900,2179600,1095900,1310500,2898100,5707200,476800,1980500,6654500,33991700,23684000,1906300,5242500,5286500,8739000,5147700,37684500,1803600,17541600,3386200,3837700,4228700,2789300,129598500,1427200,6314600,11267200,879900,15834300,2472400,6267900,1118100,2378500,10697600,4607100,3887300,7926800,9978400,23608100,383700,2419700,11515300,3277700,6351700,7117000,29417200,74429800,7759400,11528800,30439300,114225700,551300,12439700,1413100,168132000,5998900,20495900,28329500,5412600,44208500,8061700,690700,3707900,10125600,5707000,10210700,2272100,627400,949900,4127200,8044500,15988700,1835900,19574100,4918300,1988700,1877300,1657200,43112500,4003900,1505100,7038500,58683800,1348600,5432000,5473400,5101600,7707600,5062300,1964100,1188100,28398900,3150300,14979400,17039700,4618100,37927600,2211600
2026-04-02,31289400,5151100,3094700.0,5453400,5518700,3588800,1998500,4269400,38463500,1604300,4241600,31453000,1487200,14021100,2105500,6698600,27548200,5852500,568800,2972800,13895600,9833900,1764300,6078100,26943800,904500,5588800,25105400,1741500,7383800,1828600,11635500,12634900,6034300,11528000,3451800,1248600,2739700,6379100,1693800,3720600,872600,1000600,1192500,2562600,2879100,464300,1424600,5839600,31109100,16880000,1418200,5322900,4925900,6656300,8182800,21666500,1717700,13607700,3732300,2987300,3350900,4308400,117134200,1647800,6878700,6669300,661500,14573400,2127700,2727100,1116800,2760200,6805400,2926000,2649100,6599900,5631700,13518500,251800,1782800,9795700,1842600,6387900,5107500,24099100,51498700,10419000,9167300,37068000,63242600,613000,16629900,1209800,143143200,6168200,14381900,22356800,5410000,30920600,5941700,358500,3427100,4565100,2947100,8575300,2243100,1000600,543500,4113900,7340000,7970400,1768100,14883800,4566600,1299900,1405200,1485700,34996200,3856700,1696200,4384000,83031200,1473500,3408100,6407000,4060300,4376000,2669300,1418200,1244900,22737800,2225900,10001800,11898400,2698100,25377700,2185400
2026-04-06,29329900,4929100,2527600.0,7125800,5501600,2757700,1852300,2505500,30786400,2143700,2898900,25385500,812000,12111300,2185200,4172300,28507200,8190500,451000,3663500,11189700,13319700,1246500,2339500,16505100,1045100,3513400,19631400,1471700,4210000,1448600,14391000,16388600,4948700,8245700,2373200,1055700,2595700,5882200,1341200,2819800,960700,826300,1949100,2897800,2664600,301500,1360900,5508900,24374600,8511500,1275900,5062800,3921900,7543100,5065000,16945500,1444500,11811700,2448300,3139500,3376000,2348200,79978800,1152300,4442400,7142600,411800,8259900,1488700,1821100,1128800,1949800,4031200,2466000,1816000,5480100,5896500,9515700,278400,2151000,5268200,1490200,4890200,3674800,16146600,41414900,4790100,4765700,37029300,26999600,792500,9141300,932000,107564300,3712000,12556700,11676400,3562500,25169300,6823100,300600,2602900,2804500,2247700,8038600,1752600,460400,499600,2314900,7236700,10968100,1155200,7643800,3469300,1031300,993400,1332400,29396200,3698100,1473700,3780200,77697600,1405700,4235600,7097000,4690800,5501000,1486900,1056900,948900,17542700,1528800,7069200,10850400,3232200,16344300,1723300
2026-04-07,62148000,8801600,2735300.0,13311000,3803000,3331000,1814000,4024800,26483000,3162200,3617100,28154600,1262000,33310900,2265500,4084800,28473200,9117800,471200,3206500,18325200,8450100,1549100,2173300,25395300,1515300,6023900,37148500,1519300,6794300,1428500,12344600,13428100,16422500,11672600,2642100,876100,2932700,7913000,1256000,2563300,1265800,1238400,2409800,3030400,4427000,424300,2185300,4546500,41991600,18276900,1045000,5280500,5439200,8360900,5904600,23205400,1498400,15288900,4661600,3719500,2356100,2568700,129543800,1796800,6241100,7849100,527300,12769200,1703800,2726900,732100,2522400,6818400,3593200,2033700,6549400,9049900,9580800,372400,2887000,10982100,1976000,11376400,6036400,21443300,40224100,6125400,7933800,25016700,38253000,608500,12008200,1685900,132534900,4609500,17250400,13460400,5151100,46620500,7207500,455800,2301000,3443000,3815600,8840400,2278600,620900,760900,3037500,6205600,11971800,1329600,9928200,3796500,883700,1543100,1660100,27653000,4308600,1287600,4481300,74515400,1247500,4659000,22099800,4480900,4413900,3611700,1401700,1029200,21945900,1931800,8820900,16076000,3391800,25227500,3254400
2026-04-08,41032800,5477500,3796800.0,9379300,4952200,4040100,2398600,7628500,35496400,2666400,3465200,51092700,1588900,31573100,3654200,6267200,36473500,8876800,1247100,4655100,14972400,16312000,3014000,3920900,52285400,1067600,5845400,23123100,3168300,12713800,2265700,13472100,19621900,6758600,17195400,3515700,1449900,2610000,10821000,4000300,3716800,2123400,1326200,1109000,4869700,5852200,505800,2255100,6442300,58140000,20338000,1875600,6432900,4967300,9644600,7248800,33547100,2439000,25766800,4610600,3807800,4771500,2509900,184599900,2253900,8771100,10590200,1020100,12331300,2544000,2568000,1283400,2539900,11023000,3874900,4155100,13559100,8101700,32036600,433700,4223600,10805900,2924100,9256900,7662600,33064800,49216600,6935100,8550200,30957600,29462900,1300700,19796900,1674100,147732700,8524000,23527000,25789000,6878500,33789100,10849700,625800,3961700,5305600,3781400,12535800,3974100,580400,907500,4455800,8232300,10783100,1949800,20970100,5793500,1547800,1260300,1731000,47841600,4938000,1507900,7107100,78838600,1646600,7454600,9645000,5926700,6879300,5313900,1103600,1279200,34143200,3545300,15130300,20194300,4283300,31311200,2635500
2026-04-09,28121600,4477800,3653700.0,6198700,6064900,6802400,2562500,5373600,27126200,2940700,3273800,65964200,1047100,20514900,1996200,4768700,32008000,7232500,676700,3518500,12702100,8835400,2801900,3591200,25712600,908000,4699800,24209100,4031700,9069400,1433300,20855400,17611700,5160900,11634000,4386500,1205800,2903200,8918300,2749100,3118700,2370900,923600,1162300,2344400,5203900,405800,2134100,7686200,32576200,12664700,1614300,5470800,4167400,8648700,6674900,23739200,1797800,12503500,3002000,3191900,5078600,3434300,155609900,1551500,6216500,6586600,939500,14311000,1919000,1672100,911100,2283300,9757800,3301800,2484700,8477400,7349400,19012900,310200,2825800,6937500,2864800,8666300,5298900,30435300,43101000,7349000,6871500,35087800,24147400,777200,42131500,1538300,116428500,4289200,30407800,15496700,4339400,27047600,6794800,559700,3568200,3334100,3309700,9352700,2077300,596700,743500,2789700,5320500,5794500,1506800,16033100,4250100,1226700,2094300,1393500,41439800,5593300,1491000,5869300,62164000,1493800,5499100,5742000,4361800,4811500,3905400,702700,1040900,29376900,2771900,10496100,13853100,3956200,25868400,2439100
2026-04-10,31291500,4633200,3572700.0,11944800,7261000,5889200,1982200,6399900,36477200,2258100,3179700,56912800,863300,29958100,1991300,4829000,25225300,5118300,670700,3758900,14774200,8958000,1872000,2128000,19468100,906700,3738200,18153900,3025700,10487700,2333000,18109300,17571100,6857800,11151400,4707400,1263800,3188900,6359600,1317100,2758800,1542200,1596800,1050300,2029400,3092100,342800,2218700,5644000,28362700,15706800,1139400,3685100,4418800,7620300,4069500,19152600,1642700,11347700,3208300,1906900,5869400,2754500,98624400,1466300,7354500,6069700,686400,11081400,1153000,1958900,874000,1840200,9124700,2842200,2708600,8065300,6807400,13294800,304300,1826300,7115600,2216700,9707000,4240100,28111100,36377600,5323100,6535400,25769900,26094800,499800,58715600,1644100,160459500,5577500,26171800,10476700,4412700,27882400,9790300,511500,4027300,4412700,2927100,8427400,1828100,751300,415400,3151900,5356400,9346800,1427000,13219900,3475100,1107600,2015700,1733700,31990400,3559400,1308700,3995300,51336000,1532900,4268000,5212900,4491000,5190000,2896900,780400,985800,25248600,2418400,7946200,13894000,3515400,21065000,2384000
2026-04-13,36234700,7532500,3256600.0,11199500,6681800,6115800,2401500,5246600,22781800,2547700,2597700,42166200,1011400,24115800,2581800,4136900,27835300,5825300,929400,3612400,12228000,14416800,1820100,2339800,20060100,1173100,4704600,20312900,1611900,8639400,2255500,12390800,19997500,6714700,12000200,3541000,1178300,4836300,6790300,1559800,3580000,1367300,1712400,1661900,2606900,3755000,450700,1818700,5722600,32688600,13134100,1226300,3811500,5101500,11761100,3970200,18866400,4236200,13797400,3741200,2657300,5349600,1871600,112111000,1691000,7663600,8318200,830100,12696200,2247600,2089600,678700,2484100,8773600,3318100,2872100,6724900,9286300,9538900,345900,2489100,6795700,2039700,6357300,6282900,35745800,37015800,6111500,8361300,26042800,21236700,515900,31675400,1137700,133648200,5086700,49997700,14483200,5827800,44156200,7121400,435500,4253100,6029100,3221900,8615000,2141900,747000,780000,3429200,5249200,7449700,1499200,11847000,4731900,1372200,1778000,2590400,46751800,5208400,1828900,5844100,53617500,2078800,4630500,7972200,3799900,6787200,2772500,724400,1004600,32920900,2546900,14506600,14510600,4324300,18685600,3533500
2026-04-14,48370700,6199400,3113300.0,11689900,4629600,6307500,3162400,5353200,25733200,2106800,2887200,72685000,972800,24423000,2288700,4820900,40178500,5523000,1349700,4864000,12354700,17034700,1866300,2775200,20048700,939500,7860300,17564400,2279900,9849200,2136500,13123600,17856800,6105000,12111000,5177800,868100,3336400,9997400,1766000,2506200,1345000,1166500,1687100,1986100,2897800,510600,1825900,8853400,50232200,12330800,2181400,3530100,6473800,7920100,5859600,27721400,2822600,9596600,2882500,3155300,3777300,2684500,112796100,1973600,10318700,11455500,871300,12397600,1956500,2360200,905700,1959500,8500600,2744600,3150100,7446400,6585400,17818000,276100,2232900,8943300,1524100,12449400,8803600,37504500,52534900,9370600,6972700,40534900,22554100,535100,25132700,982800,161307000,4391000,59779800,16461800,5655800,24558900,6621600,530000,3982700,4324400,2481000,7608300,1868400,637800,615300,3303100,4995500,12167600,1176500,11104100,5339400,2263800,2455300,2304800,42173900,4537600,2572100,6604500,59979600,1731000,5495200,5864500,4703600,5571000,2830100,591300,1445500,31187400,1926700,32845600,15320800,5826400,18528200,2778700
2026-04-15,49913500,5952100,3562400.0,12657200,4433600,4749600,2382600,5925100,24695200,2140000,2129100,43045200,1044100,29559300,2542300,4397700,63838200,5933400,1005800,6993900,12030700,14738900,2764700,2696200,20614900,1886900,5064000,18045000,1828700,6592500,2346200,14340300,15066400,8660900,8661600,5125400,1553900,3180500,7035300,1672900,3294800,2134700,1036900,1375300,2565900,3019900,614000,2266900,8638400,39926500,15405600,1652500,3993700,3790500,7603600,6475600,24918800,2403900,8812900,3365200,3514500,3879500,2001800,92051500,1935100,6463500,9885800,1163900,16212100,1553000,4233400,879300,1757500,11324200,2910800,2976500,6869400,8049800,14952600,422400,2837300,7076600,1528000,7689400,9853800,45063400,40370100,9144800,9255800,38023700,31523500,547300,25835900,1044300,185338400,4907700,43010800,12238000,7684800,29648900,7698200,529400,4747200,3931200,2311400,9691500,1906300,571100,718500,4424800,5211600,10983400,1649000,12535000,3588800,1267200,2380600,2066000,33847600,3366700,2003600,5767600,113810400,1951700,4459600,5041200,5193500,4831400,2286900,793000,1459400,26230300,2276400,31494000,17001400,5267300,15626500,2209900
2026-04-16,43323100,5075400,2692600.0,27791200,4849400,5229500,2450200,5113000,64850800,1981600,1915900,41895700,826400,18872900,2018700,7089600,35206700,5853000,950300,4534000,10656900,9290300,2005100,2534800,32073600,1270600,4323600,27115800,1900800,6904300,1484300,11866700,14609000,10594500,8013200,4534600,1443900,3760400,8145900,1462400,2712700,1558200,1441400,1350000,3274100,5795200,467500,1815700,9621700,37407700,10342700,1645900,7373300,3432400,8771900,5615100,20541500,1742100,9988100,2856700,2925900,4817500,2847500,108328300,2209600,8668900,8208600,832300,11501900,1630800,2836600,853500,2374300,7829400,2967400,2334400,7221100,6754700,9544800,690000,2143800,5810000,2068100,11399900,9138100,41642400,33626400,7734300,6551400,64928300,21766300,670300,21971800,1311700,134012900,4200900,46997300,10022400,10422100,21905300,6947100,479500,4835600,3510300,2480700,8163700,3146400,505000,548200,3999300,5645500,27859500,1396300,12080400,3108500,1436000,1542000,1609600,34901900,3956100,1375100,6113400,63515100,1384000,6709000,5205600,5295700,5695800,1925200,736500,1364000,26004100,1906300,20713300,18324500,6748500,15191000,2989300
2026-04-17,61436200,8986600,4056800.0,17559900,4501400,6194200,2869800,6017900,35519900,3685900,4708600,52029300,1203700,20581700,4775500,8874900,43484700,7881200,1105200,6492900,12090100,15929400,2818800,3436500,37524000,1899100,6406300,32422000,3976200,11665700,2346500,17225700,20321900,8683700,15720600,5763200,1238700,4243400,10506200,2063100,3461600,1709800,2636600,1336100,3831100,7249300,463000,2624700,15403700,45735000,20218300,2326500,7733100,7345800,7919200,7298200,25581900,2805100,15328000,4930400,4071900,5671500,4881700,118831500,2720700,8946300,11082400,725400,15033900,3012400,3266100,1701600,3773400,8465400,3617200,3225500,10896300,8240800,16283500,581200,4950500,9420400,3800300,16194900,6846100,48568200,33405000,8148800,6796000,125958700,31290400,745100,17754600,1546100,160324400,5151200,45282600,24183800,7799900,30080400,10886000,728900,4432800,5646100,3694400,9667600,5460400,513000,865300,4777200,8133400,20191300,2683300,20594600,4894100,1345900,1679500,2477900,35023800,5190300,1988100,4800700,90640000,1792400,7091700,9414700,5506200,8082300,6989100,960100,1025200,20004700,3276100,24033900,24763700,4096700,28947400,6170600
2026-04-20,36590200,5774300,2768700.0,9412700,4626800,5250000,2646000,3747500,34833900,2107600,2778700,39463100,907500,16922000,2280600,5014500,43999200,5372200,638300,5147000,16505600,10151800,1454100,2395000,19133300,1271600,5106900,22174000,2071100,6124700,1475400,14382300,16695600,7439700,9661100,3029500,919900,5271400,6423400,1579000,2710600,1373500,1159900,1607600,2222700,4408800,373300,2416200,8530600,26029000,12297800,1161000,5315200,3871200,7265100,3958700,18784200,2374300,23299600,3260900,3217800,5157700,2752600,96851100,2442700,7810500,10772000,623100,10141800,1717500,1926300,1722000,3852000,5989900,2503500,2395200,9660700,5552100,12534000,311300,4672700,5967300,1417400,7392000,4905200,27582200,32013600,7734800,6391400,63298300,19003100,787900,20306600,1370500,119381400,4092300,22330900,11503600,5731000,25023000,8084700,399800,2858600,4324800,2119600,7953800,2381500,493800,611700,4988200,6581800,11271600,1314400,15347100,3020300,992900,1479200,1158700,30509400,4062200,1437500,4571100,64603900,1384300,6123300,9050600,3639300,5506800,3302100,556900,789200,16608100,2124000,14240500,18933600,4041400,16354400,3798500
2026-04-21,50209800,7772100,3310400.0,17164300,4203000,5779700,2451000,5414900,38950900,2066600,3564000,42922400,969100,16275500,2916800,7566300,34266300,4282700,673900,5919000,26846600,8081400,2293500,3552000,29166000,1975000,5367100,37226100,2714200,8138900,1367100,12073700,18653400,7442500,9799000,4344100,632000,7862900,7784500,2081200,2842800,1010400,1109800,2102100,1706400,3480400,507400,2022300,10099500,32210000,17092800,1484800,12891500,6070300,7102700,5355900,23123800,1765400,20598000,3081000,4895100,5584900,3103800,91402300,3379600,11681200,7084300,676100,11806900,1544400,4062800,1603500,2493200,7830300,3444900,2708100,8519100,7301900,8660100,504700,7233600,5723400,1466600,12769500,5154900,32048500,27734000,8625800,8551700,61962300,22194000,1632000,24147900,1941200,107945300,6721100,39638000,15402500,6357300,29833000,11197200,576300,4323300,5147600,1807200,11874600,2299800,707400,695600,7489900,4564200,12842800,1490000,13591200,3693800,1365400,1535600,1690500,44489400,3236600,2141400,11135500,50530600,1165800,6833300,26097300,4082200,6806900,2685200,592900,986900,28978400,3664800,17387300,17312400,3847300,17515900,3728200
2026-04-22,43249200,7646200,4081800.0,11984000,4081800,7111000,2124100,5268100,49054200,2136100,2269500,36065100,933000,23702500,4339800,15779500,24097600,9374700,550900,5720500,40404700,10439100,1628400,2920100,17360200,1357900,4342800,25222700,3393800,6562700,1215200,14565900,16986100,5148000,8708300,4908200,796500,5904700,6886600,2001200,3053000,1404800,1083600,2997300,2261800,4856300,519900,2683000,6850000,23958300,14213100,1340600,12777700,6695800,6548000,3170200,20293000,1382600,16573800,2855800,4470200,12190200,2239000,90267300,4437800,9003400,5545900,684000,9352300,1554600,2623800,2289000,2256000,9803300,2288500,2845600,8901100,5639800,9215600,477300,4583000,7849000,2240700,8037500,4492100,29378200,45998100,9477100,6414600,33694300,17985200,1304900,35714800,2319400,107501000,5461600,32448800,9488300,5921300,35246800,7236300,750100,3612600,7747200,1945500,9432700,2360700,901900,405300,8513900,5730100,10798300,1309500,14433100,3774600,1186100,1287600,2328500,59711900,2582000,1801700,9919600,62362800,1246500,11463100,11807300,3634500,5666600,2294500,656400,734200,22129500,3522500,13724200,17624500,4474400,13738700,3514600
2026-04-23,33399600,7461100,3189300.0,13008000,7387200,9617000,1898200,4420800,45619700,2033400,2433900,39091400,869200,19501600,4580600,8087600,31956300,6009900,538800,4749100,31271600,9084600,2601800,3865300,21057000,1694500,5358800,46477900,2655100,7958100,1570700,22719900,21156700,9017500,6684700,4060200,919200,10185100,6147000,2743200,2624800,1330100,796500,2778300,2660900,4624100,563800,2912100,5834900,30844500,38773500,1463400,8591100,3870900,7313700,4741500,18650300,1655000,14121300,2712400,8019200,22297800,2593800,155141800,2889700,7097600,6969700,928500,12060300,1716400,2149200,3212500,1775800,12269100,2724000,3064300,18143200,7642700,11667000,349100,5138200,7525800,2249300,6826300,3814400,38308000,38178000,17524900,8990300,36851700,17457500,1386800,84103100,1990800,113561800,3660600,37084200,9731200,6077600,38718400,11288800,615400,3799800,6402500,2287100,10164900,1976300,928700,507200,6289400,4515300,17899600,1190200,20598000,3528400,806500,1291400,1248400,47337900,3179100,5729400,6622400,93969500,1587900,25659100,7255800,4422800,7275000,2361700,605400,777500,22750200,2332900,13906500,16376000,5379100,12970400,4532800
2026-04-24,38157100,7605800,2705500.0,12802000,4568800,6492900,1904700,6159600,81616700,2201200,3065000,53777400,744100,22491100,2968100,5732700,30265400,6320600,365900,3857000,17691300,6835000,2253900,2893800,17360500,1594700,5604000,65543100,2347600,10968300,1695200,10817600,18969900,7374300,9626700,2931000,1102600,6410700,5974500,4627500,2399700,1125000,1220100,1630600,2455200,2985900,610000,2490300,7274600,35043500,17741600,858800,9672300,5966000,6342000,6123400,26426100,1263300,14361500,3255900,4607600,9816900,2975100,281405200,2655200,6067500,5215300,1143100,12008700,1486800,4463700,3089200,2098400,12313200,2406900,3847800,11341200,10095600,13348300,235400,5931000,9523100,1523600,7060000,4530600,27457400,35379600,9761900,12367500,32553200,15885000,1041200,39011800,1260200,214134400,4133500,33215000,7851200,5364900,42500200,13786200,447600,3265700,5095800,2434300,29449600,1743300,809500,884900,10505100,6092500,11670500,1692900,23294100,3086500,1045900,1781900,1675300,30600900,3981400,2684400,7753500,62893300,1101500,13943600,8554600,4168000,5616900,1666200,699400,1128100,26602300,2272100,15419600,16016300,3949300,13735900,4185100
2026-04-27,41466800,7467600,2251600.0,15203900,4411700,5067700,2723300,5663400,50585300,2653800,3046500,44906800,897300,17451600,2553000,4402600,28043700,5734300,532500,4888000,17643100,6155900,1986700,3145900,18879800,1467900,4414200,31684600,2009700,12215400,1620400,11907000,13810500,5735100,10836600,3446800,1035200,5322900,6524300,1944100,2322600,1833200,1285300,2502100,2595300,2388700,589500,2463900,5252000,35098200,15199300,1061600,5213300,8170300,6082200,8322700,28576900,1223000,14331800,3282900,3615500,8060700,2956900,178820200,2028000,7897800,7925300,1119600,15812200,1773700,2700300,2111400,2854400,8095400,2531300,4985000,10126700,6593200,12805200,516200,2991000,7924900,1883200,9133600,4163600,30867300,41298800,7773800,7176500,29707400,14583100,932200,32789100,1414400,187172400,4742700,21616600,7552000,4077000,34764200,9166400,453900,2823500,4617200,2771200,41744000,2465700,603200,708300,6511700,5311600,8399200,1836900,17070400,4224000,1399000,2235200,2022700,32633700,3799500,2280000,8403000,66735800,1532900,9962700,7256100,6570600,6261500,2299100,1164400,967000,37920100,2114000,20114400,17029500,3892000,13940800,3160300
2026-04-28,40018900,6313100,4225600.0,11550800,4426600,4641700,2367900,10396200,43002500,2376400,4484600,42204400,771700,25519200,6101400,3807800,21164100,10931200,424500,4902400,16900200,9585300,1875600,2818400,15692200,1800000,5568800,23549000,1805400,7241100,1776000,8711700,16889300,8307000,10754900,4394000,894800,5048600,6409300,2936200,2167000,1715100,2145300,1759500,1779300,3589700,807100,2483900,4205700,44278000,14754700,1210100,8417200,5940300,10468000,15041700,27824100,1501600,11335700,4279300,3796900,5162900,2772000,147773500,1836400,7179800,7398600,1339800,30710700,2743200,2561300,1456100,1701000,11499500,3892500,4087100,13219800,11613700,10606800,607400,3726200,10257600,1924700,7157600,4107100,30438100,44816600,7245100,9791500,33418100,12426000,585900,20990400,3584700,180275400,5219300,33716500,12734600,5174300,58079000,7965700,525200,4046700,4067100,2828900,22921300,2130100,569000,569100,6115800,10383500,9259100,2439800,13619300,3949900,1410100,2492300,2017600,30377600,2841000,2243000,11088200,50864400,929000,8369400,10604100,12540100,8839900,2528300,1296000,808500,28369800,2974900,14826700,16341800,3790500,15173600,2972500
2026-04-29,30047900,10406300,3486600.0,9010500,5171900,2664500,2912700,5116400,44704400,2516500,2775000,72367900,984000,15962500,3136000,6377700,26250700,12303600,398100,3175600,20669100,12796000,2566300,2884100,26210400,2120400,4280500,31883500,1956600,9676900,1516900,6882800,15427900,7609600,8644600,7278700,872400,5932600,5533700,1934700,2322100,1326600,1560100,2568000,2866400,3099500,673000,1932500,10641500,48672800,11444700,1316500,9819400,5048300,8412000,9250200,35376300,1725900,11840800,4150000,4502600,6443700,2794900,235070900,2059300,7071100,8031800,1092100,18294700,1440000,3904600,1619200,3205400,9585300,5876700,3493000,12902700,14591800,18947500,552300,3757600,12059600,2686000,9769900,5107600,38288300,36248500,9091700,7302100,26122100,13329700,683900,18646600,1633200,123711800,4855100,20587500,13771800,4047600,29969700,9002400,722900,3526200,3779300,3756700,37571200,4313700,1835000,500200,5037900,25449200,8328300,2095400,13346400,4647500,1049800,1845000,2936500,22790600,3545800,1387200,9878300,45384800,1028000,7821400,9046600,6216600,16658600,3673500,2056300,1059500,24195700,3651400,19930700,16538800,3719000,14669100,3395900
2026-04-30,91848200,10319200,2857300.0,19655500,6033700,5129100,3691300,7050000,42115300,3592600,3006400,100974900,2304900,21821600,4587900,4841300,27089200,8644800,573100,5109300,21709400,12127700,5203300,3094700,28026900,2412500,7495400,41994900,2508700,11948000,2049300,14408300,21686700,8332100,11748600,8054400,1562300,5142400,9203500,3230800,3799600,1790600,1413300,1730600,2736900,3809500,1077300,3251000,19253300,80557900,16181400,1941000,7603400,6660000,9019900,11020300,72040000,1880300,13242800,4317900,4128600,6283300,5847300,160597300,2000300,8157200,8865400,1890600,15142200,3036800,8236700,1588400,2958900,10381100,5975100,4137700,9342700,10111200,52765000,901700,5017900,24768800,2356700,17131200,5664900,70909400,36554400,17551200,8294500,40923000,21679500,649600,22152200,2314300,225239200,7824200,21016400,12990400,7065100,39082900,9491700,2029700,3859500,4813500,3613300,61132700,5219700,1096500,661200,6224400,9485900,12560300,2165700,13798800,8323500,1394400,1675100,2754300,44640600,4613200,2161200,5092200,51076000,1430800,11066700,6879900,6091200,11241100,3529300,1611300,1121100,34708800,4137900,13535900,19867700,9105500,22885900,4297200
2026-05-01,79915400,6343100,2527900.0,12860900,3708700,5068500,2390100,4586500,34279200,3821100,1943200,50825200,1028400,11882600,2385600,3494200,24825000,5444300,471100,4818300,18311900,10616500,2376500,3292600,21981200,1520000,8932900,28829300,2019700,7784300,1509700,12324400,16095700,4941900,10435900,6257900,802600,3880000,5956900,1206700,2578900,1250100,978300,763200,2759800,2618700,658200,2478400,7146100,52880500,14899700,1071000,3782900,5517000,6922800,7161900,30105200,1359800,9614300,3865300,2988200,3582100,3222600,158502800,1461900,6863600,6135400,789200,12610400,2578300,4352400,1403300,1879500,8094500,4531800,3761800,8062800,6479700,21404000,457900,2757900,11813800,1841900,11953700,4742700,31372400,40215300,7106200,5126700,30406900,11562800,647100,22911800,1227600,128647000,4658200,26318000,13859600,4447300,29318700,6814800,1608000,2842100,4217100,2431700,21111500,2599800,729100,665900,4494800,6362300,8532600,1378300,9711100,7189300,1014400,1057800,4519500,31493700,4125500,1425400,3451200,65338300,1042200,4494300,4945400,4225200,6726100,2480400,970100,796900,24123000,2480600,14632700,10480900,5345900,15458200,3204000
2026-05-04,46668400,4579300,3160400.0,14722500,6087200,5536900,3314600,5062300,42000200,3481000,1625500,49083700,1154000,15140400,2692000,4860900,42929000,5568200,424600,6895400,13975300,15027900,2669900,3064100,31850900,1598000,4628000,24758600,1700600,7793500,1479400,8444700,12684800,5375700,8229500,3883900,799100,4532200,8400100,1700000,3365800,1429700,1726000,1052300,3316600,3331600,485500,3298500,6900500,51014800,14777200,5025200,6133100,5880600,6442700,7765400,26298600,1660100,7266600,6396100,2822000,4003100,3988100,119294000,1797600,8215200,7338200,791600,12672400,2406600,3696900,1370900,3578500,6497400,4419900,3750500,8362100,6280700,16203900,679200,4053300,11334200,2316800,7659100,3833000,28066500,46043700,6806600,5699300,25928800,33272400,708100,21863500,979600,125368100,4361000,33504500,10361600,5330800,34583400,9642800,1167300,2480000,4461700,2368800,23117400,3080700,554100,964700,5081300,5487700,7005800,1942100,9888700,6040600,850600,1507100,3089800,23439500,4047000,1815700,3239500,48765100,2046300,5525700,4916900,18538500,6712400,2844000,1427700,1418900,18080100,3875100,12968800,10340700,3550400,14238500,3211500
2026-05-05,49311700,4490500,3118000.0,17193400,5134500,3952500,4078200,6321100,64235100,3321400,2244200,41908500,801000,21175200,2658400,3852100,28458600,8002100,541500,5372700,12544100,13566900,2581100,2755800,80404400,1840300,5109500,31384300,1949200,7258300,1456300,9740800,13456200,7304700,5642800,3332600,906100,3806100,14314700,1943600,3994000,1400900,1145200,1358700,4138800,3985900,385800,6876500,10023500,42262100,13861100,1840800,6401100,6152400,8725200,5115800,23878600,1507200,6559200,6391400,2655200,4221900,4650500,198482000,2952300,5556700,6316800,1194100,11637500,1902800,2955500,1365200,2745000,11884000,4216700,4007100,11012100,8347500,17171300,498500,3386100,10730000,2500200,7910400,4807900,25700900,64268500,7187400,4722900,51961300,18589700,923300,22756800,1398200,113406600,3611700,23497200,9435100,6200100,57656100,7664300,724000,2091200,4305100,1687800,34274900,1776500,642700,1864800,4721200,6458500,5784300,1480800,7547500,8315900,967600,2254800,3454500,24482400,6108700,2045900,5400600,47780600,1310300,7295200,6489000,7129300,5893200,2829500,676600,1905900,15148100,2666500,11379900,10637300,4959300,12494600,3355900
2026-05-06,58336100,7290000,4379800.0,12456300,6813000,4452100,4245700,7241200,87732200,2874400,2116000,44552000,877700,20707000,2933600,7166900,27541200,9043500,662600,5698900,18680200,13363800,3010600,2535700,50805300,2579100,5768000,30097200,2168700,13180800,2619100,11303400,27026600,15185200,11082900,5139400,983200,5983300,23219500,1625700,5947000,2845400,1691300,1177600,5843800,5781900,545400,3289700,11530400,52111200,17655500,2274100,9168300,6351200,13677800,5434800,31308500,2318200,11972500,5455900,4297300,7673200,3104400,157320100,1982700,7982300,8629500,1340900,14060300,2289300,3921200,1590400,3095200,14788600,4363300,4807900,13764100,6020000,19915500,410800,4910100,11135600,2664500,7256100,6319500,30285900,55725800,8242900,7103500,41932400,19406700,772400,23117900,1220200,188362800,5081400,27685500,20697300,5296600,40357100,9399500,910300,3322000,4558800,2379200,30145000,3681000,739900,1181400,6099000,8665700,6883300,2628300,12937000,6337100,1129900,1978800,3033300,34338900,7664700,1861500,5754100,53465400,1850700,10183200,6695500,7358700,7808400,4444300,875800,1203200,19336400,2328800,14347500,16371500,6705500,20527000,5274400
2026-05-07,45224300,6681100,7248300.0,13272900,6330000,4479900,3107200,7741800,44885500,3296900,2589500,35892900,1216400,22791700,3350500,8489800,28682100,8120900,477200,5899500,25541300,18802300,2957300,3134000,26335100,1201000,5012800,34373800,2364000,10356600,2014000,13955100,17062300,9388700,12194000,3190800,828800,4481900,14309200,2483000,3296400,2215100,1860100,1410400,3937800,5807900,443800,3590000,9412700,38986700,18316100,1580400,5477800,8901000,10249000,6735000,24433500,1715300,12617500,4411700,3573100,5485500,3549700,122699900,1563000,7269700,8359600,1241600,16531400,1937600,3494900,2056300,2174900,9704500,4964100,6613800,15859600,5462600,12307400,508600,2764000,8693400,2458100,7329000,5761900,34942400,47527500,9681800,7962000,30627600,17177700,841500,27960700,1766900,168307900,13525000,31803200,18219300,4464000,48346000,9545800,757100,3902300,4316200,2477500,51092200,3989500,774600,1108400,5658900,9179300,14792000,1828200,16615500,6068000,1409500,1840700,2648700,42986600,4674100,2533600,3540100,64294200,1901200,7017900,5235400,5808700,7186100,3826200,792800,1112300,18839600,2732800,19094800,14935400,6154900,22509400,29922900
2026-05-08,52692800,4915400,7842900.0,10913500,5696000,3667500,2660200,8165200,58134900,2443200,3510200,34732700,607200,22561400,6802200,7525300,36111200,8861000,490600,5225600,20841300,17505500,2030300,4123500,29526400,1659200,4435400,36599400,2308700,8009500,1805200,15123900,24652500,11162700,13053000,6031800,896900,5846000,8370000,1376700,2585800,2738200,1869300,1305900,2534500,3593600,428700,2386900,5518000,38453500,12202700,1369700,3952200,10250100,9943700,2950300,21461800,1665000,9047500,4995500,3731700,5332800,2952900,227681300,2402300,5550600,9464300,1289400,12447200,1686200,3559200,1293800,1746300,8996700,4143400,6044100,18857300,6472000,13557000,337000,2566000,7335000,2574900,5725100,5873400,33383800,65130900,6230100,5292500,36215100,17357100,742700,24699000,965100,136421400,7270800,21158300,12962000,4934400,38903400,5741000,753900,3267100,4631700,2917700,37850000,2295600,589000,1063100,6277400,4538300,9954000,1249700,10534100,4466400,1081600,1975100,2136100,36012900,4908200,3905600,3965900,65050000,1756100,8881500,6455100,4780800,5950200,3408800,1022400,953300,16349800,2734400,31062100,15183700,4559400,19550100,17187000
2026-05-11,42247300,4931700,5172800.0,16460500,4624400,3225800,3179200,8324000,46085400,1918800,2456400,38176700,781900,16825500,3081600,6267000,33132200,10544300,587400,4290700,21607600,11377100,2811700,3640500,37239600,1695800,4398400,35016100,2607800,6200100,2053500,11145000,31852500,12024400,12042100,5559500,907400,7378300,10562300,1295300,2256300,2373000,1654100,1947400,2487500,3366600,679400,3724700,6027400,48850800,14852300,931100,4562000,5385000,13603500,6366900,30753700,2411400,7402400,4335700,4454000,6677200,2886900,179486500,4032900,6223200,9512000,1212900,10967900,1769200,3517500,1363600,1948600,9150000,3959400,5849000,19625200,7087400,15940600,466300,3319300,10608300,2429100,7750600,5272500,35657900,70972900,7233800,7051100,40556500,24863800,667400,21402900,1612000,160685800,5683200,16890600,13719800,8373300,43558000,7489500,687200,2685800,7016900,2432400,45474000,2208100,1227200,888400,6524100,6499500,9542700,1787000,9513600,4434500,1895700,2201900,2619800,37447600,5770500,3952900,4476600,78376100,2061000,9347300,6949600,5328000,9586200,3045500,928200,1264200,18560100,2631900,25403900,18699200,8070500,14849500,15641100
2026-05-12,45748100,7044100,4419900.0,16392500,5451900,3234000,2756500,9319400,39140100,3119100,3384000,36776200,925100,19004300,2275500,7041000,33518800,6892500,484400,5622300,15917800,9937100,2348900,3809300,30772000,2291500,4995100,33690600,3198700,6875300,2143200,10214000,28810800,12802600,8995100,4791500,1264800,5417200,8178500,1894100,3337900,2134000,1625400,2376200,3433300,3675100,464100,2953100,7918900,42165300,14477500,996300,4393300,6034900,9720400,5272400,26017500,2236500,13150000,4225700,3590600,6045200,2810400,172516500,2351600,8632500,9498200,1029400,19883100,1430400,3037500,1163000,3269900,9341800,3296000,4366600,12828500,6609400,11351600,481600,2798600,8349400,2669200,9117400,5333300,38594200,73743000,6922400,5756400,43556600,21271300,684900,22354600,1626500,159176600,5549500,22123400,10639200,6250700,26819500,9051200,827500,2564000,7866900,3256900,38590100,2258900,824300,666700,5604900,6366000,9489900,1721700,10046800,4511500,2019700,2212000,3371300,33454600,5317800,3055700,4174800,60569300,1785600,6431000,9236300,6197700,6235200,3387300,900200,1398000,18131900,2931800,21003400,17935400,9548100,16443100,18430100
2026-05-13,52684300,5705700,3440900.0,11826700,13901900,3870200,15607600,7839400,30423400,2183800,3271000,39670900,1149200,16981200,2967000,7438700,29838000,6829800,823200,4432500,17994200,7207100,1957100,5158800,23074100,2224300,5590700,33453200,3523300,5977100,1654600,11951900,45241600,12552700,7554700,6126600,961500,6526600,7605900,2075600,3404400,2184200,1757200,3160000,2964600,2594800,625800,2316800,9424600,216261200,17112400,1577800,4219900,6666700,8921300,8101600,28144600,2355200,7656200,6307800,3354100,8361200,2097900,115364400,1996700,7464500,7709500,938100,12357000,2359000,3486400,824600,3080200,8633100,3322800,3451000,12894100,10031900,14634400,521500,7625900,8313100,4157600,8110500,4463700,29667100,54875100,6775700,6766000,30823500,21325200,568100,22107000,1351600,150405400,6456300,15789300,6925400,5524900,39420000,6685900,675200,3062800,4887000,3347000,26226300,2014900,879300,732700,6144100,8638900,9299800,3838000,13672100,4944400,1310200,2603800,3800300,34609700,6416100,2801200,3584100,68283200,1660500,7546500,8454100,5029800,7950400,2240800,1229100,1194200,21212800,3465800,16343900,13786600,3867900,15772800,13085600
2026-05-14,35324900,5006500,2656200.0,11018400,8723100,4991700,6382500,14936200,26113600,2041600,2922200,31338400,1416300,19733800,3240500,17761100,37671800,5678600,502200,3375100,14595100,8226300,2095600,3610300,22758000,1409800,5607800,31812300,1576800,5316400,1606600,9749400,70932300,9299200,6222400,3167400,1056300,4208600,6144600,2753200,2483100,1107100,1587600,1720700,2088500,2771100,479600,2011900,7031900,187021600,12618300,1448800,4686200,4533200,10728500,8035000,21136700,1898000,6824000,5072600,3377700,5906200,1989700,118279800,2171900,6974400,7364300,810000,10642000,1969000,1751700,856600,2142200,6404900,2584900,3428200,6977400,5913400,10651200,353700,4105600,8674800,2009500,5284200,4785000,27077500,42142700,5438200,4529700,29408300,19146900,524600,25571500,1012600,180782900,6052100,22545000,8768400,5022200,24102700,9636200,544700,2484000,5355100,2186000,24883900,1662500,767200,580900,6421600,9941400,14178800,2588400,5192600,4786900,1430600,2238200,3178200,32683600,7764800,2100300,5650300,46070400,3667000,5767800,5342500,5443700,5277400,2192600,850700,1088200,16585100,2901300,19388500,14200400,4269500,11331500,8714800
2026-05-15,54862800,5385000,2800400.0,13208600,4996700,6421200,9225500,12768700,29131600,3447700,4632900,40770300,1244800,18957100,2649600,9479900,46282300,6777000,456400,4680300,14843300,7762100,2907900,3732800,22806400,2177800,4862400,33033500,2216500,7059500,1967000,13883400,38519600,8798400,11210800,4678300,971200,4054000,9258600,2569400,3832100,1768700,1842200,1972800,3173400,2996000,453700,3253300,9505000,108272300,15462600,1162800,5022500,6640700,11269200,8477500,20309700,1862700,9228900,6121500,4464500,6154500,2191100,135206000,2375100,12167000,8699300,980400,17527200,2157300,2820700,1299200,3019300,9643200,3416500,3866400,9445400,8000800,13272600,554400,5276200,10383800,2156900,10028900,5937700,50771200,48519000,11418400,11118500,32335700,26172600,648900,34569700,1346100,180977600,5294900,15747100,16712300,6230600,37110100,6989400,677500,2970100,5383200,2066200,25876800,2114600,728000,870500,7694000,6463900,14262000,3849800,10566800,7820600,2152000,1600700,3594900,44236200,8988100,2037800,7967900,52688700,1959500,6661600,9811200,5567500,6054500,3125900,954700,1288900,23356600,4531000,16479000,25323000,4702200,27882400,8952000
2026-05-18,34483000,5069000,3739500.0,12347000,5367600,5591800,5462900,8265000,28432100,2030100,3242300,33690800,1133800,17863300,2274200,6568200,33404100,6976300,458200,5030700,16769100,8770600,2720500,3529300,27417400,1375000,4650000,34687900,1913100,5805200,2295200,13671200,24763500,7208400,9869700,40094600,848400,4955100,9037200,1810100,2865500,2291800,1542000,1508400,2107200,3156300,423200,2862900,7059100,69708800,14798200,1417900,4696200,5182200,10506100,5651700,26837200,1508000,12099000,6366100,5846700,5946400,3265400,145764000,2119600,10141600,7546300,946900,12375500,1881300,2016000,1382800,3713800,8562200,4076600,3969300,10149000,6207100,13772400,572100,5520500,6040100,2032300,8047200,3770200,32564100,60042500,39950600,7727600,35800500,18694900,1286200,51220700,1350600,146280900,5333300,19114300,12276300,8799400,34111300,7731200,583800,2980200,3770900,1984000,21082500,2637900,2996600,698800,5627400,6587800,8266100,1897200,11461700,6781000,1815000,1741000,3515100,38981000,6911700,1908500,5029900,52474200,2339700,6513100,8400700,6396200,5305800,3255600,984400,1451000,25427400,1992200,16934200,17183200,4971700,20065200,8848300
2026-05-19,42243600,7220300,3795700.0,11693500,7191600,5854400,4494500,8418700,38756900,3040400,4659700,40340700,843000,20652100,2918400,5355300,44154600,8389800,1024100,5599900,22605200,11092200,3239700,4051200,29209200,1259600,5664400,33394200,2129600,6029000,2853300,17510800,32525500,12935800,11819200,18275300,1027900,5744100,7032600,1483500,4381600,1521400,2791700,1607600,4044400,3109700,482700,2951900,6265800,41418200,12142700,1572200,5239400,5009000,10903400,6995600,39545700,1767300,9072400,8692500,5105500,5937800,3486300,150234900,2799100,9677900,8066900,1117000,16595200,2104800,3796000,1107600,3343900,8308600,3378300,4087500,7350400,6716900,11749900,852000,4629300,6180000,1770700,7555400,6357900,33018700,61792100,25749400,9509000,34545700,22957900,829500,55624400,1332100,140948200,4300900,16717700,12682600,10093900,41036700,8355800,660000,3523000,5743200,2842200,19605200,3669000,1445100,777800,5578600,5265800,8681800,2147000,11605500,8408500,1402300,2882700,3575800,39383400,8732600,3418500,3606700,46500600,1784800,7296900,5016800,5199500,12858100,3842000,1497600,1219500,24593800,7048700,18649800,16957100,3642800,20715600,7295300
2026-05-20,38229800,5129000,6548500.0,7834400,4239100,4789600,5812900,6888400,36137500,4074400,2812700,34933200,1668100,16312600,4577100,7708500,47739400,8111300,760400,4647500,15398800,11182000,2415600,3290500,49192600,1291400,7058000,33277100,2859800,5665700,2223400,13025300,26154800,7886200,14564900,12506100,1441200,4158800,7941400,1474400,3988800,1488900,2028600,1539600,3295200,3499700,496400,2684600,4628300,42349000,12015900,1419400,6098400,5571000,8140600,8069100,31744400,3104400,12885600,5810900,4027000,4873400,3770400,165086900,1737900,7353800,9327000,900000,16999700,2049700,2998800,1018900,6111600,8574200,3615700,4056900,10871600,7100800,11329700,646100,3873100,8020400,2210100,9130600,7201100,27864000,48827400,15748800,7543900,23463400,27060200,966000,30037700,884300,184201600,4749600,16517200,12476300,7425800,35574200,8375600,790400,2834800,6328400,2240000,19037500,6644000,1165600,725900,6634800,6632500,12827800,2727300,11128300,5306800,1152200,2084800,3020300,40363800,9371800,2851600,3836700,45294700,1859200,7660700,7783900,4792500,9422500,2959500,1202800,1784800,16714600,5114400,14695300,28471600,4506200,18509700,7404700
2026-05-21,42965100,3813800,4173600.0,8524200,3514600,4131000,5244600,5682900,27252000,2001000,2929200,36591700,1273000,16865300,1992700,6412800,27461900,7470500,624700,3294000,12841400,6834900,1860700,2863000,34181800,1158400,4645500,27771400,2443600,5754500,2149700,10949100,22700600,6479000,9051200,9778500,3212500,4237800,8611200,1774800,2205900,1331200,1471900,1254000,3638000,2494500,535000,1933700,7847200,72523100,10184500,939000,4928300,4920800,8346600,6362600,24852800,2452300,11767200,4516600,4732500,25707800,4174900,102452500,2088400,5239000,7874400,820500,15708400,1655700,2705200,1639700,3267000,9162400,2474600,5116300,8596100,5378000,13476100,501100,2834400,6477000,2624000,7402700,5817400,31393500,42461500,12490600,5300500,28613900,18428100,799100,26474000,998300,203381800,3807500,12119700,14021500,6123100,20181500,6297300,733000,2789600,3644000,2718200,28163700,3395900,1178500,521300,3596300,8342800,8077900,2113900,18027000,3741100,1143300,2062500,2890700,35792600,5855000,2012700,3774400,42636900,4202700,5663700,4732500,4478400,7034500,3610700,701500,1395200,15841900,4191500,9433400,53006600,6243200,17061700,8564800
